Data rilevamento;Ora;Id Rete Monitoraggio;Codice Istat Comune;Progr. Punto Comune;Denominazione Stazione;Id Parametro;Descr. Parametro;Id Un. misura;Descr. Un. misura;Valore;Stato
01/01/2015;01:00;13;001272;805;Torino - Rebaudengo;04;Biossido di azoto (NO2);23;microgrammi / metro cubo;83.0;V;
01/01/2015;02:00;13;001272;805;Torino - Rebaudengo;04;Biossido di azoto (NO2);23;microgrammi / metro cubo;87.0;V;
01/01/2015;03:00;13;001272;805;Torino - Rebaudengo;04;Biossido di azoto (NO2);23;microgrammi / metro cubo;82.0;V;
01/01/2015;04:00;13;001272;805;Torino - Rebaudengo;04;Biossido di azoto (NO2);23;microgrammi / metro cubo;73.0;V;
01/01/2015;05:00;13;001272;805;Torino - Rebaudengo;04;Biossido di azoto (NO2);23;microgrammi / metro cubo;71.0;V;
01/01/2015;06:00;13;001272;805;Torino - Rebaudengo;04;Biossido di azoto (NO2);23;microgrammi / metro cubo;82.0;V;
01/01/2015;07:00;13;001272;805;Torino - Rebaudengo;04;Biossido di azoto (NO2);23;microgrammi / metro cubo;75.0;V;
01/01/2015;08:00;13;001272;805;Torino - Rebaudengo;04;Biossido di azoto (NO2);23;microgrammi / metro cubo;63.0;V;
01/01/2015;09:00;13;001272;805;Torino - Rebaudengo;04;Biossido di azoto (NO2);23;microgrammi / metro cubo;65.0;V;
01/01/2015;10:00;13;001272;805;Torino - Rebaudengo;04;Biossido di azoto (NO2);23;microgrammi / metro cubo;56.0;V;
01/01/2015;11:00;13;001272;805;Torino - Rebaudengo;04;Biossido di azoto (NO2);23;microgrammi / metro cubo;76.0;V;
01/01/2015;12:00;13;001272;805;Torino - Rebaudengo;04;Biossido di azoto (NO2);23;microgrammi / metro cubo;83.0;V;
01/01/2015;13:00;13;001272;805;Torino - Rebaudengo;04;Biossido di azoto (NO2);23;microgrammi / metro cubo;90.0;V;
01/01/2015;14:00;13;001272;805;Torino - Rebaudengo;04;Biossido di azoto (NO2);23;microgrammi / metro cubo;93.0;V;
01/01/2015;15:00;13;001272;805;Torino - Rebaudengo;04;Biossido di azoto (NO2);23;microgrammi / metro cubo;86.0;V;
01/01/2015;16:00;13;001272;805;Torino - Rebaudengo;04;Biossido di azoto (NO2);23;microgrammi / metro cubo;85.0;V;
01/01/2015;17:00;13;001272;805;Torino - Rebaudengo;04;Biossido di azoto (NO2);23;microgrammi / metro cubo;95.0;V;
01/01/2015;18:00;13;001272;805;Torino - Rebaudengo;04;Biossido di azoto (NO2);23;microgrammi / metro cubo;98.0;V;
01/01/2015;19:00;13;001272;805;Torino - Rebaudengo;04;Biossido di azoto (NO2);23;microgrammi / metro cubo;123.0;V;
01/01/2015;20:00;13;001272;805;Torino - Rebaudengo;04;Biossido di azoto (NO2);23;microgrammi / metro cubo;109.0;V;
01/01/2015;21:00;13;001272;805;Torino - Rebaudengo;04;Biossido di azoto (NO2);23;microgrammi / metro cubo;107.0;V;
01/01/2015;22:00;13;001272;805;Torino - Rebaudengo;04;Biossido di azoto (NO2);23;microgrammi / metro cubo;100.0;V;
01/01/2015;23:00;13;001272;805;Torino - Rebaudengo;04;Biossido di azoto (NO2);23;microgrammi / metro cubo;107.0;V;
01/01/2015;23:59;13;001272;805;Torino - Rebaudengo;04;Biossido di azoto (NO2);23;microgrammi / metro cubo;92.0;V;
02/01/2015;01:00;13;001272;805;Torino - Rebaudengo;04;Biossido di azoto (NO2);23;microgrammi / metro cubo;82.0;V;
02/01/2015;02:00;13;001272;805;Torino - Rebaudengo;04;Biossido di azoto (NO2);23;microgrammi / metro cubo;76.0;V;
02/01/2015;03:00;13;001272;805;Torino - Rebaudengo;04;Biossido di azoto (NO2);23;microgrammi / metro cubo;67.0;V;
02/01/2015;04:00;13;001272;805;Torino - Rebaudengo;04;Biossido di azoto (NO2);23;microgrammi / metro cubo;68.0;V;
02/01/2015;05:00;13;001272;805;Torino - Rebaudengo;04;Biossido di azoto (NO2);23;microgrammi / metro cubo;70.0;V;
02/01/2015;06:00;13;001272;805;Torino - Rebaudengo;04;Biossido di azoto (NO2);23;microgrammi / metro cubo;69.0;V;
02/01/2015;07:00;13;001272;805;Torino - Rebaudengo;04;Biossido di azoto (NO2);23;microgrammi / metro cubo;84.0;V;
02/01/2015;08:00;13;001272;805;Torino - Rebaudengo;04;Biossido di azoto (NO2);23;microgrammi / metro cubo;86.0;V;
02/01/2015;09:00;13;001272;805;Torino - Rebaudengo;04;Biossido di azoto (NO2);23;microgrammi / metro cubo;87.0;V;
02/01/2015;10:00;13;001272;805;Torino - Rebaudengo;04;Biossido di azoto (NO2);23;microgrammi / metro cubo;93.0;V;
02/01/2015;11:00;13;001272;805;Torino - Rebaudengo;04;Biossido di azoto (NO2);23;microgrammi / metro cubo;120.0;V;
02/01/2015;12:00;13;001272;805;Torino - Rebaudengo;04;Biossido di azoto (NO2);23;microgrammi / metro cubo;103.0;V;
02/01/2015;13:00;13;001272;805;Torino - Rebaudengo;04;Biossido di azoto (NO2);23;microgrammi / metro cubo;115.0;V;
02/01/2015;14:00;13;001272;805;Torino - Rebaudengo;04;Biossido di azoto (NO2);23;microgrammi / metro cubo;120.0;V;
02/01/2015;15:00;13;001272;805;Torino - Rebaudengo;04;Biossido di azoto (NO2);23;microgrammi / metro cubo;114.0;V;
02/01/2015;16:00;13;001272;805;Torino - Rebaudengo;04;Biossido di azoto (NO2);23;microgrammi / metro cubo;110.0;V;
02/01/2015;17:00;13;001272;805;Torino - Rebaudengo;04;Biossido di azoto (NO2);23;microgrammi / metro cubo;116.0;V;
02/01/2015;18:00;13;001272;805;Torino - Rebaudengo;04;Biossido di azoto (NO2);23;microgrammi / metro cubo;139.0;V;
02/01/2015;19:00;13;001272;805;Torino - Rebaudengo;04;Biossido di azoto (NO2);23;microgrammi / metro cubo;157.0;V;
02/01/2015;20:00;13;001272;805;Torino - Rebaudengo;04;Biossido di azoto (NO2);23;microgrammi / metro cubo;156.0;V;
02/01/2015;21:00;13;001272;805;Torino - Rebaudengo;04;Biossido di azoto (NO2);23;microgrammi / metro cubo;156.0;V;
02/01/2015;22:00;13;001272;805;Torino - Rebaudengo;04;Biossido di azoto (NO2);23;microgrammi / metro cubo;131.0;V;
02/01/2015;23:00;13;001272;805;Torino - Rebaudengo;04;Biossido di azoto (NO2);23;microgrammi / metro cubo;137.0;V;
02/01/2015;23:59;13;001272;805;Torino - Rebaudengo;04;Biossido di azoto (NO2);23;microgrammi / metro cubo;111.0;V;
03/01/2015;01:00;13;001272;805;Torino - Rebaudengo;04;Biossido di azoto (NO2);23;microgrammi / metro cubo;108.0;V;
03/01/2015;02:00;13;001272;805;Torino - Rebaudengo;04;Biossido di azoto (NO2);23;microgrammi / metro cubo;106.0;V;
03/01/2015;03:00;13;001272;805;Torino - Rebaudengo;04;Biossido di azoto (NO2);23;microgrammi / metro cubo;99.0;V;
03/01/2015;04:00;13;001272;805;Torino - Rebaudengo;04;Biossido di azoto (NO2);23;microgrammi / metro cubo;87.0;V;
03/01/2015;05:00;13;001272;805;Torino - Rebaudengo;04;Biossido di azoto (NO2);23;microgrammi / metro cubo;93.0;V;
03/01/2015;06:00;13;001272;805;Torino - Rebaudengo;04;Biossido di azoto (NO2);23;microgrammi / metro cubo;85.0;V;
03/01/2015;07:00;13;001272;805;Torino - Rebaudengo;04;Biossido di azoto (NO2);23;microgrammi / metro cubo;92.0;V;
03/01/2015;08:00;13;001272;805;Torino - Rebaudengo;04;Biossido di azoto (NO2);23;microgrammi / metro cubo;102.0;V;
03/01/2015;09:00;13;001272;805;Torino - Rebaudengo;04;Biossido di azoto (NO2);23;microgrammi / metro cubo;92.0;V;
03/01/2015;10:00;13;001272;805;Torino - Rebaudengo;04;Biossido di azoto (NO2);23;microgrammi / metro cubo;109.0;V;
03/01/2015;11:00;13;001272;805;Torino - Rebaudengo;04;Biossido di azoto (NO2);23;microgrammi / metro cubo;124.0;V;
03/01/2015;12:00;13;001272;805;Torino - Rebaudengo;04;Biossido di azoto (NO2);23;microgrammi / metro cubo;122.0;V;
03/01/2015;13:00;13;001272;805;Torino - Rebaudengo;04;Biossido di azoto (NO2);23;microgrammi / metro cubo;111.0;V;
03/01/2015;14:00;13;001272;805;Torino - Rebaudengo;04;Biossido di azoto (NO2);23;microgrammi / metro cubo;96.0;V;
03/01/2015;15:00;13;001272;805;Torino - Rebaudengo;04;Biossido di azoto (NO2);23;microgrammi / metro cubo;95.0;V;
03/01/2015;16:00;13;001272;805;Torino - Rebaudengo;04;Biossido di azoto (NO2);23;microgrammi / metro cubo;94.0;V;
03/01/2015;17:00;13;001272;805;Torino - Rebaudengo;04;Biossido di azoto (NO2);23;microgrammi / metro cubo;100.0;V;
03/01/2015;18:00;13;001272;805;Torino - Rebaudengo;04;Biossido di azoto (NO2);23;microgrammi / metro cubo;102.0;V;
03/01/2015;19:00;13;001272;805;Torino - Rebaudengo;04;Biossido di azoto (NO2);23;microgrammi / metro cubo;108.0;V;
03/01/2015;20:00;13;001272;805;Torino - Rebaudengo;04;Biossido di azoto (NO2);23;microgrammi / metro cubo;109.0;V;
03/01/2015;21:00;13;001272;805;Torino - Rebaudengo;04;Biossido di azoto (NO2);23;microgrammi / metro cubo;113.0;V;
03/01/2015;22:00;13;001272;805;Torino - Rebaudengo;04;Biossido di azoto (NO2);23;microgrammi / metro cubo;103.0;V;
03/01/2015;23:00;13;001272;805;Torino - Rebaudengo;04;Biossido di azoto (NO2);23;microgrammi / metro cubo;108.0;V;
03/01/2015;23:59;13;001272;805;Torino - Rebaudengo;04;Biossido di azoto (NO2);23;microgrammi / metro cubo;100.0;V;
04/01/2015;01:00;13;001272;805;Torino - Rebaudengo;04;Biossido di azoto (NO2);23;microgrammi / metro cubo;98.0;V;
04/01/2015;02:00;13;001272;805;Torino - Rebaudengo;04;Biossido di azoto (NO2);23;microgrammi / metro cubo;87.0;V;
04/01/2015;03:00;13;001272;805;Torino - Rebaudengo;04;Biossido di azoto (NO2);23;microgrammi / metro cubo;87.0;V;
04/01/2015;04:00;13;001272;805;Torino - Rebaudengo;04;Biossido di azoto (NO2);23;microgrammi / metro cubo;79.0;V;
04/01/2015;05:00;13;001272;805;Torino - Rebaudengo;04;Biossido di azoto (NO2);23;microgrammi / metro cubo;75.0;V;
04/01/2015;06:00;13;001272;805;Torino - Rebaudengo;04;Biossido di azoto (NO2);23;microgrammi / metro cubo;80.0;V;
04/01/2015;07:00;13;001272;805;Torino - Rebaudengo;04;Biossido di azoto (NO2);23;microgrammi / metro cubo;88.0;V;
04/01/2015;08:00;13;001272;805;Torino - Rebaudengo;04;Biossido di azoto (NO2);23;microgrammi / metro cubo;79.0;V;
04/01/2015;09:00;13;001272;805;Torino - Rebaudengo;04;Biossido di azoto (NO2);23;microgrammi / metro cubo;109.0;V;
04/01/2015;10:00;13;001272;805;Torino - Rebaudengo;04;Biossido di azoto (NO2);23;microgrammi / metro cubo;127.0;V;
04/01/2015;11:00;13;001272;805;Torino - Rebaudengo;04;Biossido di azoto (NO2);23;microgrammi / metro cubo;77.0;V;
04/01/2015;12:00;13;001272;805;Torino - Rebaudengo;04;Biossido di azoto (NO2);23;microgrammi / metro cubo;78.0;V;
04/01/2015;13:00;13;001272;805;Torino - Rebaudengo;04;Biossido di azoto (NO2);23;microgrammi / metro cubo;66.0;V;
04/01/2015;14:00;13;001272;805;Torino - Rebaudengo;04;Biossido di azoto (NO2);23;microgrammi / metro cubo;56.0;V;
04/01/2015;15:00;13;001272;805;Torino - Rebaudengo;04;Biossido di azoto (NO2);23;microgrammi / metro cubo;64.0;V;
04/01/2015;16:00;13;001272;805;Torino - Rebaudengo;04;Biossido di azoto (NO2);23;microgrammi / metro cubo;66.0;V;
04/01/2015;17:00;13;001272;805;Torino - Rebaudengo;04;Biossido di azoto (NO2);23;microgrammi / metro cubo;103.0;V;
04/01/2015;18:00;13;001272;805;Torino - Rebaudengo;04;Biossido di azoto (NO2);23;microgrammi / metro cubo;147.0;V;
04/01/2015;19:00;13;001272;805;Torino - Rebaudengo;04;Biossido di azoto (NO2);23;microgrammi / metro cubo;128.0;V;
04/01/2015;20:00;13;001272;805;Torino - Rebaudengo;04;Biossido di azoto (NO2);23;microgrammi / metro cubo;111.0;V;
04/01/2015;21:00;13;001272;805;Torino - Rebaudengo;04;Biossido di azoto (NO2);23;microgrammi / metro cubo;118.0;V;
04/01/2015;22:00;13;001272;805;Torino - Rebaudengo;04;Biossido di azoto (NO2);23;microgrammi / metro cubo;189.0;V;
04/01/2015;23:00;13;001272;805;Torino - Rebaudengo;04;Biossido di azoto (NO2);23;microgrammi / metro cubo;141.0;V;
04/01/2015;23:59;13;001272;805;Torino - Rebaudengo;04;Biossido di azoto (NO2);23;microgrammi / metro cubo;119.0;V;
05/01/2015;01:00;13;001272;805;Torino - Rebaudengo;04;Biossido di azoto (NO2);23;microgrammi / metro cubo;131.0;V;
05/01/2015;02:00;13;001272;805;Torino - Rebaudengo;04;Biossido di azoto (NO2);23;microgrammi / metro cubo;121.0;V;
05/01/2015;03:00;13;001272;805;Torino - Rebaudengo;04;Biossido di azoto (NO2);23;microgrammi / metro cubo;96.0;V;
05/01/2015;04:00;13;001272;805;Torino - Rebaudengo;04;Biossido di azoto (NO2);23;microgrammi / metro cubo;81.0;V;
05/01/2015;05:00;13;001272;805;Torino - Rebaudengo;04;Biossido di azoto (NO2);23;microgrammi / metro cubo;71.0;V;
05/01/2015;06:00;13;001272;805;Torino - Rebaudengo;04;Biossido di azoto (NO2);23;microgrammi / metro cubo;97.0;V;
05/01/2015;07:00;13;001272;805;Torino - Rebaudengo;04;Biossido di azoto (NO2);23;microgrammi / metro cubo;101.0;V;
05/01/2015;08:00;13;001272;805;Torino - Rebaudengo;04;Biossido di azoto (NO2);23;microgrammi / metro cubo;93.0;V;
05/01/2015;09:00;13;001272;805;Torino - Rebaudengo;04;Biossido di azoto (NO2);23;microgrammi / metro cubo;104.0;V;
05/01/2015;10:00;13;001272;805;Torino - Rebaudengo;04;Biossido di azoto (NO2);23;microgrammi / metro cubo;129.0;V;
05/01/2015;11:00;13;001272;805;Torino - Rebaudengo;04;Biossido di azoto (NO2);23;microgrammi / metro cubo;146.0;V;
05/01/2015;12:00;13;001272;805;Torino - Rebaudengo;04;Biossido di azoto (NO2);23;microgrammi / metro cubo;121.0;V;
05/01/2015;13:00;13;001272;805;Torino - Rebaudengo;04;Biossido di azoto (NO2);23;microgrammi / metro cubo;118.0;V;
05/01/2015;14:00;13;001272;805;Torino - Rebaudengo;04;Biossido di azoto (NO2);23;microgrammi / metro cubo;98.0;V;
05/01/2015;15:00;13;001272;805;Torino - Rebaudengo;04;Biossido di azoto (NO2);23;microgrammi / metro cubo;97.0;V;
05/01/2015;16:00;13;001272;805;Torino - Rebaudengo;04;Biossido di azoto (NO2);23;microgrammi / metro cubo;107.0;V;
05/01/2015;17:00;13;001272;805;Torino - Rebaudengo;04;Biossido di azoto (NO2);23;microgrammi / metro cubo;115.0;V;
05/01/2015;18:00;13;001272;805;Torino - Rebaudengo;04;Biossido di azoto (NO2);23;microgrammi / metro cubo;124.0;V;
05/01/2015;19:00;13;001272;805;Torino - Rebaudengo;04;Biossido di azoto (NO2);23;microgrammi / metro cubo;165.0;V;
05/01/2015;20:00;13;001272;805;Torino - Rebaudengo;04;Biossido di azoto (NO2);23;microgrammi / metro cubo;122.0;V;
05/01/2015;21:00;13;001272;805;Torino - Rebaudengo;04;Biossido di azoto (NO2);23;microgrammi / metro cubo;120.0;V;
05/01/2015;22:00;13;001272;805;Torino - Rebaudengo;04;Biossido di azoto (NO2);23;microgrammi / metro cubo;115.0;V;
05/01/2015;23:00;13;001272;805;Torino - Rebaudengo;04;Biossido di azoto (NO2);23;microgrammi / metro cubo;98.0;V;
05/01/2015;23:59;13;001272;805;Torino - Rebaudengo;04;Biossido di azoto (NO2);23;microgrammi / metro cubo;90.0;V;
06/01/2015;01:00;13;001272;805;Torino - Rebaudengo;04;Biossido di azoto (NO2);23;microgrammi / metro cubo;92.0;V;
06/01/2015;02:00;13;001272;805;Torino - Rebaudengo;04;Biossido di azoto (NO2);23;microgrammi / metro cubo;82.0;V;
06/01/2015;03:00;13;001272;805;Torino - Rebaudengo;04;Biossido di azoto (NO2);23;microgrammi / metro cubo;76.0;V;
06/01/2015;04:00;13;001272;805;Torino - Rebaudengo;04;Biossido di azoto (NO2);23;microgrammi / metro cubo;75.0;V;
06/01/2015;05:00;13;001272;805;Torino - Rebaudengo;04;Biossido di azoto (NO2);23;microgrammi / metro cubo;84.0;V;
06/01/2015;06:00;13;001272;805;Torino - Rebaudengo;04;Biossido di azoto (NO2);23;microgrammi / metro cubo;92.0;V;
06/01/2015;07:00;13;001272;805;Torino - Rebaudengo;04;Biossido di azoto (NO2);23;microgrammi / metro cubo;77.0;V;
06/01/2015;08:00;13;001272;805;Torino - Rebaudengo;04;Biossido di azoto (NO2);23;microgrammi / metro cubo;75.0;V;
06/01/2015;09:00;13;001272;805;Torino - Rebaudengo;04;Biossido di azoto (NO2);23;microgrammi / metro cubo;73.0;V;
06/01/2015;10:00;13;001272;805;Torino - Rebaudengo;04;Biossido di azoto (NO2);23;microgrammi / metro cubo;83.0;V;
06/01/2015;11:00;13;001272;805;Torino - Rebaudengo;04;Biossido di azoto (NO2);23;microgrammi / metro cubo;113.0;V;
06/01/2015;12:00;13;001272;805;Torino - Rebaudengo;04;Biossido di azoto (NO2);23;microgrammi / metro cubo;113.0;V;
06/01/2015;13:00;13;001272;805;Torino - Rebaudengo;04;Biossido di azoto (NO2);23;microgrammi / metro cubo;96.0;V;
06/01/2015;14:00;13;001272;805;Torino - Rebaudengo;04;Biossido di azoto (NO2);23;microgrammi / metro cubo;65.0;V;
06/01/2015;15:00;13;001272;805;Torino - Rebaudengo;04;Biossido di azoto (NO2);23;microgrammi / metro cubo;53.0;V;
06/01/2015;16:00;13;001272;805;Torino - Rebaudengo;04;Biossido di azoto (NO2);23;microgrammi / metro cubo;60.0;V;
06/01/2015;17:00;13;001272;805;Torino - Rebaudengo;04;Biossido di azoto (NO2);23;microgrammi / metro cubo;73.0;V;
06/01/2015;18:00;13;001272;805;Torino - Rebaudengo;04;Biossido di azoto (NO2);23;microgrammi / metro cubo;85.0;V;
06/01/2015;19:00;13;001272;805;Torino - Rebaudengo;04;Biossido di azoto (NO2);23;microgrammi / metro cubo;93.0;V;
06/01/2015;20:00;13;001272;805;Torino - Rebaudengo;04;Biossido di azoto (NO2);23;microgrammi / metro cubo;98.0;V;
06/01/2015;21:00;13;001272;805;Torino - Rebaudengo;04;Biossido di azoto (NO2);23;microgrammi / metro cubo;102.0;V;
06/01/2015;22:00;13;001272;805;Torino - Rebaudengo;04;Biossido di azoto (NO2);23;microgrammi / metro cubo;94.0;V;
06/01/2015;23:00;13;001272;805;Torino - Rebaudengo;04;Biossido di azoto (NO2);23;microgrammi / metro cubo;85.0;V;
06/01/2015;23:59;13;001272;805;Torino - Rebaudengo;04;Biossido di azoto (NO2);23;microgrammi / metro cubo;103.0;V;
07/01/2015;01:00;13;001272;805;Torino - Rebaudengo;04;Biossido di azoto (NO2);23;microgrammi / metro cubo;89.0;V;
07/01/2015;02:00;13;001272;805;Torino - Rebaudengo;04;Biossido di azoto (NO2);23;microgrammi / metro cubo;89.0;V;
07/01/2015;03:00;13;001272;805;Torino - Rebaudengo;04;Biossido di azoto (NO2);23;microgrammi / metro cubo;76.0;V;
07/01/2015;04:00;13;001272;805;Torino - Rebaudengo;04;Biossido di azoto (NO2);23;microgrammi / metro cubo;74.0;V;
07/01/2015;05:00;13;001272;805;Torino - Rebaudengo;04;Biossido di azoto (NO2);23;microgrammi / metro cubo;72.0;V;
07/01/2015;06:00;13;001272;805;Torino - Rebaudengo;04;Biossido di azoto (NO2);23;microgrammi / metro cubo;81.0;V;
07/01/2015;07:00;13;001272;805;Torino - Rebaudengo;04;Biossido di azoto (NO2);23;microgrammi / metro cubo;74.0;V;
07/01/2015;08:00;13;001272;805;Torino - Rebaudengo;04;Biossido di azoto (NO2);23;microgrammi / metro cubo;92.0;V;
07/01/2015;09:00;13;001272;805;Torino - Rebaudengo;04;Biossido di azoto (NO2);23;microgrammi / metro cubo;125.0;V;
07/01/2015;10:00;13;001272;805;Torino - Rebaudengo;04;Biossido di azoto (NO2);23;microgrammi / metro cubo;106.0;V;
07/01/2015;11:00;13;001272;805;Torino - Rebaudengo;04;Biossido di azoto (NO2);23;microgrammi / metro cubo;110.0;V;
07/01/2015;12:00;13;001272;805;Torino - Rebaudengo;04;Biossido di azoto (NO2);23;microgrammi / metro cubo;103.0;V;
07/01/2015;13:00;13;001272;805;Torino - Rebaudengo;04;Biossido di azoto (NO2);23;microgrammi / metro cubo;102.0;V;
07/01/2015;14:00;13;001272;805;Torino - Rebaudengo;04;Biossido di azoto (NO2);23;microgrammi / metro cubo;96.0;V;
07/01/2015;15:00;13;001272;805;Torino - Rebaudengo;04;Biossido di azoto (NO2);23;microgrammi / metro cubo;101.0;V;
07/01/2015;16:00;13;001272;805;Torino - Rebaudengo;04;Biossido di azoto (NO2);23;microgrammi / metro cubo;97.0;V;
07/01/2015;17:00;13;001272;805;Torino - Rebaudengo;04;Biossido di azoto (NO2);23;microgrammi / metro cubo;110.0;V;
07/01/2015;18:00;13;001272;805;Torino - Rebaudengo;04;Biossido di azoto (NO2);23;microgrammi / metro cubo;114.0;V;
07/01/2015;19:00;13;001272;805;Torino - Rebaudengo;04;Biossido di azoto (NO2);23;microgrammi / metro cubo;116.0;V;
07/01/2015;20:00;13;001272;805;Torino - Rebaudengo;04;Biossido di azoto (NO2);23;microgrammi / metro cubo;116.0;V;
07/01/2015;21:00;13;001272;805;Torino - Rebaudengo;04;Biossido di azoto (NO2);23;microgrammi / metro cubo;108.0;V;
07/01/2015;22:00;13;001272;805;Torino - Rebaudengo;04;Biossido di azoto (NO2);23;microgrammi / metro cubo;96.0;V;
07/01/2015;23:00;13;001272;805;Torino - Rebaudengo;04;Biossido di azoto (NO2);23;microgrammi / metro cubo;90.0;V;
07/01/2015;23:59;13;001272;805;Torino - Rebaudengo;04;Biossido di azoto (NO2);23;microgrammi / metro cubo;80.0;V;
08/01/2015;01:00;13;001272;805;Torino - Rebaudengo;04;Biossido di azoto (NO2);23;microgrammi / metro cubo;74.0;V;
08/01/2015;02:00;13;001272;805;Torino - Rebaudengo;04;Biossido di azoto (NO2);23;microgrammi / metro cubo;71.0;V;
08/01/2015;03:00;13;001272;805;Torino - Rebaudengo;04;Biossido di azoto (NO2);23;microgrammi / metro cubo;72.0;V;
08/01/2015;04:00;13;001272;805;Torino - Rebaudengo;04;Biossido di azoto (NO2);23;microgrammi / metro cubo;72.0;V;
08/01/2015;05:00;13;001272;805;Torino - Rebaudengo;04;Biossido di azoto (NO2);23;microgrammi / metro cubo;67.0;V;
08/01/2015;06:00;13;001272;805;Torino - Rebaudengo;04;Biossido di azoto (NO2);23;microgrammi / metro cubo;75.0;V;
08/01/2015;07:00;13;001272;805;Torino - Rebaudengo;04;Biossido di azoto (NO2);23;microgrammi / metro cubo;81.0;V;
08/01/2015;08:00;13;001272;805;Torino - Rebaudengo;04;Biossido di azoto (NO2);23;microgrammi / metro cubo;97.0;V;
08/01/2015;09:00;13;001272;805;Torino - Rebaudengo;04;Biossido di azoto (NO2);23;microgrammi / metro cubo;102.0;V;
08/01/2015;10:00;13;001272;805;Torino - Rebaudengo;04;Biossido di azoto (NO2);23;microgrammi / metro cubo;112.0;V;
08/01/2015;11:00;13;001272;805;Torino - Rebaudengo;04;Biossido di azoto (NO2);23;microgrammi / metro cubo;116.0;V;
08/01/2015;12:00;13;001272;805;Torino - Rebaudengo;04;Biossido di azoto (NO2);23;microgrammi / metro cubo;112.0;V;
08/01/2015;13:00;13;001272;805;Torino - Rebaudengo;04;Biossido di azoto (NO2);23;microgrammi / metro cubo;83.0;V;
08/01/2015;14:00;13;001272;805;Torino - Rebaudengo;04;Biossido di azoto (NO2);23;microgrammi / metro cubo;76.0;V;
08/01/2015;15:00;13;001272;805;Torino - Rebaudengo;04;Biossido di azoto (NO2);23;microgrammi / metro cubo;93.0;V;
08/01/2015;16:00;13;001272;805;Torino - Rebaudengo;04;Biossido di azoto (NO2);23;microgrammi / metro cubo;96.0;V;
08/01/2015;17:00;13;001272;805;Torino - Rebaudengo;04;Biossido di azoto (NO2);23;microgrammi / metro cubo;106.0;V;
08/01/2015;18:00;13;001272;805;Torino - Rebaudengo;04;Biossido di azoto (NO2);23;microgrammi / metro cubo;115.0;V;
08/01/2015;19:00;13;001272;805;Torino - Rebaudengo;04;Biossido di azoto (NO2);23;microgrammi / metro cubo;113.0;V;
08/01/2015;20:00;13;001272;805;Torino - Rebaudengo;04;Biossido di azoto (NO2);23;microgrammi / metro cubo;121.0;V;
08/01/2015;21:00;13;001272;805;Torino - Rebaudengo;04;Biossido di azoto (NO2);23;microgrammi / metro cubo;121.0;V;
08/01/2015;22:00;13;001272;805;Torino - Rebaudengo;04;Biossido di azoto (NO2);23;microgrammi / metro cubo;115.0;V;
08/01/2015;23:00;13;001272;805;Torino - Rebaudengo;04;Biossido di azoto (NO2);23;microgrammi / metro cubo;102.0;V;
08/01/2015;23:59;13;001272;805;Torino - Rebaudengo;04;Biossido di azoto (NO2);23;microgrammi / metro cubo;103.0;V;
09/01/2015;01:00;13;001272;805;Torino - Rebaudengo;04;Biossido di azoto (NO2);23;microgrammi / metro cubo;91.0;V;
09/01/2015;02:00;13;001272;805;Torino - Rebaudengo;04;Biossido di azoto (NO2);23;microgrammi / metro cubo;90.0;V;
09/01/2015;03:00;13;001272;805;Torino - Rebaudengo;04;Biossido di azoto (NO2);23;microgrammi / metro cubo;85.0;V;
09/01/2015;04:00;13;001272;805;Torino - Rebaudengo;04;Biossido di azoto (NO2);23;microgrammi / metro cubo;73.0;V;
09/01/2015;05:00;13;001272;805;Torino - Rebaudengo;04;Biossido di azoto (NO2);23;microgrammi / metro cubo;71.0;V;
09/01/2015;06:00;13;001272;805;Torino - Rebaudengo;04;Biossido di azoto (NO2);23;microgrammi / metro cubo;79.0;V;
09/01/2015;07:00;13;001272;805;Torino - Rebaudengo;04;Biossido di azoto (NO2);23;microgrammi / metro cubo;81.0;V;
09/01/2015;08:00;13;001272;805;Torino - Rebaudengo;04;Biossido di azoto (NO2);23;microgrammi / metro cubo;105.0;V;
09/01/2015;09:00;13;001272;805;Torino - Rebaudengo;04;Biossido di azoto (NO2);23;microgrammi / metro cubo;109.0;V;
09/01/2015;10:00;13;001272;805;Torino - Rebaudengo;04;Biossido di azoto (NO2);23;microgrammi / metro cubo;115.0;V;
09/01/2015;11:00;13;001272;805;Torino - Rebaudengo;04;Biossido di azoto (NO2);23;microgrammi / metro cubo;112.0;V;
09/01/2015;12:00;13;001272;805;Torino - Rebaudengo;04;Biossido di azoto (NO2);23;microgrammi / metro cubo;136.0;V;
09/01/2015;13:00;13;001272;805;Torino - Rebaudengo;04;Biossido di azoto (NO2);23;microgrammi / metro cubo;146.0;V;
09/01/2015;14:00;13;001272;805;Torino - Rebaudengo;04;Biossido di azoto (NO2);23;microgrammi / metro cubo;124.0;V;
09/01/2015;15:00;13;001272;805;Torino - Rebaudengo;04;Biossido di azoto (NO2);23;microgrammi / metro cubo;116.0;V;
09/01/2015;16:00;13;001272;805;Torino - Rebaudengo;04;Biossido di azoto (NO2);23;microgrammi / metro cubo;116.0;V;
09/01/2015;17:00;13;001272;805;Torino - Rebaudengo;04;Biossido di azoto (NO2);23;microgrammi / metro cubo;121.0;V;
09/01/2015;18:00;13;001272;805;Torino - Rebaudengo;04;Biossido di azoto (NO2);23;microgrammi / metro cubo;148.0;V;
09/01/2015;19:00;13;001272;805;Torino - Rebaudengo;04;Biossido di azoto (NO2);23;microgrammi / metro cubo;151.0;V;
09/01/2015;20:00;13;001272;805;Torino - Rebaudengo;04;Biossido di azoto (NO2);23;microgrammi / metro cubo;160.0;V;
09/01/2015;21:00;13;001272;805;Torino - Rebaudengo;04;Biossido di azoto (NO2);23;microgrammi / metro cubo;175.0;V;
09/01/2015;22:00;13;001272;805;Torino - Rebaudengo;04;Biossido di azoto (NO2);23;microgrammi / metro cubo;136.0;V;
09/01/2015;23:00;13;001272;805;Torino - Rebaudengo;04;Biossido di azoto (NO2);23;microgrammi / metro cubo;119.0;V;
09/01/2015;23:59;13;001272;805;Torino - Rebaudengo;04;Biossido di azoto (NO2);23;microgrammi / metro cubo;114.0;V;
10/01/2015;01:00;13;001272;805;Torino - Rebaudengo;04;Biossido di azoto (NO2);23;microgrammi / metro cubo;97.0;V;
10/01/2015;02:00;13;001272;805;Torino - Rebaudengo;04;Biossido di azoto (NO2);23;microgrammi / metro cubo;95.0;V;
10/01/2015;03:00;13;001272;805;Torino - Rebaudengo;04;Biossido di azoto (NO2);23;microgrammi / metro cubo;97.0;V;
10/01/2015;04:00;13;001272;805;Torino - Rebaudengo;04;Biossido di azoto (NO2);23;microgrammi / metro cubo;86.0;V;
10/01/2015;05:00;13;001272;805;Torino - Rebaudengo;04;Biossido di azoto (NO2);23;microgrammi / metro cubo;81.0;V;
10/01/2015;06:00;13;001272;805;Torino - Rebaudengo;04;Biossido di azoto (NO2);23;microgrammi / metro cubo;86.0;V;
10/01/2015;07:00;13;001272;805;Torino - Rebaudengo;04;Biossido di azoto (NO2);23;microgrammi / metro cubo;95.0;V;
10/01/2015;08:00;13;001272;805;Torino - Rebaudengo;04;Biossido di azoto (NO2);23;microgrammi / metro cubo;109.0;V;
10/01/2015;09:00;13;001272;805;Torino - Rebaudengo;04;Biossido di azoto (NO2);23;microgrammi / metro cubo;113.0;V;
10/01/2015;10:00;13;001272;805;Torino - Rebaudengo;04;Biossido di azoto (NO2);23;microgrammi / metro cubo;109.0;V;
10/01/2015;11:00;13;001272;805;Torino - Rebaudengo;04;Biossido di azoto (NO2);23;microgrammi / metro cubo;117.0;V;
10/01/2015;12:00;13;001272;805;Torino - Rebaudengo;04;Biossido di azoto (NO2);23;microgrammi / metro cubo;139.0;V;
10/01/2015;13:00;13;001272;805;Torino - Rebaudengo;04;Biossido di azoto (NO2);23;microgrammi / metro cubo;153.0;V;
10/01/2015;14:00;13;001272;805;Torino - Rebaudengo;04;Biossido di azoto (NO2);23;microgrammi / metro cubo;153.0;V;
10/01/2015;15:00;13;001272;805;Torino - Rebaudengo;04;Biossido di azoto (NO2);23;microgrammi / metro cubo;144.0;V;
10/01/2015;16:00;13;001272;805;Torino - Rebaudengo;04;Biossido di azoto (NO2);23;microgrammi / metro cubo;144.0;V;
10/01/2015;17:00;13;001272;805;Torino - Rebaudengo;04;Biossido di azoto (NO2);23;microgrammi / metro cubo;184.0;V;
10/01/2015;18:00;13;001272;805;Torino - Rebaudengo;04;Biossido di azoto (NO2);23;microgrammi / metro cubo;144.0;V;
10/01/2015;19:00;13;001272;805;Torino - Rebaudengo;04;Biossido di azoto (NO2);23;microgrammi / metro cubo;137.0;V;
10/01/2015;20:00;13;001272;805;Torino - Rebaudengo;04;Biossido di azoto (NO2);23;microgrammi / metro cubo;109.0;V;
10/01/2015;21:00;13;001272;805;Torino - Rebaudengo;04;Biossido di azoto (NO2);23;microgrammi / metro cubo;114.0;V;
10/01/2015;22:00;13;001272;805;Torino - Rebaudengo;04;Biossido di azoto (NO2);23;microgrammi / metro cubo;99.0;V;
10/01/2015;23:00;13;001272;805;Torino - Rebaudengo;04;Biossido di azoto (NO2);23;microgrammi / metro cubo;91.0;V;
10/01/2015;23:59;13;001272;805;Torino - Rebaudengo;04;Biossido di azoto (NO2);23;microgrammi / metro cubo;99.0;V;
11/01/2015;01:00;13;001272;805;Torino - Rebaudengo;04;Biossido di azoto (NO2);23;microgrammi / metro cubo;89.0;V;
11/01/2015;02:00;13;001272;805;Torino - Rebaudengo;04;Biossido di azoto (NO2);23;microgrammi / metro cubo;71.0;V;
11/01/2015;03:00;13;001272;805;Torino - Rebaudengo;04;Biossido di azoto (NO2);23;microgrammi / metro cubo;72.0;V;
11/01/2015;04:00;13;001272;805;Torino - Rebaudengo;04;Biossido di azoto (NO2);23;microgrammi / metro cubo;65.0;V;
11/01/2015;05:00;13;001272;805;Torino - Rebaudengo;04;Biossido di azoto (NO2);23;microgrammi / metro cubo;62.0;V;
11/01/2015;06:00;13;001272;805;Torino - Rebaudengo;04;Biossido di azoto (NO2);23;microgrammi / metro cubo;67.0;V;
11/01/2015;07:00;13;001272;805;Torino - Rebaudengo;04;Biossido di azoto (NO2);23;microgrammi / metro cubo;71.0;V;
11/01/2015;08:00;13;001272;805;Torino - Rebaudengo;04;Biossido di azoto (NO2);23;microgrammi / metro cubo;74.0;V;
11/01/2015;09:00;13;001272;805;Torino - Rebaudengo;04;Biossido di azoto (NO2);23;microgrammi / metro cubo;69.0;V;
11/01/2015;10:00;13;001272;805;Torino - Rebaudengo;04;Biossido di azoto (NO2);23;microgrammi / metro cubo;70.0;V;
11/01/2015;11:00;13;001272;805;Torino - Rebaudengo;04;Biossido di azoto (NO2);23;microgrammi / metro cubo;70.0;V;
11/01/2015;12:00;13;001272;805;Torino - Rebaudengo;04;Biossido di azoto (NO2);23;microgrammi / metro cubo;74.0;V;
11/01/2015;13:00;13;001272;805;Torino - Rebaudengo;04;Biossido di azoto (NO2);23;microgrammi / metro cubo;77.0;V;
11/01/2015;14:00;13;001272;805;Torino - Rebaudengo;04;Biossido di azoto (NO2);23;microgrammi / metro cubo;59.0;V;
11/01/2015;15:00;13;001272;805;Torino - Rebaudengo;04;Biossido di azoto (NO2);23;microgrammi / metro cubo;57.0;V;
11/01/2015;16:00;13;001272;805;Torino - Rebaudengo;04;Biossido di azoto (NO2);23;microgrammi / metro cubo;48.0;V;
11/01/2015;17:00;13;001272;805;Torino - Rebaudengo;04;Biossido di azoto (NO2);23;microgrammi / metro cubo;52.0;V;
11/01/2015;18:00;13;001272;805;Torino - Rebaudengo;04;Biossido di azoto (NO2);23;microgrammi / metro cubo;62.0;V;
11/01/2015;19:00;13;001272;805;Torino - Rebaudengo;04;Biossido di azoto (NO2);23;microgrammi / metro cubo;65.0;V;
11/01/2015;20:00;13;001272;805;Torino - Rebaudengo;04;Biossido di azoto (NO2);23;microgrammi / metro cubo;116.0;V;
11/01/2015;21:00;13;001272;805;Torino - Rebaudengo;04;Biossido di azoto (NO2);23;microgrammi / metro cubo;105.0;V;
11/01/2015;22:00;13;001272;805;Torino - Rebaudengo;04;Biossido di azoto (NO2);23;microgrammi / metro cubo;27.0;V;
11/01/2015;23:00;13;001272;805;Torino - Rebaudengo;04;Biossido di azoto (NO2);23;microgrammi / metro cubo;40.0;V;
11/01/2015;23:59;13;001272;805;Torino - Rebaudengo;04;Biossido di azoto (NO2);23;microgrammi / metro cubo;43.0;V;
12/01/2015;01:00;13;001272;805;Torino - Rebaudengo;04;Biossido di azoto (NO2);23;microgrammi / metro cubo;45.0;V;
12/01/2015;02:00;13;001272;805;Torino - Rebaudengo;04;Biossido di azoto (NO2);23;microgrammi / metro cubo;54.0;V;
12/01/2015;03:00;13;001272;805;Torino - Rebaudengo;04;Biossido di azoto (NO2);23;microgrammi / metro cubo;60.0;V;
12/01/2015;04:00;13;001272;805;Torino - Rebaudengo;04;Biossido di azoto (NO2);23;microgrammi / metro cubo;85.0;V;
12/01/2015;05:00;13;001272;805;Torino - Rebaudengo;04;Biossido di azoto (NO2);23;microgrammi / metro cubo;71.0;V;
12/01/2015;06:00;13;001272;805;Torino - Rebaudengo;04;Biossido di azoto (NO2);23;microgrammi / metro cubo;82.0;V;
12/01/2015;07:00;13;001272;805;Torino - Rebaudengo;04;Biossido di azoto (NO2);23;microgrammi / metro cubo;97.0;V;
12/01/2015;08:00;13;001272;805;Torino - Rebaudengo;04;Biossido di azoto (NO2);23;microgrammi / metro cubo;108.0;V;
12/01/2015;09:00;13;001272;805;Torino - Rebaudengo;04;Biossido di azoto (NO2);23;microgrammi / metro cubo;117.0;V;
12/01/2015;10:00;13;001272;805;Torino - Rebaudengo;04;Biossido di azoto (NO2);23;microgrammi / metro cubo;122.0;V;
12/01/2015;11:00;13;001272;805;Torino - Rebaudengo;04;Biossido di azoto (NO2);23;microgrammi / metro cubo;148.0;V;
12/01/2015;12:00;13;001272;805;Torino - Rebaudengo;04;Biossido di azoto (NO2);23;microgrammi / metro cubo;102.0;V;
12/01/2015;13:00;13;001272;805;Torino - Rebaudengo;04;Biossido di azoto (NO2);23;microgrammi / metro cubo;86.0;V;
12/01/2015;14:00;13;001272;805;Torino - Rebaudengo;04;Biossido di azoto (NO2);23;microgrammi / metro cubo;102.0;V;
12/01/2015;15:00;13;001272;805;Torino - Rebaudengo;04;Biossido di azoto (NO2);23;microgrammi / metro cubo;88.0;V;
12/01/2015;16:00;13;001272;805;Torino - Rebaudengo;04;Biossido di azoto (NO2);23;microgrammi / metro cubo;90.0;V;
12/01/2015;17:00;13;001272;805;Torino - Rebaudengo;04;Biossido di azoto (NO2);23;microgrammi / metro cubo;97.0;V;
12/01/2015;18:00;13;001272;805;Torino - Rebaudengo;04;Biossido di azoto (NO2);23;microgrammi / metro cubo;207.0;V;
12/01/2015;19:00;13;001272;805;Torino - Rebaudengo;04;Biossido di azoto (NO2);23;microgrammi / metro cubo;162.0;V;
12/01/2015;20:00;13;001272;805;Torino - Rebaudengo;04;Biossido di azoto (NO2);23;microgrammi / metro cubo;169.0;V;
12/01/2015;21:00;13;001272;805;Torino - Rebaudengo;04;Biossido di azoto (NO2);23;microgrammi / metro cubo;127.0;V;
12/01/2015;22:00;13;001272;805;Torino - Rebaudengo;04;Biossido di azoto (NO2);23;microgrammi / metro cubo;116.0;V;
12/01/2015;23:00;13;001272;805;Torino - Rebaudengo;04;Biossido di azoto (NO2);23;microgrammi / metro cubo;126.0;V;
12/01/2015;23:59;13;001272;805;Torino - Rebaudengo;04;Biossido di azoto (NO2);23;microgrammi / metro cubo;108.0;V;
13/01/2015;01:00;13;001272;805;Torino - Rebaudengo;04;Biossido di azoto (NO2);23;microgrammi / metro cubo;97.0;V;
13/01/2015;02:00;13;001272;805;Torino - Rebaudengo;04;Biossido di azoto (NO2);23;microgrammi / metro cubo;89.0;V;
13/01/2015;03:00;13;001272;805;Torino - Rebaudengo;04;Biossido di azoto (NO2);23;microgrammi / metro cubo;83.0;V;
13/01/2015;04:00;13;001272;805;Torino - Rebaudengo;04;Biossido di azoto (NO2);23;microgrammi / metro cubo;78.0;V;
13/01/2015;05:00;13;001272;805;Torino - Rebaudengo;04;Biossido di azoto (NO2);23;microgrammi / metro cubo;73.0;V;
13/01/2015;06:00;13;001272;805;Torino - Rebaudengo;04;Biossido di azoto (NO2);23;microgrammi / metro cubo;80.0;V;
13/01/2015;07:00;13;001272;805;Torino - Rebaudengo;04;Biossido di azoto (NO2);23;microgrammi / metro cubo;77.0;V;
13/01/2015;08:00;13;001272;805;Torino - Rebaudengo;04;Biossido di azoto (NO2);23;microgrammi / metro cubo;103.0;V;
13/01/2015;09:00;13;001272;805;Torino - Rebaudengo;04;Biossido di azoto (NO2);23;microgrammi / metro cubo;130.0;V;
13/01/2015;10:00;13;001272;805;Torino - Rebaudengo;04;Biossido di azoto (NO2);23;microgrammi / metro cubo;128.0;V;
13/01/2015;11:00;13;001272;805;Torino - Rebaudengo;04;Biossido di azoto (NO2);23;microgrammi / metro cubo;114.0;V;
13/01/2015;12:00;13;001272;805;Torino - Rebaudengo;04;Biossido di azoto (NO2);23;microgrammi / metro cubo;91.0;V;
13/01/2015;13:00;13;001272;805;Torino - Rebaudengo;04;Biossido di azoto (NO2);23;microgrammi / metro cubo;102.0;V;
13/01/2015;14:00;13;001272;805;Torino - Rebaudengo;04;Biossido di azoto (NO2);23;microgrammi / metro cubo;107.0;V;
13/01/2015;15:00;13;001272;805;Torino - Rebaudengo;04;Biossido di azoto (NO2);23;microgrammi / metro cubo;104.0;V;
13/01/2015;16:00;13;001272;805;Torino - Rebaudengo;04;Biossido di azoto (NO2);23;microgrammi / metro cubo;101.0;V;
13/01/2015;17:00;13;001272;805;Torino - Rebaudengo;04;Biossido di azoto (NO2);23;microgrammi / metro cubo;107.0;V;
13/01/2015;18:00;13;001272;805;Torino - Rebaudengo;04;Biossido di azoto (NO2);23;microgrammi / metro cubo;116.0;V;
13/01/2015;19:00;13;001272;805;Torino - Rebaudengo;04;Biossido di azoto (NO2);23;microgrammi / metro cubo;119.0;V;
13/01/2015;20:00;13;001272;805;Torino - Rebaudengo;04;Biossido di azoto (NO2);23;microgrammi / metro cubo;112.0;V;
13/01/2015;21:00;13;001272;805;Torino - Rebaudengo;04;Biossido di azoto (NO2);23;microgrammi / metro cubo;112.0;V;
13/01/2015;22:00;13;001272;805;Torino - Rebaudengo;04;Biossido di azoto (NO2);23;microgrammi / metro cubo;106.0;V;
13/01/2015;23:00;13;001272;805;Torino - Rebaudengo;04;Biossido di azoto (NO2);23;microgrammi / metro cubo;107.0;V;
13/01/2015;23:59;13;001272;805;Torino - Rebaudengo;04;Biossido di azoto (NO2);23;microgrammi / metro cubo;116.0;V;
14/01/2015;01:00;13;001272;805;Torino - Rebaudengo;04;Biossido di azoto (NO2);23;microgrammi / metro cubo;94.0;V;
14/01/2015;02:00;13;001272;805;Torino - Rebaudengo;04;Biossido di azoto (NO2);23;microgrammi / metro cubo;88.0;V;
14/01/2015;03:00;13;001272;805;Torino - Rebaudengo;04;Biossido di azoto (NO2);23;microgrammi / metro cubo;84.0;V;
14/01/2015;04:00;13;001272;805;Torino - Rebaudengo;04;Biossido di azoto (NO2);23;microgrammi / metro cubo;78.0;V;
14/01/2015;05:00;13;001272;805;Torino - Rebaudengo;04;Biossido di azoto (NO2);23;microgrammi / metro cubo;67.0;V;
14/01/2015;06:00;13;001272;805;Torino - Rebaudengo;04;Biossido di azoto (NO2);23;microgrammi / metro cubo;70.0;V;
14/01/2015;07:00;13;001272;805;Torino - Rebaudengo;04;Biossido di azoto (NO2);23;microgrammi / metro cubo;74.0;V;
14/01/2015;08:00;13;001272;805;Torino - Rebaudengo;04;Biossido di azoto (NO2);23;microgrammi / metro cubo;93.0;V;
14/01/2015;09:00;13;001272;805;Torino - Rebaudengo;04;Biossido di azoto (NO2);23;microgrammi / metro cubo;111.0;V;
14/01/2015;10:00;13;001272;805;Torino - Rebaudengo;04;Biossido di azoto (NO2);23;microgrammi / metro cubo;130.0;V;
14/01/2015;11:00;13;001272;805;Torino - Rebaudengo;04;Biossido di azoto (NO2);23;microgrammi / metro cubo;142.0;V;
14/01/2015;12:00;13;001272;805;Torino - Rebaudengo;04;Biossido di azoto (NO2);23;microgrammi / metro cubo;130.0;V;
14/01/2015;13:00;13;001272;805;Torino - Rebaudengo;04;Biossido di azoto (NO2);23;microgrammi / metro cubo;126.0;V;
14/01/2015;14:00;13;001272;805;Torino - Rebaudengo;04;Biossido di azoto (NO2);23;microgrammi / metro cubo;102.0;V;
14/01/2015;15:00;13;001272;805;Torino - Rebaudengo;04;Biossido di azoto (NO2);23;microgrammi / metro cubo;89.0;V;
14/01/2015;16:00;13;001272;805;Torino - Rebaudengo;04;Biossido di azoto (NO2);23;microgrammi / metro cubo;93.0;V;
14/01/2015;17:00;13;001272;805;Torino - Rebaudengo;04;Biossido di azoto (NO2);23;microgrammi / metro cubo;114.0;V;
14/01/2015;18:00;13;001272;805;Torino - Rebaudengo;04;Biossido di azoto (NO2);23;microgrammi / metro cubo;115.0;V;
14/01/2015;19:00;13;001272;805;Torino - Rebaudengo;04;Biossido di azoto (NO2);23;microgrammi / metro cubo;139.0;V;
14/01/2015;20:00;13;001272;805;Torino - Rebaudengo;04;Biossido di azoto (NO2);23;microgrammi / metro cubo;146.0;V;
14/01/2015;21:00;13;001272;805;Torino - Rebaudengo;04;Biossido di azoto (NO2);23;microgrammi / metro cubo;117.0;V;
14/01/2015;22:00;13;001272;805;Torino - Rebaudengo;04;Biossido di azoto (NO2);23;microgrammi / metro cubo;115.0;V;
14/01/2015;23:00;13;001272;805;Torino - Rebaudengo;04;Biossido di azoto (NO2);23;microgrammi / metro cubo;107.0;V;
14/01/2015;23:59;13;001272;805;Torino - Rebaudengo;04;Biossido di azoto (NO2);23;microgrammi / metro cubo;105.0;V;
15/01/2015;01:00;13;001272;805;Torino - Rebaudengo;04;Biossido di azoto (NO2);23;microgrammi / metro cubo;92.0;V;
15/01/2015;02:00;13;001272;805;Torino - Rebaudengo;04;Biossido di azoto (NO2);23;microgrammi / metro cubo;83.0;V;
15/01/2015;03:00;13;001272;805;Torino - Rebaudengo;04;Biossido di azoto (NO2);23;microgrammi / metro cubo;74.0;V;
15/01/2015;04:00;13;001272;805;Torino - Rebaudengo;04;Biossido di azoto (NO2);23;microgrammi / metro cubo;73.0;V;
15/01/2015;05:00;13;001272;805;Torino - Rebaudengo;04;Biossido di azoto (NO2);23;microgrammi / metro cubo;76.0;V;
15/01/2015;06:00;13;001272;805;Torino - Rebaudengo;04;Biossido di azoto (NO2);23;microgrammi / metro cubo;77.0;V;
15/01/2015;07:00;13;001272;805;Torino - Rebaudengo;04;Biossido di azoto (NO2);23;microgrammi / metro cubo;87.0;V;
15/01/2015;08:00;13;001272;805;Torino - Rebaudengo;04;Biossido di azoto (NO2);23;microgrammi / metro cubo;93.0;V;
15/01/2015;09:00;13;001272;805;Torino - Rebaudengo;04;Biossido di azoto (NO2);23;microgrammi / metro cubo;97.0;V;
15/01/2015;10:00;13;001272;805;Torino - Rebaudengo;04;Biossido di azoto (NO2);23;microgrammi / metro cubo;106.0;V;
15/01/2015;11:00;13;001272;805;Torino - Rebaudengo;04;Biossido di azoto (NO2);23;microgrammi / metro cubo;107.0;V;
15/01/2015;12:00;13;001272;805;Torino - Rebaudengo;04;Biossido di azoto (NO2);23;microgrammi / metro cubo;111.0;V;
15/01/2015;13:00;13;001272;805;Torino - Rebaudengo;04;Biossido di azoto (NO2);23;microgrammi / metro cubo;98.0;V;
15/01/2015;14:00;13;001272;805;Torino - Rebaudengo;04;Biossido di azoto (NO2);23;microgrammi / metro cubo;80.0;V;
15/01/2015;15:00;13;001272;805;Torino - Rebaudengo;04;Biossido di azoto (NO2);23;microgrammi / metro cubo;70.0;V;
15/01/2015;16:00;13;001272;805;Torino - Rebaudengo;04;Biossido di azoto (NO2);23;microgrammi / metro cubo;76.0;V;
15/01/2015;17:00;13;001272;805;Torino - Rebaudengo;04;Biossido di azoto (NO2);23;microgrammi / metro cubo;83.0;V;
15/01/2015;18:00;13;001272;805;Torino - Rebaudengo;04;Biossido di azoto (NO2);23;microgrammi / metro cubo;86.0;V;
15/01/2015;19:00;13;001272;805;Torino - Rebaudengo;04;Biossido di azoto (NO2);23;microgrammi / metro cubo;100.0;V;
15/01/2015;20:00;13;001272;805;Torino - Rebaudengo;04;Biossido di azoto (NO2);23;microgrammi / metro cubo;105.0;V;
15/01/2015;21:00;13;001272;805;Torino - Rebaudengo;04;Biossido di azoto (NO2);23;microgrammi / metro cubo;98.0;V;
15/01/2015;22:00;13;001272;805;Torino - Rebaudengo;04;Biossido di azoto (NO2);23;microgrammi / metro cubo;90.0;V;
15/01/2015;23:00;13;001272;805;Torino - Rebaudengo;04;Biossido di azoto (NO2);23;microgrammi / metro cubo;87.0;V;
15/01/2015;23:59;13;001272;805;Torino - Rebaudengo;04;Biossido di azoto (NO2);23;microgrammi / metro cubo;97.0;V;
16/01/2015;01:00;13;001272;805;Torino - Rebaudengo;04;Biossido di azoto (NO2);23;microgrammi / metro cubo;98.0;V;
16/01/2015;02:00;13;001272;805;Torino - Rebaudengo;04;Biossido di azoto (NO2);23;microgrammi / metro cubo;93.0;V;
16/01/2015;03:00;13;001272;805;Torino - Rebaudengo;04;Biossido di azoto (NO2);23;microgrammi / metro cubo;95.0;V;
16/01/2015;04:00;13;001272;805;Torino - Rebaudengo;04;Biossido di azoto (NO2);23;microgrammi / metro cubo;92.0;V;
16/01/2015;05:00;13;001272;805;Torino - Rebaudengo;04;Biossido di azoto (NO2);23;microgrammi / metro cubo;87.0;V;
16/01/2015;06:00;13;001272;805;Torino - Rebaudengo;04;Biossido di azoto (NO2);23;microgrammi / metro cubo;84.0;V;
16/01/2015;07:00;13;001272;805;Torino - Rebaudengo;04;Biossido di azoto (NO2);23;microgrammi / metro cubo;82.0;V;
16/01/2015;08:00;13;001272;805;Torino - Rebaudengo;04;Biossido di azoto (NO2);23;microgrammi / metro cubo;77.0;V;
16/01/2015;09:00;13;001272;805;Torino - Rebaudengo;04;Biossido di azoto (NO2);23;microgrammi / metro cubo;86.0;V;
16/01/2015;10:00;13;001272;805;Torino - Rebaudengo;04;Biossido di azoto (NO2);23;microgrammi / metro cubo;86.0;V;
16/01/2015;11:00;13;001272;805;Torino - Rebaudengo;04;Biossido di azoto (NO2);23;microgrammi / metro cubo;82.0;V;
16/01/2015;12:00;13;001272;805;Torino - Rebaudengo;04;Biossido di azoto (NO2);23;microgrammi / metro cubo;76.0;V;
16/01/2015;13:00;13;001272;805;Torino - Rebaudengo;04;Biossido di azoto (NO2);23;microgrammi / metro cubo;79.0;V;
16/01/2015;14:00;13;001272;805;Torino - Rebaudengo;04;Biossido di azoto (NO2);23;microgrammi / metro cubo;81.0;V;
16/01/2015;15:00;13;001272;805;Torino - Rebaudengo;04;Biossido di azoto (NO2);23;microgrammi / metro cubo;71.0;V;
16/01/2015;16:00;13;001272;805;Torino - Rebaudengo;04;Biossido di azoto (NO2);23;microgrammi / metro cubo;77.0;V;
16/01/2015;17:00;13;001272;805;Torino - Rebaudengo;04;Biossido di azoto (NO2);23;microgrammi / metro cubo;76.0;V;
16/01/2015;18:00;13;001272;805;Torino - Rebaudengo;04;Biossido di azoto (NO2);23;microgrammi / metro cubo;72.0;V;
16/01/2015;19:00;13;001272;805;Torino - Rebaudengo;04;Biossido di azoto (NO2);23;microgrammi / metro cubo;72.0;V;
16/01/2015;20:00;13;001272;805;Torino - Rebaudengo;04;Biossido di azoto (NO2);23;microgrammi / metro cubo;75.0;V;
16/01/2015;21:00;13;001272;805;Torino - Rebaudengo;04;Biossido di azoto (NO2);23;microgrammi / metro cubo;83.0;V;
16/01/2015;22:00;13;001272;805;Torino - Rebaudengo;04;Biossido di azoto (NO2);23;microgrammi / metro cubo;85.0;V;
16/01/2015;23:00;13;001272;805;Torino - Rebaudengo;04;Biossido di azoto (NO2);23;microgrammi / metro cubo;90.0;V;
16/01/2015;23:59;13;001272;805;Torino - Rebaudengo;04;Biossido di azoto (NO2);23;microgrammi / metro cubo;85.0;V;
17/01/2015;01:00;13;001272;805;Torino - Rebaudengo;04;Biossido di azoto (NO2);23;microgrammi / metro cubo;82.0;V;
17/01/2015;02:00;13;001272;805;Torino - Rebaudengo;04;Biossido di azoto (NO2);23;microgrammi / metro cubo;84.0;V;
17/01/2015;03:00;13;001272;805;Torino - Rebaudengo;04;Biossido di azoto (NO2);23;microgrammi / metro cubo;77.0;V;
17/01/2015;04:00;13;001272;805;Torino - Rebaudengo;04;Biossido di azoto (NO2);23;microgrammi / metro cubo;70.0;V;
17/01/2015;05:00;13;001272;805;Torino - Rebaudengo;04;Biossido di azoto (NO2);23;microgrammi / metro cubo;68.0;V;
17/01/2015;06:00;13;001272;805;Torino - Rebaudengo;04;Biossido di azoto (NO2);23;microgrammi / metro cubo;78.0;V;
17/01/2015;07:00;13;001272;805;Torino - Rebaudengo;04;Biossido di azoto (NO2);23;microgrammi / metro cubo;90.0;V;
17/01/2015;08:00;13;001272;805;Torino - Rebaudengo;04;Biossido di azoto (NO2);23;microgrammi / metro cubo;86.0;V;
17/01/2015;09:00;13;001272;805;Torino - Rebaudengo;04;Biossido di azoto (NO2);23;microgrammi / metro cubo;87.0;V;
17/01/2015;10:00;13;001272;805;Torino - Rebaudengo;04;Biossido di azoto (NO2);23;microgrammi / metro cubo;84.0;V;
17/01/2015;11:00;13;001272;805;Torino - Rebaudengo;04;Biossido di azoto (NO2);23;microgrammi / metro cubo;79.0;V;
17/01/2015;12:00;13;001272;805;Torino - Rebaudengo;04;Biossido di azoto (NO2);23;microgrammi / metro cubo;85.0;V;
17/01/2015;13:00;13;001272;805;Torino - Rebaudengo;04;Biossido di azoto (NO2);23;microgrammi / metro cubo;83.0;V;
17/01/2015;14:00;13;001272;805;Torino - Rebaudengo;04;Biossido di azoto (NO2);23;microgrammi / metro cubo;79.0;V;
17/01/2015;15:00;13;001272;805;Torino - Rebaudengo;04;Biossido di azoto (NO2);23;microgrammi / metro cubo;81.0;V;
17/01/2015;16:00;13;001272;805;Torino - Rebaudengo;04;Biossido di azoto (NO2);23;microgrammi / metro cubo;87.0;V;
17/01/2015;17:00;13;001272;805;Torino - Rebaudengo;04;Biossido di azoto (NO2);23;microgrammi / metro cubo;88.0;V;
17/01/2015;18:00;13;001272;805;Torino - Rebaudengo;04;Biossido di azoto (NO2);23;microgrammi / metro cubo;84.0;V;
17/01/2015;19:00;13;001272;805;Torino - Rebaudengo;04;Biossido di azoto (NO2);23;microgrammi / metro cubo;74.0;V;
17/01/2015;20:00;13;001272;805;Torino - Rebaudengo;04;Biossido di azoto (NO2);23;microgrammi / metro cubo;86.0;V;
17/01/2015;21:00;13;001272;805;Torino - Rebaudengo;04;Biossido di azoto (NO2);23;microgrammi / metro cubo;87.0;V;
17/01/2015;22:00;13;001272;805;Torino - Rebaudengo;04;Biossido di azoto (NO2);23;microgrammi / metro cubo;103.0;V;
17/01/2015;23:00;13;001272;805;Torino - Rebaudengo;04;Biossido di azoto (NO2);23;microgrammi / metro cubo;111.0;V;
17/01/2015;23:59;13;001272;805;Torino - Rebaudengo;04;Biossido di azoto (NO2);23;microgrammi / metro cubo;97.0;V;
18/01/2015;01:00;13;001272;805;Torino - Rebaudengo;04;Biossido di azoto (NO2);23;microgrammi / metro cubo;85.0;V;
18/01/2015;02:00;13;001272;805;Torino - Rebaudengo;04;Biossido di azoto (NO2);23;microgrammi / metro cubo;80.0;V;
18/01/2015;03:00;13;001272;805;Torino - Rebaudengo;04;Biossido di azoto (NO2);23;microgrammi / metro cubo;77.0;V;
18/01/2015;04:00;13;001272;805;Torino - Rebaudengo;04;Biossido di azoto (NO2);23;microgrammi / metro cubo;73.0;V;
18/01/2015;05:00;13;001272;805;Torino - Rebaudengo;04;Biossido di azoto (NO2);23;microgrammi / metro cubo;58.0;V;
18/01/2015;06:00;13;001272;805;Torino - Rebaudengo;04;Biossido di azoto (NO2);23;microgrammi / metro cubo;63.0;V;
18/01/2015;07:00;13;001272;805;Torino - Rebaudengo;04;Biossido di azoto (NO2);23;microgrammi / metro cubo;64.0;V;
18/01/2015;08:00;13;001272;805;Torino - Rebaudengo;04;Biossido di azoto (NO2);23;microgrammi / metro cubo;70.0;V;
18/01/2015;09:00;13;001272;805;Torino - Rebaudengo;04;Biossido di azoto (NO2);23;microgrammi / metro cubo;68.0;V;
18/01/2015;10:00;13;001272;805;Torino - Rebaudengo;04;Biossido di azoto (NO2);23;microgrammi / metro cubo;69.0;V;
18/01/2015;11:00;13;001272;805;Torino - Rebaudengo;04;Biossido di azoto (NO2);23;microgrammi / metro cubo;70.0;V;
18/01/2015;12:00;13;001272;805;Torino - Rebaudengo;04;Biossido di azoto (NO2);23;microgrammi / metro cubo;57.0;V;
18/01/2015;13:00;13;001272;805;Torino - Rebaudengo;04;Biossido di azoto (NO2);23;microgrammi / metro cubo;62.0;V;
18/01/2015;14:00;13;001272;805;Torino - Rebaudengo;04;Biossido di azoto (NO2);23;microgrammi / metro cubo;61.0;V;
18/01/2015;15:00;13;001272;805;Torino - Rebaudengo;04;Biossido di azoto (NO2);23;microgrammi / metro cubo;63.0;V;
18/01/2015;16:00;13;001272;805;Torino - Rebaudengo;04;Biossido di azoto (NO2);23;microgrammi / metro cubo;63.0;V;
18/01/2015;17:00;13;001272;805;Torino - Rebaudengo;04;Biossido di azoto (NO2);23;microgrammi / metro cubo;72.0;V;
18/01/2015;18:00;13;001272;805;Torino - Rebaudengo;04;Biossido di azoto (NO2);23;microgrammi / metro cubo;90.0;V;
18/01/2015;19:00;13;001272;805;Torino - Rebaudengo;04;Biossido di azoto (NO2);23;microgrammi / metro cubo;111.0;V;
18/01/2015;20:00;13;001272;805;Torino - Rebaudengo;04;Biossido di azoto (NO2);23;microgrammi / metro cubo;104.0;V;
18/01/2015;21:00;13;001272;805;Torino - Rebaudengo;04;Biossido di azoto (NO2);23;microgrammi / metro cubo;100.0;V;
18/01/2015;22:00;13;001272;805;Torino - Rebaudengo;04;Biossido di azoto (NO2);23;microgrammi / metro cubo;86.0;V;
18/01/2015;23:00;13;001272;805;Torino - Rebaudengo;04;Biossido di azoto (NO2);23;microgrammi / metro cubo;81.0;V;
18/01/2015;23:59;13;001272;805;Torino - Rebaudengo;04;Biossido di azoto (NO2);23;microgrammi / metro cubo;87.0;V;
19/01/2015;01:00;13;001272;805;Torino - Rebaudengo;04;Biossido di azoto (NO2);23;microgrammi / metro cubo;88.0;V;
19/01/2015;02:00;13;001272;805;Torino - Rebaudengo;04;Biossido di azoto (NO2);23;microgrammi / metro cubo;82.0;V;
19/01/2015;03:00;13;001272;805;Torino - Rebaudengo;04;Biossido di azoto (NO2);23;microgrammi / metro cubo;69.0;V;
19/01/2015;04:00;13;001272;805;Torino - Rebaudengo;04;Biossido di azoto (NO2);23;microgrammi / metro cubo;67.0;V;
19/01/2015;05:00;13;001272;805;Torino - Rebaudengo;04;Biossido di azoto (NO2);23;microgrammi / metro cubo;61.0;V;
19/01/2015;06:00;13;001272;805;Torino - Rebaudengo;04;Biossido di azoto (NO2);23;microgrammi / metro cubo;63.0;V;
19/01/2015;07:00;13;001272;805;Torino - Rebaudengo;04;Biossido di azoto (NO2);23;microgrammi / metro cubo;67.0;V;
19/01/2015;08:00;13;001272;805;Torino - Rebaudengo;04;Biossido di azoto (NO2);23;microgrammi / metro cubo;87.0;V;
19/01/2015;09:00;13;001272;805;Torino - Rebaudengo;04;Biossido di azoto (NO2);23;microgrammi / metro cubo;102.0;V;
19/01/2015;10:00;13;001272;805;Torino - Rebaudengo;04;Biossido di azoto (NO2);23;microgrammi / metro cubo;127.0;V;
19/01/2015;11:00;13;001272;805;Torino - Rebaudengo;04;Biossido di azoto (NO2);23;microgrammi / metro cubo;;E;
19/01/2015;12:00;13;001272;805;Torino - Rebaudengo;04;Biossido di azoto (NO2);23;microgrammi / metro cubo;107.0;V;
19/01/2015;13:00;13;001272;805;Torino - Rebaudengo;04;Biossido di azoto (NO2);23;microgrammi / metro cubo;129.0;V;
19/01/2015;14:00;13;001272;805;Torino - Rebaudengo;04;Biossido di azoto (NO2);23;microgrammi / metro cubo;128.0;V;
19/01/2015;15:00;13;001272;805;Torino - Rebaudengo;04;Biossido di azoto (NO2);23;microgrammi / metro cubo;120.0;V;
19/01/2015;16:00;13;001272;805;Torino - Rebaudengo;04;Biossido di azoto (NO2);23;microgrammi / metro cubo;115.0;V;
19/01/2015;17:00;13;001272;805;Torino - Rebaudengo;04;Biossido di azoto (NO2);23;microgrammi / metro cubo;104.0;V;
19/01/2015;18:00;13;001272;805;Torino - Rebaudengo;04;Biossido di azoto (NO2);23;microgrammi / metro cubo;123.0;V;
19/01/2015;19:00;13;001272;805;Torino - Rebaudengo;04;Biossido di azoto (NO2);23;microgrammi / metro cubo;138.0;V;
19/01/2015;20:00;13;001272;805;Torino - Rebaudengo;04;Biossido di azoto (NO2);23;microgrammi / metro cubo;138.0;V;
19/01/2015;21:00;13;001272;805;Torino - Rebaudengo;04;Biossido di azoto (NO2);23;microgrammi / metro cubo;116.0;V;
19/01/2015;22:00;13;001272;805;Torino - Rebaudengo;04;Biossido di azoto (NO2);23;microgrammi / metro cubo;111.0;V;
19/01/2015;23:00;13;001272;805;Torino - Rebaudengo;04;Biossido di azoto (NO2);23;microgrammi / metro cubo;105.0;V;
19/01/2015;23:59;13;001272;805;Torino - Rebaudengo;04;Biossido di azoto (NO2);23;microgrammi / metro cubo;100.0;V;
20/01/2015;01:00;13;001272;805;Torino - Rebaudengo;04;Biossido di azoto (NO2);23;microgrammi / metro cubo;97.0;V;
20/01/2015;02:00;13;001272;805;Torino - Rebaudengo;04;Biossido di azoto (NO2);23;microgrammi / metro cubo;99.0;V;
20/01/2015;03:00;13;001272;805;Torino - Rebaudengo;04;Biossido di azoto (NO2);23;microgrammi / metro cubo;81.0;V;
20/01/2015;04:00;13;001272;805;Torino - Rebaudengo;04;Biossido di azoto (NO2);23;microgrammi / metro cubo;88.0;V;
20/01/2015;05:00;13;001272;805;Torino - Rebaudengo;04;Biossido di azoto (NO2);23;microgrammi / metro cubo;83.0;V;
20/01/2015;06:00;13;001272;805;Torino - Rebaudengo;04;Biossido di azoto (NO2);23;microgrammi / metro cubo;87.0;V;
20/01/2015;07:00;13;001272;805;Torino - Rebaudengo;04;Biossido di azoto (NO2);23;microgrammi / metro cubo;91.0;V;
20/01/2015;08:00;13;001272;805;Torino - Rebaudengo;04;Biossido di azoto (NO2);23;microgrammi / metro cubo;111.0;V;
20/01/2015;09:00;13;001272;805;Torino - Rebaudengo;04;Biossido di azoto (NO2);23;microgrammi / metro cubo;110.0;V;
20/01/2015;10:00;13;001272;805;Torino - Rebaudengo;04;Biossido di azoto (NO2);23;microgrammi / metro cubo;129.0;V;
20/01/2015;11:00;13;001272;805;Torino - Rebaudengo;04;Biossido di azoto (NO2);23;microgrammi / metro cubo;110.0;V;
20/01/2015;12:00;13;001272;805;Torino - Rebaudengo;04;Biossido di azoto (NO2);23;microgrammi / metro cubo;100.0;V;
20/01/2015;13:00;13;001272;805;Torino - Rebaudengo;04;Biossido di azoto (NO2);23;microgrammi / metro cubo;98.0;V;
20/01/2015;14:00;13;001272;805;Torino - Rebaudengo;04;Biossido di azoto (NO2);23;microgrammi / metro cubo;78.0;V;
20/01/2015;15:00;13;001272;805;Torino - Rebaudengo;04;Biossido di azoto (NO2);23;microgrammi / metro cubo;79.0;V;
20/01/2015;16:00;13;001272;805;Torino - Rebaudengo;04;Biossido di azoto (NO2);23;microgrammi / metro cubo;86.0;V;
20/01/2015;17:00;13;001272;805;Torino - Rebaudengo;04;Biossido di azoto (NO2);23;microgrammi / metro cubo;98.0;V;
20/01/2015;18:00;13;001272;805;Torino - Rebaudengo;04;Biossido di azoto (NO2);23;microgrammi / metro cubo;125.0;V;
20/01/2015;19:00;13;001272;805;Torino - Rebaudengo;04;Biossido di azoto (NO2);23;microgrammi / metro cubo;136.0;V;
20/01/2015;20:00;13;001272;805;Torino - Rebaudengo;04;Biossido di azoto (NO2);23;microgrammi / metro cubo;129.0;V;
20/01/2015;21:00;13;001272;805;Torino - Rebaudengo;04;Biossido di azoto (NO2);23;microgrammi / metro cubo;126.0;V;
20/01/2015;22:00;13;001272;805;Torino - Rebaudengo;04;Biossido di azoto (NO2);23;microgrammi / metro cubo;119.0;V;
20/01/2015;23:00;13;001272;805;Torino - Rebaudengo;04;Biossido di azoto (NO2);23;microgrammi / metro cubo;107.0;V;
20/01/2015;23:59;13;001272;805;Torino - Rebaudengo;04;Biossido di azoto (NO2);23;microgrammi / metro cubo;91.0;V;
21/01/2015;01:00;13;001272;805;Torino - Rebaudengo;04;Biossido di azoto (NO2);23;microgrammi / metro cubo;90.0;V;
21/01/2015;02:00;13;001272;805;Torino - Rebaudengo;04;Biossido di azoto (NO2);23;microgrammi / metro cubo;74.0;V;
21/01/2015;03:00;13;001272;805;Torino - Rebaudengo;04;Biossido di azoto (NO2);23;microgrammi / metro cubo;87.0;V;
21/01/2015;04:00;13;001272;805;Torino - Rebaudengo;04;Biossido di azoto (NO2);23;microgrammi / metro cubo;74.0;V;
21/01/2015;05:00;13;001272;805;Torino - Rebaudengo;04;Biossido di azoto (NO2);23;microgrammi / metro cubo;66.0;V;
21/01/2015;06:00;13;001272;805;Torino - Rebaudengo;04;Biossido di azoto (NO2);23;microgrammi / metro cubo;75.0;V;
21/01/2015;07:00;13;001272;805;Torino - Rebaudengo;04;Biossido di azoto (NO2);23;microgrammi / metro cubo;97.0;V;
21/01/2015;08:00;13;001272;805;Torino - Rebaudengo;04;Biossido di azoto (NO2);23;microgrammi / metro cubo;100.0;V;
21/01/2015;09:00;13;001272;805;Torino - Rebaudengo;04;Biossido di azoto (NO2);23;microgrammi / metro cubo;123.0;V;
21/01/2015;10:00;13;001272;805;Torino - Rebaudengo;04;Biossido di azoto (NO2);23;microgrammi / metro cubo;146.0;V;
21/01/2015;11:00;13;001272;805;Torino - Rebaudengo;04;Biossido di azoto (NO2);23;microgrammi / metro cubo;143.0;V;
21/01/2015;12:00;13;001272;805;Torino - Rebaudengo;04;Biossido di azoto (NO2);23;microgrammi / metro cubo;115.0;V;
21/01/2015;13:00;13;001272;805;Torino - Rebaudengo;04;Biossido di azoto (NO2);23;microgrammi / metro cubo;104.0;V;
21/01/2015;14:00;13;001272;805;Torino - Rebaudengo;04;Biossido di azoto (NO2);23;microgrammi / metro cubo;85.0;V;
21/01/2015;15:00;13;001272;805;Torino - Rebaudengo;04;Biossido di azoto (NO2);23;microgrammi / metro cubo;84.0;V;
21/01/2015;16:00;13;001272;805;Torino - Rebaudengo;04;Biossido di azoto (NO2);23;microgrammi / metro cubo;88.0;V;
21/01/2015;17:00;13;001272;805;Torino - Rebaudengo;04;Biossido di azoto (NO2);23;microgrammi / metro cubo;83.0;V;
21/01/2015;18:00;13;001272;805;Torino - Rebaudengo;04;Biossido di azoto (NO2);23;microgrammi / metro cubo;97.0;V;
21/01/2015;19:00;13;001272;805;Torino - Rebaudengo;04;Biossido di azoto (NO2);23;microgrammi / metro cubo;103.0;V;
21/01/2015;20:00;13;001272;805;Torino - Rebaudengo;04;Biossido di azoto (NO2);23;microgrammi / metro cubo;97.0;V;
21/01/2015;21:00;13;001272;805;Torino - Rebaudengo;04;Biossido di azoto (NO2);23;microgrammi / metro cubo;108.0;V;
21/01/2015;22:00;13;001272;805;Torino - Rebaudengo;04;Biossido di azoto (NO2);23;microgrammi / metro cubo;106.0;V;
21/01/2015;23:00;13;001272;805;Torino - Rebaudengo;04;Biossido di azoto (NO2);23;microgrammi / metro cubo;104.0;V;
21/01/2015;23:59;13;001272;805;Torino - Rebaudengo;04;Biossido di azoto (NO2);23;microgrammi / metro cubo;84.0;V;
22/01/2015;01:00;13;001272;805;Torino - Rebaudengo;04;Biossido di azoto (NO2);23;microgrammi / metro cubo;104.0;V;
22/01/2015;02:00;13;001272;805;Torino - Rebaudengo;04;Biossido di azoto (NO2);23;microgrammi / metro cubo;91.0;V;
22/01/2015;03:00;13;001272;805;Torino - Rebaudengo;04;Biossido di azoto (NO2);23;microgrammi / metro cubo;87.0;V;
22/01/2015;04:00;13;001272;805;Torino - Rebaudengo;04;Biossido di azoto (NO2);23;microgrammi / metro cubo;84.0;V;
22/01/2015;05:00;13;001272;805;Torino - Rebaudengo;04;Biossido di azoto (NO2);23;microgrammi / metro cubo;79.0;V;
22/01/2015;06:00;13;001272;805;Torino - Rebaudengo;04;Biossido di azoto (NO2);23;microgrammi / metro cubo;86.0;V;
22/01/2015;07:00;13;001272;805;Torino - Rebaudengo;04;Biossido di azoto (NO2);23;microgrammi / metro cubo;101.0;V;
22/01/2015;08:00;13;001272;805;Torino - Rebaudengo;04;Biossido di azoto (NO2);23;microgrammi / metro cubo;123.0;V;
22/01/2015;09:00;13;001272;805;Torino - Rebaudengo;04;Biossido di azoto (NO2);23;microgrammi / metro cubo;125.0;V;
22/01/2015;10:00;13;001272;805;Torino - Rebaudengo;04;Biossido di azoto (NO2);23;microgrammi / metro cubo;117.0;V;
22/01/2015;11:00;13;001272;805;Torino - Rebaudengo;04;Biossido di azoto (NO2);23;microgrammi / metro cubo;124.0;V;
22/01/2015;12:00;13;001272;805;Torino - Rebaudengo;04;Biossido di azoto (NO2);23;microgrammi / metro cubo;109.0;V;
22/01/2015;13:00;13;001272;805;Torino - Rebaudengo;04;Biossido di azoto (NO2);23;microgrammi / metro cubo;112.0;V;
22/01/2015;14:00;13;001272;805;Torino - Rebaudengo;04;Biossido di azoto (NO2);23;microgrammi / metro cubo;105.0;V;
22/01/2015;15:00;13;001272;805;Torino - Rebaudengo;04;Biossido di azoto (NO2);23;microgrammi / metro cubo;109.0;V;
22/01/2015;16:00;13;001272;805;Torino - Rebaudengo;04;Biossido di azoto (NO2);23;microgrammi / metro cubo;104.0;V;
22/01/2015;17:00;13;001272;805;Torino - Rebaudengo;04;Biossido di azoto (NO2);23;microgrammi / metro cubo;119.0;V;
22/01/2015;18:00;13;001272;805;Torino - Rebaudengo;04;Biossido di azoto (NO2);23;microgrammi / metro cubo;130.0;V;
22/01/2015;19:00;13;001272;805;Torino - Rebaudengo;04;Biossido di azoto (NO2);23;microgrammi / metro cubo;109.0;V;
22/01/2015;20:00;13;001272;805;Torino - Rebaudengo;04;Biossido di azoto (NO2);23;microgrammi / metro cubo;116.0;V;
22/01/2015;21:00;13;001272;805;Torino - Rebaudengo;04;Biossido di azoto (NO2);23;microgrammi / metro cubo;114.0;V;
22/01/2015;22:00;13;001272;805;Torino - Rebaudengo;04;Biossido di azoto (NO2);23;microgrammi / metro cubo;107.0;V;
22/01/2015;23:00;13;001272;805;Torino - Rebaudengo;04;Biossido di azoto (NO2);23;microgrammi / metro cubo;130.0;V;
22/01/2015;23:59;13;001272;805;Torino - Rebaudengo;04;Biossido di azoto (NO2);23;microgrammi / metro cubo;93.0;V;
23/01/2015;01:00;13;001272;805;Torino - Rebaudengo;04;Biossido di azoto (NO2);23;microgrammi / metro cubo;98.0;V;
23/01/2015;02:00;13;001272;805;Torino - Rebaudengo;04;Biossido di azoto (NO2);23;microgrammi / metro cubo;83.0;V;
23/01/2015;03:00;13;001272;805;Torino - Rebaudengo;04;Biossido di azoto (NO2);23;microgrammi / metro cubo;85.0;V;
23/01/2015;04:00;13;001272;805;Torino - Rebaudengo;04;Biossido di azoto (NO2);23;microgrammi / metro cubo;73.0;V;
23/01/2015;05:00;13;001272;805;Torino - Rebaudengo;04;Biossido di azoto (NO2);23;microgrammi / metro cubo;88.0;V;
23/01/2015;06:00;13;001272;805;Torino - Rebaudengo;04;Biossido di azoto (NO2);23;microgrammi / metro cubo;79.0;V;
23/01/2015;07:00;13;001272;805;Torino - Rebaudengo;04;Biossido di azoto (NO2);23;microgrammi / metro cubo;90.0;V;
23/01/2015;08:00;13;001272;805;Torino - Rebaudengo;04;Biossido di azoto (NO2);23;microgrammi / metro cubo;116.0;V;
23/01/2015;09:00;13;001272;805;Torino - Rebaudengo;04;Biossido di azoto (NO2);23;microgrammi / metro cubo;199.0;V;
23/01/2015;10:00;13;001272;805;Torino - Rebaudengo;04;Biossido di azoto (NO2);23;microgrammi / metro cubo;153.0;V;
23/01/2015;11:00;13;001272;805;Torino - Rebaudengo;04;Biossido di azoto (NO2);23;microgrammi / metro cubo;174.0;V;
23/01/2015;12:00;13;001272;805;Torino - Rebaudengo;04;Biossido di azoto (NO2);23;microgrammi / metro cubo;136.0;V;
23/01/2015;13:00;13;001272;805;Torino - Rebaudengo;04;Biossido di azoto (NO2);23;microgrammi / metro cubo;120.0;V;
23/01/2015;14:00;13;001272;805;Torino - Rebaudengo;04;Biossido di azoto (NO2);23;microgrammi / metro cubo;144.0;V;
23/01/2015;15:00;13;001272;805;Torino - Rebaudengo;04;Biossido di azoto (NO2);23;microgrammi / metro cubo;149.0;V;
23/01/2015;16:00;13;001272;805;Torino - Rebaudengo;04;Biossido di azoto (NO2);23;microgrammi / metro cubo;143.0;V;
23/01/2015;17:00;13;001272;805;Torino - Rebaudengo;04;Biossido di azoto (NO2);23;microgrammi / metro cubo;135.0;V;
23/01/2015;18:00;13;001272;805;Torino - Rebaudengo;04;Biossido di azoto (NO2);23;microgrammi / metro cubo;141.0;V;
23/01/2015;19:00;13;001272;805;Torino - Rebaudengo;04;Biossido di azoto (NO2);23;microgrammi / metro cubo;136.0;V;
23/01/2015;20:00;13;001272;805;Torino - Rebaudengo;04;Biossido di azoto (NO2);23;microgrammi / metro cubo;192.0;V;
23/01/2015;21:00;13;001272;805;Torino - Rebaudengo;04;Biossido di azoto (NO2);23;microgrammi / metro cubo;172.0;V;
23/01/2015;22:00;13;001272;805;Torino - Rebaudengo;04;Biossido di azoto (NO2);23;microgrammi / metro cubo;174.0;V;
23/01/2015;23:00;13;001272;805;Torino - Rebaudengo;04;Biossido di azoto (NO2);23;microgrammi / metro cubo;175.0;V;
23/01/2015;23:59;13;001272;805;Torino - Rebaudengo;04;Biossido di azoto (NO2);23;microgrammi / metro cubo;119.0;V;
24/01/2015;01:00;13;001272;805;Torino - Rebaudengo;04;Biossido di azoto (NO2);23;microgrammi / metro cubo;105.0;V;
24/01/2015;02:00;13;001272;805;Torino - Rebaudengo;04;Biossido di azoto (NO2);23;microgrammi / metro cubo;103.0;V;
24/01/2015;03:00;13;001272;805;Torino - Rebaudengo;04;Biossido di azoto (NO2);23;microgrammi / metro cubo;121.0;V;
24/01/2015;04:00;13;001272;805;Torino - Rebaudengo;04;Biossido di azoto (NO2);23;microgrammi / metro cubo;125.0;V;
24/01/2015;05:00;13;001272;805;Torino - Rebaudengo;04;Biossido di azoto (NO2);23;microgrammi / metro cubo;94.0;V;
24/01/2015;06:00;13;001272;805;Torino - Rebaudengo;04;Biossido di azoto (NO2);23;microgrammi / metro cubo;105.0;V;
24/01/2015;07:00;13;001272;805;Torino - Rebaudengo;04;Biossido di azoto (NO2);23;microgrammi / metro cubo;114.0;V;
24/01/2015;08:00;13;001272;805;Torino - Rebaudengo;04;Biossido di azoto (NO2);23;microgrammi / metro cubo;123.0;V;
24/01/2015;09:00;13;001272;805;Torino - Rebaudengo;04;Biossido di azoto (NO2);23;microgrammi / metro cubo;129.0;V;
24/01/2015;10:00;13;001272;805;Torino - Rebaudengo;04;Biossido di azoto (NO2);23;microgrammi / metro cubo;148.0;V;
24/01/2015;11:00;13;001272;805;Torino - Rebaudengo;04;Biossido di azoto (NO2);23;microgrammi / metro cubo;154.0;V;
24/01/2015;12:00;13;001272;805;Torino - Rebaudengo;04;Biossido di azoto (NO2);23;microgrammi / metro cubo;173.0;V;
24/01/2015;13:00;13;001272;805;Torino - Rebaudengo;04;Biossido di azoto (NO2);23;microgrammi / metro cubo;112.0;V;
24/01/2015;14:00;13;001272;805;Torino - Rebaudengo;04;Biossido di azoto (NO2);23;microgrammi / metro cubo;114.0;V;
24/01/2015;15:00;13;001272;805;Torino - Rebaudengo;04;Biossido di azoto (NO2);23;microgrammi / metro cubo;107.0;V;
24/01/2015;16:00;13;001272;805;Torino - Rebaudengo;04;Biossido di azoto (NO2);23;microgrammi / metro cubo;107.0;V;
24/01/2015;17:00;13;001272;805;Torino - Rebaudengo;04;Biossido di azoto (NO2);23;microgrammi / metro cubo;122.0;V;
24/01/2015;18:00;13;001272;805;Torino - Rebaudengo;04;Biossido di azoto (NO2);23;microgrammi / metro cubo;134.0;V;
24/01/2015;19:00;13;001272;805;Torino - Rebaudengo;04;Biossido di azoto (NO2);23;microgrammi / metro cubo;125.0;V;
24/01/2015;20:00;13;001272;805;Torino - Rebaudengo;04;Biossido di azoto (NO2);23;microgrammi / metro cubo;146.0;V;
24/01/2015;21:00;13;001272;805;Torino - Rebaudengo;04;Biossido di azoto (NO2);23;microgrammi / metro cubo;155.0;V;
24/01/2015;22:00;13;001272;805;Torino - Rebaudengo;04;Biossido di azoto (NO2);23;microgrammi / metro cubo;141.0;V;
24/01/2015;23:00;13;001272;805;Torino - Rebaudengo;04;Biossido di azoto (NO2);23;microgrammi / metro cubo;144.0;V;
24/01/2015;23:59;13;001272;805;Torino - Rebaudengo;04;Biossido di azoto (NO2);23;microgrammi / metro cubo;154.0;V;
25/01/2015;01:00;13;001272;805;Torino - Rebaudengo;04;Biossido di azoto (NO2);23;microgrammi / metro cubo;115.0;V;
25/01/2015;02:00;13;001272;805;Torino - Rebaudengo;04;Biossido di azoto (NO2);23;microgrammi / metro cubo;117.0;V;
25/01/2015;03:00;13;001272;805;Torino - Rebaudengo;04;Biossido di azoto (NO2);23;microgrammi / metro cubo;88.0;V;
25/01/2015;04:00;13;001272;805;Torino - Rebaudengo;04;Biossido di azoto (NO2);23;microgrammi / metro cubo;89.0;V;
25/01/2015;05:00;13;001272;805;Torino - Rebaudengo;04;Biossido di azoto (NO2);23;microgrammi / metro cubo;96.0;V;
25/01/2015;06:00;13;001272;805;Torino - Rebaudengo;04;Biossido di azoto (NO2);23;microgrammi / metro cubo;90.0;V;
25/01/2015;07:00;13;001272;805;Torino - Rebaudengo;04;Biossido di azoto (NO2);23;microgrammi / metro cubo;91.0;V;
25/01/2015;08:00;13;001272;805;Torino - Rebaudengo;04;Biossido di azoto (NO2);23;microgrammi / metro cubo;81.0;V;
25/01/2015;09:00;13;001272;805;Torino - Rebaudengo;04;Biossido di azoto (NO2);23;microgrammi / metro cubo;110.0;V;
25/01/2015;10:00;13;001272;805;Torino - Rebaudengo;04;Biossido di azoto (NO2);23;microgrammi / metro cubo;115.0;V;
25/01/2015;11:00;13;001272;805;Torino - Rebaudengo;04;Biossido di azoto (NO2);23;microgrammi / metro cubo;128.0;V;
25/01/2015;12:00;13;001272;805;Torino - Rebaudengo;04;Biossido di azoto (NO2);23;microgrammi / metro cubo;100.0;V;
25/01/2015;13:00;13;001272;805;Torino - Rebaudengo;04;Biossido di azoto (NO2);23;microgrammi / metro cubo;87.0;V;
25/01/2015;14:00;13;001272;805;Torino - Rebaudengo;04;Biossido di azoto (NO2);23;microgrammi / metro cubo;70.0;V;
25/01/2015;15:00;13;001272;805;Torino - Rebaudengo;04;Biossido di azoto (NO2);23;microgrammi / metro cubo;72.0;V;
25/01/2015;16:00;13;001272;805;Torino - Rebaudengo;04;Biossido di azoto (NO2);23;microgrammi / metro cubo;74.0;V;
25/01/2015;17:00;13;001272;805;Torino - Rebaudengo;04;Biossido di azoto (NO2);23;microgrammi / metro cubo;83.0;V;
25/01/2015;18:00;13;001272;805;Torino - Rebaudengo;04;Biossido di azoto (NO2);23;microgrammi / metro cubo;121.0;V;
25/01/2015;19:00;13;001272;805;Torino - Rebaudengo;04;Biossido di azoto (NO2);23;microgrammi / metro cubo;143.0;V;
25/01/2015;20:00;13;001272;805;Torino - Rebaudengo;04;Biossido di azoto (NO2);23;microgrammi / metro cubo;190.0;V;
25/01/2015;21:00;13;001272;805;Torino - Rebaudengo;04;Biossido di azoto (NO2);23;microgrammi / metro cubo;117.0;V;
25/01/2015;22:00;13;001272;805;Torino - Rebaudengo;04;Biossido di azoto (NO2);23;microgrammi / metro cubo;92.0;V;
25/01/2015;23:00;13;001272;805;Torino - Rebaudengo;04;Biossido di azoto (NO2);23;microgrammi / metro cubo;128.0;V;
25/01/2015;23:59;13;001272;805;Torino - Rebaudengo;04;Biossido di azoto (NO2);23;microgrammi / metro cubo;114.0;V;
26/01/2015;01:00;13;001272;805;Torino - Rebaudengo;04;Biossido di azoto (NO2);23;microgrammi / metro cubo;114.0;V;
26/01/2015;02:00;13;001272;805;Torino - Rebaudengo;04;Biossido di azoto (NO2);23;microgrammi / metro cubo;104.0;V;
26/01/2015;03:00;13;001272;805;Torino - Rebaudengo;04;Biossido di azoto (NO2);23;microgrammi / metro cubo;100.0;V;
26/01/2015;04:00;13;001272;805;Torino - Rebaudengo;04;Biossido di azoto (NO2);23;microgrammi / metro cubo;92.0;V;
26/01/2015;05:00;13;001272;805;Torino - Rebaudengo;04;Biossido di azoto (NO2);23;microgrammi / metro cubo;83.0;V;
26/01/2015;06:00;13;001272;805;Torino - Rebaudengo;04;Biossido di azoto (NO2);23;microgrammi / metro cubo;109.0;V;
26/01/2015;07:00;13;001272;805;Torino - Rebaudengo;04;Biossido di azoto (NO2);23;microgrammi / metro cubo;113.0;V;
26/01/2015;08:00;13;001272;805;Torino - Rebaudengo;04;Biossido di azoto (NO2);23;microgrammi / metro cubo;148.0;V;
26/01/2015;09:00;13;001272;805;Torino - Rebaudengo;04;Biossido di azoto (NO2);23;microgrammi / metro cubo;141.0;V;
26/01/2015;10:00;13;001272;805;Torino - Rebaudengo;04;Biossido di azoto (NO2);23;microgrammi / metro cubo;124.0;V;
26/01/2015;11:00;13;001272;805;Torino - Rebaudengo;04;Biossido di azoto (NO2);23;microgrammi / metro cubo;126.0;V;
26/01/2015;12:00;13;001272;805;Torino - Rebaudengo;04;Biossido di azoto (NO2);23;microgrammi / metro cubo;119.0;V;
26/01/2015;13:00;13;001272;805;Torino - Rebaudengo;04;Biossido di azoto (NO2);23;microgrammi / metro cubo;120.0;V;
26/01/2015;14:00;13;001272;805;Torino - Rebaudengo;04;Biossido di azoto (NO2);23;microgrammi / metro cubo;114.0;V;
26/01/2015;15:00;13;001272;805;Torino - Rebaudengo;04;Biossido di azoto (NO2);23;microgrammi / metro cubo;118.0;V;
26/01/2015;16:00;13;001272;805;Torino - Rebaudengo;04;Biossido di azoto (NO2);23;microgrammi / metro cubo;114.0;V;
26/01/2015;17:00;13;001272;805;Torino - Rebaudengo;04;Biossido di azoto (NO2);23;microgrammi / metro cubo;122.0;V;
26/01/2015;18:00;13;001272;805;Torino - Rebaudengo;04;Biossido di azoto (NO2);23;microgrammi / metro cubo;130.0;V;
26/01/2015;19:00;13;001272;805;Torino - Rebaudengo;04;Biossido di azoto (NO2);23;microgrammi / metro cubo;156.0;V;
26/01/2015;20:00;13;001272;805;Torino - Rebaudengo;04;Biossido di azoto (NO2);23;microgrammi / metro cubo;153.0;V;
26/01/2015;21:00;13;001272;805;Torino - Rebaudengo;04;Biossido di azoto (NO2);23;microgrammi / metro cubo;164.0;V;
26/01/2015;22:00;13;001272;805;Torino - Rebaudengo;04;Biossido di azoto (NO2);23;microgrammi / metro cubo;125.0;V;
26/01/2015;23:00;13;001272;805;Torino - Rebaudengo;04;Biossido di azoto (NO2);23;microgrammi / metro cubo;108.0;V;
26/01/2015;23:59;13;001272;805;Torino - Rebaudengo;04;Biossido di azoto (NO2);23;microgrammi / metro cubo;106.0;V;
27/01/2015;01:00;13;001272;805;Torino - Rebaudengo;04;Biossido di azoto (NO2);23;microgrammi / metro cubo;99.0;V;
27/01/2015;02:00;13;001272;805;Torino - Rebaudengo;04;Biossido di azoto (NO2);23;microgrammi / metro cubo;93.0;V;
27/01/2015;03:00;13;001272;805;Torino - Rebaudengo;04;Biossido di azoto (NO2);23;microgrammi / metro cubo;88.0;V;
27/01/2015;04:00;13;001272;805;Torino - Rebaudengo;04;Biossido di azoto (NO2);23;microgrammi / metro cubo;91.0;V;
27/01/2015;05:00;13;001272;805;Torino - Rebaudengo;04;Biossido di azoto (NO2);23;microgrammi / metro cubo;89.0;V;
27/01/2015;06:00;13;001272;805;Torino - Rebaudengo;04;Biossido di azoto (NO2);23;microgrammi / metro cubo;88.0;V;
27/01/2015;07:00;13;001272;805;Torino - Rebaudengo;04;Biossido di azoto (NO2);23;microgrammi / metro cubo;106.0;V;
27/01/2015;08:00;13;001272;805;Torino - Rebaudengo;04;Biossido di azoto (NO2);23;microgrammi / metro cubo;128.0;V;
27/01/2015;09:00;13;001272;805;Torino - Rebaudengo;04;Biossido di azoto (NO2);23;microgrammi / metro cubo;127.0;V;
27/01/2015;10:00;13;001272;805;Torino - Rebaudengo;04;Biossido di azoto (NO2);23;microgrammi / metro cubo;139.0;V;
27/01/2015;11:00;13;001272;805;Torino - Rebaudengo;04;Biossido di azoto (NO2);23;microgrammi / metro cubo;149.0;V;
27/01/2015;12:00;13;001272;805;Torino - Rebaudengo;04;Biossido di azoto (NO2);23;microgrammi / metro cubo;154.0;V;
27/01/2015;13:00;13;001272;805;Torino - Rebaudengo;04;Biossido di azoto (NO2);23;microgrammi / metro cubo;138.0;V;
27/01/2015;14:00;13;001272;805;Torino - Rebaudengo;04;Biossido di azoto (NO2);23;microgrammi / metro cubo;134.0;V;
27/01/2015;15:00;13;001272;805;Torino - Rebaudengo;04;Biossido di azoto (NO2);23;microgrammi / metro cubo;120.0;V;
27/01/2015;16:00;13;001272;805;Torino - Rebaudengo;04;Biossido di azoto (NO2);23;microgrammi / metro cubo;134.0;V;
27/01/2015;17:00;13;001272;805;Torino - Rebaudengo;04;Biossido di azoto (NO2);23;microgrammi / metro cubo;164.0;V;
27/01/2015;18:00;13;001272;805;Torino - Rebaudengo;04;Biossido di azoto (NO2);23;microgrammi / metro cubo;156.0;V;
27/01/2015;19:00;13;001272;805;Torino - Rebaudengo;04;Biossido di azoto (NO2);23;microgrammi / metro cubo;153.0;V;
27/01/2015;20:00;13;001272;805;Torino - Rebaudengo;04;Biossido di azoto (NO2);23;microgrammi / metro cubo;173.0;V;
27/01/2015;21:00;13;001272;805;Torino - Rebaudengo;04;Biossido di azoto (NO2);23;microgrammi / metro cubo;172.0;V;
27/01/2015;22:00;13;001272;805;Torino - Rebaudengo;04;Biossido di azoto (NO2);23;microgrammi / metro cubo;159.0;V;
27/01/2015;23:00;13;001272;805;Torino - Rebaudengo;04;Biossido di azoto (NO2);23;microgrammi / metro cubo;141.0;V;
27/01/2015;23:59;13;001272;805;Torino - Rebaudengo;04;Biossido di azoto (NO2);23;microgrammi / metro cubo;150.0;V;
28/01/2015;01:00;13;001272;805;Torino - Rebaudengo;04;Biossido di azoto (NO2);23;microgrammi / metro cubo;128.0;V;
28/01/2015;02:00;13;001272;805;Torino - Rebaudengo;04;Biossido di azoto (NO2);23;microgrammi / metro cubo;126.0;V;
28/01/2015;03:00;13;001272;805;Torino - Rebaudengo;04;Biossido di azoto (NO2);23;microgrammi / metro cubo;90.0;V;
28/01/2015;04:00;13;001272;805;Torino - Rebaudengo;04;Biossido di azoto (NO2);23;microgrammi / metro cubo;99.0;V;
28/01/2015;05:00;13;001272;805;Torino - Rebaudengo;04;Biossido di azoto (NO2);23;microgrammi / metro cubo;93.0;V;
28/01/2015;06:00;13;001272;805;Torino - Rebaudengo;04;Biossido di azoto (NO2);23;microgrammi / metro cubo;107.0;V;
28/01/2015;07:00;13;001272;805;Torino - Rebaudengo;04;Biossido di azoto (NO2);23;microgrammi / metro cubo;133.0;V;
28/01/2015;08:00;13;001272;805;Torino - Rebaudengo;04;Biossido di azoto (NO2);23;microgrammi / metro cubo;137.0;V;
28/01/2015;09:00;13;001272;805;Torino - Rebaudengo;04;Biossido di azoto (NO2);23;microgrammi / metro cubo;206.0;V;
28/01/2015;10:00;13;001272;805;Torino - Rebaudengo;04;Biossido di azoto (NO2);23;microgrammi / metro cubo;215.0;V;
28/01/2015;11:00;13;001272;805;Torino - Rebaudengo;04;Biossido di azoto (NO2);23;microgrammi / metro cubo;161.0;V;
28/01/2015;12:00;13;001272;805;Torino - Rebaudengo;04;Biossido di azoto (NO2);23;microgrammi / metro cubo;129.0;V;
28/01/2015;13:00;13;001272;805;Torino - Rebaudengo;04;Biossido di azoto (NO2);23;microgrammi / metro cubo;127.0;V;
28/01/2015;14:00;13;001272;805;Torino - Rebaudengo;04;Biossido di azoto (NO2);23;microgrammi / metro cubo;106.0;V;
28/01/2015;15:00;13;001272;805;Torino - Rebaudengo;04;Biossido di azoto (NO2);23;microgrammi / metro cubo;106.0;V;
28/01/2015;16:00;13;001272;805;Torino - Rebaudengo;04;Biossido di azoto (NO2);23;microgrammi / metro cubo;105.0;V;
28/01/2015;17:00;13;001272;805;Torino - Rebaudengo;04;Biossido di azoto (NO2);23;microgrammi / metro cubo;119.0;V;
28/01/2015;18:00;13;001272;805;Torino - Rebaudengo;04;Biossido di azoto (NO2);23;microgrammi / metro cubo;141.0;V;
28/01/2015;19:00;13;001272;805;Torino - Rebaudengo;04;Biossido di azoto (NO2);23;microgrammi / metro cubo;167.0;V;
28/01/2015;20:00;13;001272;805;Torino - Rebaudengo;04;Biossido di azoto (NO2);23;microgrammi / metro cubo;162.0;V;
28/01/2015;21:00;13;001272;805;Torino - Rebaudengo;04;Biossido di azoto (NO2);23;microgrammi / metro cubo;126.0;V;
28/01/2015;22:00;13;001272;805;Torino - Rebaudengo;04;Biossido di azoto (NO2);23;microgrammi / metro cubo;122.0;V;
28/01/2015;23:00;13;001272;805;Torino - Rebaudengo;04;Biossido di azoto (NO2);23;microgrammi / metro cubo;114.0;V;
28/01/2015;23:59;13;001272;805;Torino - Rebaudengo;04;Biossido di azoto (NO2);23;microgrammi / metro cubo;97.0;V;
29/01/2015;01:00;13;001272;805;Torino - Rebaudengo;04;Biossido di azoto (NO2);23;microgrammi / metro cubo;103.0;V;
29/01/2015;02:00;13;001272;805;Torino - Rebaudengo;04;Biossido di azoto (NO2);23;microgrammi / metro cubo;93.0;V;
29/01/2015;03:00;13;001272;805;Torino - Rebaudengo;04;Biossido di azoto (NO2);23;microgrammi / metro cubo;84.0;V;
29/01/2015;04:00;13;001272;805;Torino - Rebaudengo;04;Biossido di azoto (NO2);23;microgrammi / metro cubo;80.0;V;
29/01/2015;05:00;13;001272;805;Torino - Rebaudengo;04;Biossido di azoto (NO2);23;microgrammi / metro cubo;95.0;V;
29/01/2015;06:00;13;001272;805;Torino - Rebaudengo;04;Biossido di azoto (NO2);23;microgrammi / metro cubo;98.0;V;
29/01/2015;07:00;13;001272;805;Torino - Rebaudengo;04;Biossido di azoto (NO2);23;microgrammi / metro cubo;132.0;V;
29/01/2015;08:00;13;001272;805;Torino - Rebaudengo;04;Biossido di azoto (NO2);23;microgrammi / metro cubo;141.0;V;
29/01/2015;09:00;13;001272;805;Torino - Rebaudengo;04;Biossido di azoto (NO2);23;microgrammi / metro cubo;160.0;V;
29/01/2015;10:00;13;001272;805;Torino - Rebaudengo;04;Biossido di azoto (NO2);23;microgrammi / metro cubo;165.0;V;
29/01/2015;11:00;13;001272;805;Torino - Rebaudengo;04;Biossido di azoto (NO2);23;microgrammi / metro cubo;136.0;V;
29/01/2015;12:00;13;001272;805;Torino - Rebaudengo;04;Biossido di azoto (NO2);23;microgrammi / metro cubo;119.0;V;
29/01/2015;13:00;13;001272;805;Torino - Rebaudengo;04;Biossido di azoto (NO2);23;microgrammi / metro cubo;99.0;V;
29/01/2015;14:00;13;001272;805;Torino - Rebaudengo;04;Biossido di azoto (NO2);23;microgrammi / metro cubo;96.0;V;
29/01/2015;15:00;13;001272;805;Torino - Rebaudengo;04;Biossido di azoto (NO2);23;microgrammi / metro cubo;103.0;V;
29/01/2015;16:00;13;001272;805;Torino - Rebaudengo;04;Biossido di azoto (NO2);23;microgrammi / metro cubo;95.0;V;
29/01/2015;17:00;13;001272;805;Torino - Rebaudengo;04;Biossido di azoto (NO2);23;microgrammi / metro cubo;102.0;V;
29/01/2015;18:00;13;001272;805;Torino - Rebaudengo;04;Biossido di azoto (NO2);23;microgrammi / metro cubo;117.0;V;
29/01/2015;19:00;13;001272;805;Torino - Rebaudengo;04;Biossido di azoto (NO2);23;microgrammi / metro cubo;108.0;V;
29/01/2015;20:00;13;001272;805;Torino - Rebaudengo;04;Biossido di azoto (NO2);23;microgrammi / metro cubo;108.0;V;
29/01/2015;21:00;13;001272;805;Torino - Rebaudengo;04;Biossido di azoto (NO2);23;microgrammi / metro cubo;96.0;V;
29/01/2015;22:00;13;001272;805;Torino - Rebaudengo;04;Biossido di azoto (NO2);23;microgrammi / metro cubo;94.0;V;
29/01/2015;23:00;13;001272;805;Torino - Rebaudengo;04;Biossido di azoto (NO2);23;microgrammi / metro cubo;94.0;V;
29/01/2015;23:59;13;001272;805;Torino - Rebaudengo;04;Biossido di azoto (NO2);23;microgrammi / metro cubo;94.0;V;
30/01/2015;01:00;13;001272;805;Torino - Rebaudengo;04;Biossido di azoto (NO2);23;microgrammi / metro cubo;90.0;V;
30/01/2015;02:00;13;001272;805;Torino - Rebaudengo;04;Biossido di azoto (NO2);23;microgrammi / metro cubo;71.0;V;
30/01/2015;03:00;13;001272;805;Torino - Rebaudengo;04;Biossido di azoto (NO2);23;microgrammi / metro cubo;68.0;V;
30/01/2015;04:00;13;001272;805;Torino - Rebaudengo;04;Biossido di azoto (NO2);23;microgrammi / metro cubo;88.0;V;
30/01/2015;05:00;13;001272;805;Torino - Rebaudengo;04;Biossido di azoto (NO2);23;microgrammi / metro cubo;99.0;V;
30/01/2015;06:00;13;001272;805;Torino - Rebaudengo;04;Biossido di azoto (NO2);23;microgrammi / metro cubo;97.0;V;
30/01/2015;07:00;13;001272;805;Torino - Rebaudengo;04;Biossido di azoto (NO2);23;microgrammi / metro cubo;117.0;V;
30/01/2015;08:00;13;001272;805;Torino - Rebaudengo;04;Biossido di azoto (NO2);23;microgrammi / metro cubo;127.0;V;
30/01/2015;09:00;13;001272;805;Torino - Rebaudengo;04;Biossido di azoto (NO2);23;microgrammi / metro cubo;118.0;V;
30/01/2015;10:00;13;001272;805;Torino - Rebaudengo;04;Biossido di azoto (NO2);23;microgrammi / metro cubo;113.0;V;
30/01/2015;11:00;13;001272;805;Torino - Rebaudengo;04;Biossido di azoto (NO2);23;microgrammi / metro cubo;112.0;V;
30/01/2015;12:00;13;001272;805;Torino - Rebaudengo;04;Biossido di azoto (NO2);23;microgrammi / metro cubo;70.0;V;
30/01/2015;13:00;13;001272;805;Torino - Rebaudengo;04;Biossido di azoto (NO2);23;microgrammi / metro cubo;;E;
30/01/2015;14:00;13;001272;805;Torino - Rebaudengo;04;Biossido di azoto (NO2);23;microgrammi / metro cubo;;E;
30/01/2015;15:00;13;001272;805;Torino - Rebaudengo;04;Biossido di azoto (NO2);23;microgrammi / metro cubo;;E;
30/01/2015;16:00;13;001272;805;Torino - Rebaudengo;04;Biossido di azoto (NO2);23;microgrammi / metro cubo;26.0;V;
30/01/2015;17:00;13;001272;805;Torino - Rebaudengo;04;Biossido di azoto (NO2);23;microgrammi / metro cubo;67.0;V;
30/01/2015;18:00;13;001272;805;Torino - Rebaudengo;04;Biossido di azoto (NO2);23;microgrammi / metro cubo;80.0;V;
30/01/2015;19:00;13;001272;805;Torino - Rebaudengo;04;Biossido di azoto (NO2);23;microgrammi / metro cubo;94.0;V;
30/01/2015;20:00;13;001272;805;Torino - Rebaudengo;04;Biossido di azoto (NO2);23;microgrammi / metro cubo;85.0;V;
30/01/2015;21:00;13;001272;805;Torino - Rebaudengo;04;Biossido di azoto (NO2);23;microgrammi / metro cubo;70.0;V;
30/01/2015;22:00;13;001272;805;Torino - Rebaudengo;04;Biossido di azoto (NO2);23;microgrammi / metro cubo;65.0;V;
30/01/2015;23:00;13;001272;805;Torino - Rebaudengo;04;Biossido di azoto (NO2);23;microgrammi / metro cubo;112.0;V;
30/01/2015;23:59;13;001272;805;Torino - Rebaudengo;04;Biossido di azoto (NO2);23;microgrammi / metro cubo;125.0;V;
31/01/2015;01:00;13;001272;805;Torino - Rebaudengo;04;Biossido di azoto (NO2);23;microgrammi / metro cubo;114.0;V;
31/01/2015;02:00;13;001272;805;Torino - Rebaudengo;04;Biossido di azoto (NO2);23;microgrammi / metro cubo;94.0;V;
31/01/2015;03:00;13;001272;805;Torino - Rebaudengo;04;Biossido di azoto (NO2);23;microgrammi / metro cubo;89.0;V;
31/01/2015;04:00;13;001272;805;Torino - Rebaudengo;04;Biossido di azoto (NO2);23;microgrammi / metro cubo;89.0;V;
31/01/2015;05:00;13;001272;805;Torino - Rebaudengo;04;Biossido di azoto (NO2);23;microgrammi / metro cubo;80.0;V;
31/01/2015;06:00;13;001272;805;Torino - Rebaudengo;04;Biossido di azoto (NO2);23;microgrammi / metro cubo;97.0;V;
31/01/2015;07:00;13;001272;805;Torino - Rebaudengo;04;Biossido di azoto (NO2);23;microgrammi / metro cubo;94.0;V;
31/01/2015;08:00;13;001272;805;Torino - Rebaudengo;04;Biossido di azoto (NO2);23;microgrammi / metro cubo;89.0;V;
31/01/2015;09:00;13;001272;805;Torino - Rebaudengo;04;Biossido di azoto (NO2);23;microgrammi / metro cubo;120.0;V;
31/01/2015;10:00;13;001272;805;Torino - Rebaudengo;04;Biossido di azoto (NO2);23;microgrammi / metro cubo;112.0;V;
31/01/2015;11:00;13;001272;805;Torino - Rebaudengo;04;Biossido di azoto (NO2);23;microgrammi / metro cubo;125.0;V;
31/01/2015;12:00;13;001272;805;Torino - Rebaudengo;04;Biossido di azoto (NO2);23;microgrammi / metro cubo;98.0;V;
31/01/2015;13:00;13;001272;805;Torino - Rebaudengo;04;Biossido di azoto (NO2);23;microgrammi / metro cubo;66.0;V;
31/01/2015;14:00;13;001272;805;Torino - Rebaudengo;04;Biossido di azoto (NO2);23;microgrammi / metro cubo;52.0;V;
31/01/2015;15:00;13;001272;805;Torino - Rebaudengo;04;Biossido di azoto (NO2);23;microgrammi / metro cubo;40.0;V;
31/01/2015;16:00;13;001272;805;Torino - Rebaudengo;04;Biossido di azoto (NO2);23;microgrammi / metro cubo;49.0;V;
31/01/2015;17:00;13;001272;805;Torino - Rebaudengo;04;Biossido di azoto (NO2);23;microgrammi / metro cubo;60.0;V;
31/01/2015;18:00;13;001272;805;Torino - Rebaudengo;04;Biossido di azoto (NO2);23;microgrammi / metro cubo;86.0;V;
31/01/2015;19:00;13;001272;805;Torino - Rebaudengo;04;Biossido di azoto (NO2);23;microgrammi / metro cubo;95.0;V;
31/01/2015;20:00;13;001272;805;Torino - Rebaudengo;04;Biossido di azoto (NO2);23;microgrammi / metro cubo;92.0;V;
31/01/2015;21:00;13;001272;805;Torino - Rebaudengo;04;Biossido di azoto (NO2);23;microgrammi / metro cubo;92.0;V;
31/01/2015;22:00;13;001272;805;Torino - Rebaudengo;04;Biossido di azoto (NO2);23;microgrammi / metro cubo;94.0;V;
31/01/2015;23:00;13;001272;805;Torino - Rebaudengo;04;Biossido di azoto (NO2);23;microgrammi / metro cubo;103.0;V;
31/01/2015;23:59;13;001272;805;Torino - Rebaudengo;04;Biossido di azoto (NO2);23;microgrammi / metro cubo;103.0;V;
01/02/2015;01:00;13;001272;805;Torino - Rebaudengo;04;Biossido di azoto (NO2);23;microgrammi / metro cubo;98.0;V;
01/02/2015;02:00;13;001272;805;Torino - Rebaudengo;04;Biossido di azoto (NO2);23;microgrammi / metro cubo;112.0;V;
01/02/2015;03:00;13;001272;805;Torino - Rebaudengo;04;Biossido di azoto (NO2);23;microgrammi / metro cubo;82.0;V;
01/02/2015;04:00;13;001272;805;Torino - Rebaudengo;04;Biossido di azoto (NO2);23;microgrammi / metro cubo;76.0;V;
01/02/2015;05:00;13;001272;805;Torino - Rebaudengo;04;Biossido di azoto (NO2);23;microgrammi / metro cubo;77.0;V;
01/02/2015;06:00;13;001272;805;Torino - Rebaudengo;04;Biossido di azoto (NO2);23;microgrammi / metro cubo;75.0;V;
01/02/2015;07:00;13;001272;805;Torino - Rebaudengo;04;Biossido di azoto (NO2);23;microgrammi / metro cubo;77.0;V;
01/02/2015;08:00;13;001272;805;Torino - Rebaudengo;04;Biossido di azoto (NO2);23;microgrammi / metro cubo;76.0;V;
01/02/2015;09:00;13;001272;805;Torino - Rebaudengo;04;Biossido di azoto (NO2);23;microgrammi / metro cubo;71.0;V;
01/02/2015;10:00;13;001272;805;Torino - Rebaudengo;04;Biossido di azoto (NO2);23;microgrammi / metro cubo;83.0;V;
01/02/2015;11:00;13;001272;805;Torino - Rebaudengo;04;Biossido di azoto (NO2);23;microgrammi / metro cubo;90.0;V;
01/02/2015;12:00;13;001272;805;Torino - Rebaudengo;04;Biossido di azoto (NO2);23;microgrammi / metro cubo;86.0;V;
01/02/2015;13:00;13;001272;805;Torino - Rebaudengo;04;Biossido di azoto (NO2);23;microgrammi / metro cubo;78.0;V;
01/02/2015;14:00;13;001272;805;Torino - Rebaudengo;04;Biossido di azoto (NO2);23;microgrammi / metro cubo;65.0;V;
01/02/2015;15:00;13;001272;805;Torino - Rebaudengo;04;Biossido di azoto (NO2);23;microgrammi / metro cubo;55.0;V;
01/02/2015;16:00;13;001272;805;Torino - Rebaudengo;04;Biossido di azoto (NO2);23;microgrammi / metro cubo;53.0;V;
01/02/2015;17:00;13;001272;805;Torino - Rebaudengo;04;Biossido di azoto (NO2);23;microgrammi / metro cubo;47.0;V;
01/02/2015;18:00;13;001272;805;Torino - Rebaudengo;04;Biossido di azoto (NO2);23;microgrammi / metro cubo;55.0;V;
01/02/2015;19:00;13;001272;805;Torino - Rebaudengo;04;Biossido di azoto (NO2);23;microgrammi / metro cubo;70.0;V;
01/02/2015;20:00;13;001272;805;Torino - Rebaudengo;04;Biossido di azoto (NO2);23;microgrammi / metro cubo;101.0;V;
01/02/2015;21:00;13;001272;805;Torino - Rebaudengo;04;Biossido di azoto (NO2);23;microgrammi / metro cubo;101.0;V;
01/02/2015;22:00;13;001272;805;Torino - Rebaudengo;04;Biossido di azoto (NO2);23;microgrammi / metro cubo;121.0;V;
01/02/2015;23:00;13;001272;805;Torino - Rebaudengo;04;Biossido di azoto (NO2);23;microgrammi / metro cubo;143.0;V;
01/02/2015;23:59;13;001272;805;Torino - Rebaudengo;04;Biossido di azoto (NO2);23;microgrammi / metro cubo;117.0;V;
02/02/2015;01:00;13;001272;805;Torino - Rebaudengo;04;Biossido di azoto (NO2);23;microgrammi / metro cubo;119.0;V;
02/02/2015;02:00;13;001272;805;Torino - Rebaudengo;04;Biossido di azoto (NO2);23;microgrammi / metro cubo;102.0;V;
02/02/2015;03:00;13;001272;805;Torino - Rebaudengo;04;Biossido di azoto (NO2);23;microgrammi / metro cubo;93.0;V;
02/02/2015;04:00;13;001272;805;Torino - Rebaudengo;04;Biossido di azoto (NO2);23;microgrammi / metro cubo;79.0;V;
02/02/2015;05:00;13;001272;805;Torino - Rebaudengo;04;Biossido di azoto (NO2);23;microgrammi / metro cubo;71.0;V;
02/02/2015;06:00;13;001272;805;Torino - Rebaudengo;04;Biossido di azoto (NO2);23;microgrammi / metro cubo;72.0;V;
02/02/2015;07:00;13;001272;805;Torino - Rebaudengo;04;Biossido di azoto (NO2);23;microgrammi / metro cubo;86.0;V;
02/02/2015;08:00;13;001272;805;Torino - Rebaudengo;04;Biossido di azoto (NO2);23;microgrammi / metro cubo;105.0;V;
02/02/2015;09:00;13;001272;805;Torino - Rebaudengo;04;Biossido di azoto (NO2);23;microgrammi / metro cubo;127.0;V;
02/02/2015;10:00;13;001272;805;Torino - Rebaudengo;04;Biossido di azoto (NO2);23;microgrammi / metro cubo;135.0;V;
02/02/2015;11:00;13;001272;805;Torino - Rebaudengo;04;Biossido di azoto (NO2);23;microgrammi / metro cubo;148.0;V;
02/02/2015;12:00;13;001272;805;Torino - Rebaudengo;04;Biossido di azoto (NO2);23;microgrammi / metro cubo;98.0;V;
02/02/2015;13:00;13;001272;805;Torino - Rebaudengo;04;Biossido di azoto (NO2);23;microgrammi / metro cubo;69.0;V;
02/02/2015;14:00;13;001272;805;Torino - Rebaudengo;04;Biossido di azoto (NO2);23;microgrammi / metro cubo;75.0;V;
02/02/2015;15:00;13;001272;805;Torino - Rebaudengo;04;Biossido di azoto (NO2);23;microgrammi / metro cubo;70.0;V;
02/02/2015;16:00;13;001272;805;Torino - Rebaudengo;04;Biossido di azoto (NO2);23;microgrammi / metro cubo;72.0;V;
02/02/2015;17:00;13;001272;805;Torino - Rebaudengo;04;Biossido di azoto (NO2);23;microgrammi / metro cubo;90.0;V;
02/02/2015;18:00;13;001272;805;Torino - Rebaudengo;04;Biossido di azoto (NO2);23;microgrammi / metro cubo;102.0;V;
02/02/2015;19:00;13;001272;805;Torino - Rebaudengo;04;Biossido di azoto (NO2);23;microgrammi / metro cubo;107.0;V;
02/02/2015;20:00;13;001272;805;Torino - Rebaudengo;04;Biossido di azoto (NO2);23;microgrammi / metro cubo;102.0;V;
02/02/2015;21:00;13;001272;805;Torino - Rebaudengo;04;Biossido di azoto (NO2);23;microgrammi / metro cubo;97.0;V;
02/02/2015;22:00;13;001272;805;Torino - Rebaudengo;04;Biossido di azoto (NO2);23;microgrammi / metro cubo;91.0;V;
02/02/2015;23:00;13;001272;805;Torino - Rebaudengo;04;Biossido di azoto (NO2);23;microgrammi / metro cubo;78.0;V;
02/02/2015;23:59;13;001272;805;Torino - Rebaudengo;04;Biossido di azoto (NO2);23;microgrammi / metro cubo;80.0;V;
03/02/2015;01:00;13;001272;805;Torino - Rebaudengo;04;Biossido di azoto (NO2);23;microgrammi / metro cubo;78.0;V;
03/02/2015;02:00;13;001272;805;Torino - Rebaudengo;04;Biossido di azoto (NO2);23;microgrammi / metro cubo;65.0;V;
03/02/2015;03:00;13;001272;805;Torino - Rebaudengo;04;Biossido di azoto (NO2);23;microgrammi / metro cubo;61.0;V;
03/02/2015;04:00;13;001272;805;Torino - Rebaudengo;04;Biossido di azoto (NO2);23;microgrammi / metro cubo;70.0;V;
03/02/2015;05:00;13;001272;805;Torino - Rebaudengo;04;Biossido di azoto (NO2);23;microgrammi / metro cubo;58.0;V;
03/02/2015;06:00;13;001272;805;Torino - Rebaudengo;04;Biossido di azoto (NO2);23;microgrammi / metro cubo;58.0;V;
03/02/2015;07:00;13;001272;805;Torino - Rebaudengo;04;Biossido di azoto (NO2);23;microgrammi / metro cubo;68.0;V;
03/02/2015;08:00;13;001272;805;Torino - Rebaudengo;04;Biossido di azoto (NO2);23;microgrammi / metro cubo;78.0;V;
03/02/2015;09:00;13;001272;805;Torino - Rebaudengo;04;Biossido di azoto (NO2);23;microgrammi / metro cubo;79.0;V;
03/02/2015;10:00;13;001272;805;Torino - Rebaudengo;04;Biossido di azoto (NO2);23;microgrammi / metro cubo;81.0;V;
03/02/2015;11:00;13;001272;805;Torino - Rebaudengo;04;Biossido di azoto (NO2);23;microgrammi / metro cubo;70.0;V;
03/02/2015;12:00;13;001272;805;Torino - Rebaudengo;04;Biossido di azoto (NO2);23;microgrammi / metro cubo;59.0;V;
03/02/2015;13:00;13;001272;805;Torino - Rebaudengo;04;Biossido di azoto (NO2);23;microgrammi / metro cubo;61.0;V;
03/02/2015;14:00;13;001272;805;Torino - Rebaudengo;04;Biossido di azoto (NO2);23;microgrammi / metro cubo;69.0;V;
03/02/2015;15:00;13;001272;805;Torino - Rebaudengo;04;Biossido di azoto (NO2);23;microgrammi / metro cubo;73.0;V;
03/02/2015;16:00;13;001272;805;Torino - Rebaudengo;04;Biossido di azoto (NO2);23;microgrammi / metro cubo;69.0;V;
03/02/2015;17:00;13;001272;805;Torino - Rebaudengo;04;Biossido di azoto (NO2);23;microgrammi / metro cubo;82.0;V;
03/02/2015;18:00;13;001272;805;Torino - Rebaudengo;04;Biossido di azoto (NO2);23;microgrammi / metro cubo;74.0;V;
03/02/2015;19:00;13;001272;805;Torino - Rebaudengo;04;Biossido di azoto (NO2);23;microgrammi / metro cubo;78.0;V;
03/02/2015;20:00;13;001272;805;Torino - Rebaudengo;04;Biossido di azoto (NO2);23;microgrammi / metro cubo;82.0;V;
03/02/2015;21:00;13;001272;805;Torino - Rebaudengo;04;Biossido di azoto (NO2);23;microgrammi / metro cubo;75.0;V;
03/02/2015;22:00;13;001272;805;Torino - Rebaudengo;04;Biossido di azoto (NO2);23;microgrammi / metro cubo;75.0;V;
03/02/2015;23:00;13;001272;805;Torino - Rebaudengo;04;Biossido di azoto (NO2);23;microgrammi / metro cubo;82.0;V;
03/02/2015;23:59;13;001272;805;Torino - Rebaudengo;04;Biossido di azoto (NO2);23;microgrammi / metro cubo;82.0;V;
04/02/2015;01:00;13;001272;805;Torino - Rebaudengo;04;Biossido di azoto (NO2);23;microgrammi / metro cubo;73.0;V;
04/02/2015;02:00;13;001272;805;Torino - Rebaudengo;04;Biossido di azoto (NO2);23;microgrammi / metro cubo;76.0;V;
04/02/2015;03:00;13;001272;805;Torino - Rebaudengo;04;Biossido di azoto (NO2);23;microgrammi / metro cubo;80.0;V;
04/02/2015;04:00;13;001272;805;Torino - Rebaudengo;04;Biossido di azoto (NO2);23;microgrammi / metro cubo;74.0;V;
04/02/2015;05:00;13;001272;805;Torino - Rebaudengo;04;Biossido di azoto (NO2);23;microgrammi / metro cubo;61.0;V;
04/02/2015;06:00;13;001272;805;Torino - Rebaudengo;04;Biossido di azoto (NO2);23;microgrammi / metro cubo;60.0;V;
04/02/2015;07:00;13;001272;805;Torino - Rebaudengo;04;Biossido di azoto (NO2);23;microgrammi / metro cubo;68.0;V;
04/02/2015;08:00;13;001272;805;Torino - Rebaudengo;04;Biossido di azoto (NO2);23;microgrammi / metro cubo;75.0;V;
04/02/2015;09:00;13;001272;805;Torino - Rebaudengo;04;Biossido di azoto (NO2);23;microgrammi / metro cubo;82.0;V;
04/02/2015;10:00;13;001272;805;Torino - Rebaudengo;04;Biossido di azoto (NO2);23;microgrammi / metro cubo;87.0;V;
04/02/2015;11:00;13;001272;805;Torino - Rebaudengo;04;Biossido di azoto (NO2);23;microgrammi / metro cubo;71.0;V;
04/02/2015;12:00;13;001272;805;Torino - Rebaudengo;04;Biossido di azoto (NO2);23;microgrammi / metro cubo;65.0;V;
04/02/2015;13:00;13;001272;805;Torino - Rebaudengo;04;Biossido di azoto (NO2);23;microgrammi / metro cubo;87.0;V;
04/02/2015;14:00;13;001272;805;Torino - Rebaudengo;04;Biossido di azoto (NO2);23;microgrammi / metro cubo;95.0;V;
04/02/2015;15:00;13;001272;805;Torino - Rebaudengo;04;Biossido di azoto (NO2);23;microgrammi / metro cubo;92.0;V;
04/02/2015;16:00;13;001272;805;Torino - Rebaudengo;04;Biossido di azoto (NO2);23;microgrammi / metro cubo;82.0;V;
04/02/2015;17:00;13;001272;805;Torino - Rebaudengo;04;Biossido di azoto (NO2);23;microgrammi / metro cubo;81.0;V;
04/02/2015;18:00;13;001272;805;Torino - Rebaudengo;04;Biossido di azoto (NO2);23;microgrammi / metro cubo;93.0;V;
04/02/2015;19:00;13;001272;805;Torino - Rebaudengo;04;Biossido di azoto (NO2);23;microgrammi / metro cubo;92.0;V;
04/02/2015;20:00;13;001272;805;Torino - Rebaudengo;04;Biossido di azoto (NO2);23;microgrammi / metro cubo;83.0;V;
04/02/2015;21:00;13;001272;805;Torino - Rebaudengo;04;Biossido di azoto (NO2);23;microgrammi / metro cubo;85.0;V;
04/02/2015;22:00;13;001272;805;Torino - Rebaudengo;04;Biossido di azoto (NO2);23;microgrammi / metro cubo;91.0;V;
04/02/2015;23:00;13;001272;805;Torino - Rebaudengo;04;Biossido di azoto (NO2);23;microgrammi / metro cubo;71.0;V;
04/02/2015;23:59;13;001272;805;Torino - Rebaudengo;04;Biossido di azoto (NO2);23;microgrammi / metro cubo;50.0;V;
05/02/2015;01:00;13;001272;805;Torino - Rebaudengo;04;Biossido di azoto (NO2);23;microgrammi / metro cubo;49.0;V;
05/02/2015;02:00;13;001272;805;Torino - Rebaudengo;04;Biossido di azoto (NO2);23;microgrammi / metro cubo;44.0;V;
05/02/2015;03:00;13;001272;805;Torino - Rebaudengo;04;Biossido di azoto (NO2);23;microgrammi / metro cubo;52.0;V;
05/02/2015;04:00;13;001272;805;Torino - Rebaudengo;04;Biossido di azoto (NO2);23;microgrammi / metro cubo;38.0;V;
05/02/2015;05:00;13;001272;805;Torino - Rebaudengo;04;Biossido di azoto (NO2);23;microgrammi / metro cubo;46.0;V;
05/02/2015;06:00;13;001272;805;Torino - Rebaudengo;04;Biossido di azoto (NO2);23;microgrammi / metro cubo;84.0;V;
05/02/2015;07:00;13;001272;805;Torino - Rebaudengo;04;Biossido di azoto (NO2);23;microgrammi / metro cubo;99.0;V;
05/02/2015;08:00;13;001272;805;Torino - Rebaudengo;04;Biossido di azoto (NO2);23;microgrammi / metro cubo;86.0;V;
05/02/2015;09:00;13;001272;805;Torino - Rebaudengo;04;Biossido di azoto (NO2);23;microgrammi / metro cubo;96.0;V;
05/02/2015;10:00;13;001272;805;Torino - Rebaudengo;04;Biossido di azoto (NO2);23;microgrammi / metro cubo;103.0;V;
05/02/2015;11:00;13;001272;805;Torino - Rebaudengo;04;Biossido di azoto (NO2);23;microgrammi / metro cubo;113.0;V;
05/02/2015;12:00;13;001272;805;Torino - Rebaudengo;04;Biossido di azoto (NO2);23;microgrammi / metro cubo;111.0;V;
05/02/2015;13:00;13;001272;805;Torino - Rebaudengo;04;Biossido di azoto (NO2);23;microgrammi / metro cubo;104.0;V;
05/02/2015;14:00;13;001272;805;Torino - Rebaudengo;04;Biossido di azoto (NO2);23;microgrammi / metro cubo;118.0;V;
05/02/2015;15:00;13;001272;805;Torino - Rebaudengo;04;Biossido di azoto (NO2);23;microgrammi / metro cubo;104.0;V;
05/02/2015;16:00;13;001272;805;Torino - Rebaudengo;04;Biossido di azoto (NO2);23;microgrammi / metro cubo;98.0;V;
05/02/2015;17:00;13;001272;805;Torino - Rebaudengo;04;Biossido di azoto (NO2);23;microgrammi / metro cubo;111.0;V;
05/02/2015;18:00;13;001272;805;Torino - Rebaudengo;04;Biossido di azoto (NO2);23;microgrammi / metro cubo;96.0;V;
05/02/2015;19:00;13;001272;805;Torino - Rebaudengo;04;Biossido di azoto (NO2);23;microgrammi / metro cubo;105.0;V;
05/02/2015;20:00;13;001272;805;Torino - Rebaudengo;04;Biossido di azoto (NO2);23;microgrammi / metro cubo;117.0;V;
05/02/2015;21:00;13;001272;805;Torino - Rebaudengo;04;Biossido di azoto (NO2);23;microgrammi / metro cubo;134.0;V;
05/02/2015;22:00;13;001272;805;Torino - Rebaudengo;04;Biossido di azoto (NO2);23;microgrammi / metro cubo;118.0;V;
05/02/2015;23:00;13;001272;805;Torino - Rebaudengo;04;Biossido di azoto (NO2);23;microgrammi / metro cubo;111.0;V;
05/02/2015;23:59;13;001272;805;Torino - Rebaudengo;04;Biossido di azoto (NO2);23;microgrammi / metro cubo;118.0;V;
06/02/2015;01:00;13;001272;805;Torino - Rebaudengo;04;Biossido di azoto (NO2);23;microgrammi / metro cubo;84.0;V;
06/02/2015;02:00;13;001272;805;Torino - Rebaudengo;04;Biossido di azoto (NO2);23;microgrammi / metro cubo;48.0;V;
06/02/2015;03:00;13;001272;805;Torino - Rebaudengo;04;Biossido di azoto (NO2);23;microgrammi / metro cubo;33.0;V;
06/02/2015;04:00;13;001272;805;Torino - Rebaudengo;04;Biossido di azoto (NO2);23;microgrammi / metro cubo;38.0;V;
06/02/2015;05:00;13;001272;805;Torino - Rebaudengo;04;Biossido di azoto (NO2);23;microgrammi / metro cubo;45.0;V;
06/02/2015;06:00;13;001272;805;Torino - Rebaudengo;04;Biossido di azoto (NO2);23;microgrammi / metro cubo;62.0;V;
06/02/2015;07:00;13;001272;805;Torino - Rebaudengo;04;Biossido di azoto (NO2);23;microgrammi / metro cubo;85.0;V;
06/02/2015;08:00;13;001272;805;Torino - Rebaudengo;04;Biossido di azoto (NO2);23;microgrammi / metro cubo;124.0;V;
06/02/2015;09:00;13;001272;805;Torino - Rebaudengo;04;Biossido di azoto (NO2);23;microgrammi / metro cubo;113.0;V;
06/02/2015;10:00;13;001272;805;Torino - Rebaudengo;04;Biossido di azoto (NO2);23;microgrammi / metro cubo;110.0;V;
06/02/2015;11:00;13;001272;805;Torino - Rebaudengo;04;Biossido di azoto (NO2);23;microgrammi / metro cubo;114.0;V;
06/02/2015;12:00;13;001272;805;Torino - Rebaudengo;04;Biossido di azoto (NO2);23;microgrammi / metro cubo;112.0;V;
06/02/2015;13:00;13;001272;805;Torino - Rebaudengo;04;Biossido di azoto (NO2);23;microgrammi / metro cubo;89.0;V;
06/02/2015;14:00;13;001272;805;Torino - Rebaudengo;04;Biossido di azoto (NO2);23;microgrammi / metro cubo;105.0;V;
06/02/2015;15:00;13;001272;805;Torino - Rebaudengo;04;Biossido di azoto (NO2);23;microgrammi / metro cubo;108.0;V;
06/02/2015;16:00;13;001272;805;Torino - Rebaudengo;04;Biossido di azoto (NO2);23;microgrammi / metro cubo;120.0;V;
06/02/2015;17:00;13;001272;805;Torino - Rebaudengo;04;Biossido di azoto (NO2);23;microgrammi / metro cubo;114.0;V;
06/02/2015;18:00;13;001272;805;Torino - Rebaudengo;04;Biossido di azoto (NO2);23;microgrammi / metro cubo;125.0;V;
06/02/2015;19:00;13;001272;805;Torino - Rebaudengo;04;Biossido di azoto (NO2);23;microgrammi / metro cubo;116.0;V;
06/02/2015;20:00;13;001272;805;Torino - Rebaudengo;04;Biossido di azoto (NO2);23;microgrammi / metro cubo;108.0;V;
06/02/2015;21:00;13;001272;805;Torino - Rebaudengo;04;Biossido di azoto (NO2);23;microgrammi / metro cubo;105.0;V;
06/02/2015;22:00;13;001272;805;Torino - Rebaudengo;04;Biossido di azoto (NO2);23;microgrammi / metro cubo;102.0;V;
06/02/2015;23:00;13;001272;805;Torino - Rebaudengo;04;Biossido di azoto (NO2);23;microgrammi / metro cubo;91.0;V;
06/02/2015;23:59;13;001272;805;Torino - Rebaudengo;04;Biossido di azoto (NO2);23;microgrammi / metro cubo;59.0;V;
07/02/2015;01:00;13;001272;805;Torino - Rebaudengo;04;Biossido di azoto (NO2);23;microgrammi / metro cubo;44.0;V;
07/02/2015;02:00;13;001272;805;Torino - Rebaudengo;04;Biossido di azoto (NO2);23;microgrammi / metro cubo;69.0;V;
07/02/2015;03:00;13;001272;805;Torino - Rebaudengo;04;Biossido di azoto (NO2);23;microgrammi / metro cubo;71.0;V;
07/02/2015;04:00;13;001272;805;Torino - Rebaudengo;04;Biossido di azoto (NO2);23;microgrammi / metro cubo;84.0;V;
07/02/2015;05:00;13;001272;805;Torino - Rebaudengo;04;Biossido di azoto (NO2);23;microgrammi / metro cubo;81.0;V;
07/02/2015;06:00;13;001272;805;Torino - Rebaudengo;04;Biossido di azoto (NO2);23;microgrammi / metro cubo;105.0;V;
07/02/2015;07:00;13;001272;805;Torino - Rebaudengo;04;Biossido di azoto (NO2);23;microgrammi / metro cubo;111.0;V;
07/02/2015;08:00;13;001272;805;Torino - Rebaudengo;04;Biossido di azoto (NO2);23;microgrammi / metro cubo;105.0;V;
07/02/2015;09:00;13;001272;805;Torino - Rebaudengo;04;Biossido di azoto (NO2);23;microgrammi / metro cubo;106.0;V;
07/02/2015;10:00;13;001272;805;Torino - Rebaudengo;04;Biossido di azoto (NO2);23;microgrammi / metro cubo;107.0;V;
07/02/2015;11:00;13;001272;805;Torino - Rebaudengo;04;Biossido di azoto (NO2);23;microgrammi / metro cubo;94.0;V;
07/02/2015;12:00;13;001272;805;Torino - Rebaudengo;04;Biossido di azoto (NO2);23;microgrammi / metro cubo;76.0;V;
07/02/2015;13:00;13;001272;805;Torino - Rebaudengo;04;Biossido di azoto (NO2);23;microgrammi / metro cubo;84.0;V;
07/02/2015;14:00;13;001272;805;Torino - Rebaudengo;04;Biossido di azoto (NO2);23;microgrammi / metro cubo;81.0;V;
07/02/2015;15:00;13;001272;805;Torino - Rebaudengo;04;Biossido di azoto (NO2);23;microgrammi / metro cubo;91.0;V;
07/02/2015;16:00;13;001272;805;Torino - Rebaudengo;04;Biossido di azoto (NO2);23;microgrammi / metro cubo;88.0;V;
07/02/2015;17:00;13;001272;805;Torino - Rebaudengo;04;Biossido di azoto (NO2);23;microgrammi / metro cubo;93.0;V;
07/02/2015;18:00;13;001272;805;Torino - Rebaudengo;04;Biossido di azoto (NO2);23;microgrammi / metro cubo;108.0;V;
07/02/2015;19:00;13;001272;805;Torino - Rebaudengo;04;Biossido di azoto (NO2);23;microgrammi / metro cubo;109.0;V;
07/02/2015;20:00;13;001272;805;Torino - Rebaudengo;04;Biossido di azoto (NO2);23;microgrammi / metro cubo;115.0;V;
07/02/2015;21:00;13;001272;805;Torino - Rebaudengo;04;Biossido di azoto (NO2);23;microgrammi / metro cubo;119.0;V;
07/02/2015;22:00;13;001272;805;Torino - Rebaudengo;04;Biossido di azoto (NO2);23;microgrammi / metro cubo;122.0;V;
07/02/2015;23:00;13;001272;805;Torino - Rebaudengo;04;Biossido di azoto (NO2);23;microgrammi / metro cubo;112.0;V;
07/02/2015;23:59;13;001272;805;Torino - Rebaudengo;04;Biossido di azoto (NO2);23;microgrammi / metro cubo;98.0;V;
08/02/2015;01:00;13;001272;805;Torino - Rebaudengo;04;Biossido di azoto (NO2);23;microgrammi / metro cubo;104.0;V;
08/02/2015;02:00;13;001272;805;Torino - Rebaudengo;04;Biossido di azoto (NO2);23;microgrammi / metro cubo;101.0;V;
08/02/2015;03:00;13;001272;805;Torino - Rebaudengo;04;Biossido di azoto (NO2);23;microgrammi / metro cubo;90.0;V;
08/02/2015;04:00;13;001272;805;Torino - Rebaudengo;04;Biossido di azoto (NO2);23;microgrammi / metro cubo;82.0;V;
08/02/2015;05:00;13;001272;805;Torino - Rebaudengo;04;Biossido di azoto (NO2);23;microgrammi / metro cubo;88.0;V;
08/02/2015;06:00;13;001272;805;Torino - Rebaudengo;04;Biossido di azoto (NO2);23;microgrammi / metro cubo;89.0;V;
08/02/2015;07:00;13;001272;805;Torino - Rebaudengo;04;Biossido di azoto (NO2);23;microgrammi / metro cubo;81.0;V;
08/02/2015;08:00;13;001272;805;Torino - Rebaudengo;04;Biossido di azoto (NO2);23;microgrammi / metro cubo;80.0;V;
08/02/2015;09:00;13;001272;805;Torino - Rebaudengo;04;Biossido di azoto (NO2);23;microgrammi / metro cubo;74.0;V;
08/02/2015;10:00;13;001272;805;Torino - Rebaudengo;04;Biossido di azoto (NO2);23;microgrammi / metro cubo;76.0;V;
08/02/2015;11:00;13;001272;805;Torino - Rebaudengo;04;Biossido di azoto (NO2);23;microgrammi / metro cubo;71.0;V;
08/02/2015;12:00;13;001272;805;Torino - Rebaudengo;04;Biossido di azoto (NO2);23;microgrammi / metro cubo;72.0;V;
08/02/2015;13:00;13;001272;805;Torino - Rebaudengo;04;Biossido di azoto (NO2);23;microgrammi / metro cubo;73.0;V;
08/02/2015;14:00;13;001272;805;Torino - Rebaudengo;04;Biossido di azoto (NO2);23;microgrammi / metro cubo;65.0;V;
08/02/2015;15:00;13;001272;805;Torino - Rebaudengo;04;Biossido di azoto (NO2);23;microgrammi / metro cubo;77.0;V;
08/02/2015;16:00;13;001272;805;Torino - Rebaudengo;04;Biossido di azoto (NO2);23;microgrammi / metro cubo;95.0;V;
08/02/2015;17:00;13;001272;805;Torino - Rebaudengo;04;Biossido di azoto (NO2);23;microgrammi / metro cubo;108.0;V;
08/02/2015;18:00;13;001272;805;Torino - Rebaudengo;04;Biossido di azoto (NO2);23;microgrammi / metro cubo;116.0;V;
08/02/2015;19:00;13;001272;805;Torino - Rebaudengo;04;Biossido di azoto (NO2);23;microgrammi / metro cubo;115.0;V;
08/02/2015;20:00;13;001272;805;Torino - Rebaudengo;04;Biossido di azoto (NO2);23;microgrammi / metro cubo;107.0;V;
08/02/2015;21:00;13;001272;805;Torino - Rebaudengo;04;Biossido di azoto (NO2);23;microgrammi / metro cubo;130.0;V;
08/02/2015;22:00;13;001272;805;Torino - Rebaudengo;04;Biossido di azoto (NO2);23;microgrammi / metro cubo;123.0;V;
08/02/2015;23:00;13;001272;805;Torino - Rebaudengo;04;Biossido di azoto (NO2);23;microgrammi / metro cubo;113.0;V;
08/02/2015;23:59;13;001272;805;Torino - Rebaudengo;04;Biossido di azoto (NO2);23;microgrammi / metro cubo;96.0;V;
09/02/2015;01:00;13;001272;805;Torino - Rebaudengo;04;Biossido di azoto (NO2);23;microgrammi / metro cubo;107.0;V;
09/02/2015;02:00;13;001272;805;Torino - Rebaudengo;04;Biossido di azoto (NO2);23;microgrammi / metro cubo;98.0;V;
09/02/2015;03:00;13;001272;805;Torino - Rebaudengo;04;Biossido di azoto (NO2);23;microgrammi / metro cubo;95.0;V;
09/02/2015;04:00;13;001272;805;Torino - Rebaudengo;04;Biossido di azoto (NO2);23;microgrammi / metro cubo;87.0;V;
09/02/2015;05:00;13;001272;805;Torino - Rebaudengo;04;Biossido di azoto (NO2);23;microgrammi / metro cubo;79.0;V;
09/02/2015;06:00;13;001272;805;Torino - Rebaudengo;04;Biossido di azoto (NO2);23;microgrammi / metro cubo;86.0;V;
09/02/2015;07:00;13;001272;805;Torino - Rebaudengo;04;Biossido di azoto (NO2);23;microgrammi / metro cubo;101.0;V;
09/02/2015;08:00;13;001272;805;Torino - Rebaudengo;04;Biossido di azoto (NO2);23;microgrammi / metro cubo;102.0;V;
09/02/2015;09:00;13;001272;805;Torino - Rebaudengo;04;Biossido di azoto (NO2);23;microgrammi / metro cubo;120.0;V;
09/02/2015;10:00;13;001272;805;Torino - Rebaudengo;04;Biossido di azoto (NO2);23;microgrammi / metro cubo;127.0;V;
09/02/2015;11:00;13;001272;805;Torino - Rebaudengo;04;Biossido di azoto (NO2);23;microgrammi / metro cubo;109.0;V;
09/02/2015;12:00;13;001272;805;Torino - Rebaudengo;04;Biossido di azoto (NO2);23;microgrammi / metro cubo;103.0;V;
09/02/2015;13:00;13;001272;805;Torino - Rebaudengo;04;Biossido di azoto (NO2);23;microgrammi / metro cubo;87.0;V;
09/02/2015;14:00;13;001272;805;Torino - Rebaudengo;04;Biossido di azoto (NO2);23;microgrammi / metro cubo;93.0;V;
09/02/2015;15:00;13;001272;805;Torino - Rebaudengo;04;Biossido di azoto (NO2);23;microgrammi / metro cubo;90.0;V;
09/02/2015;16:00;13;001272;805;Torino - Rebaudengo;04;Biossido di azoto (NO2);23;microgrammi / metro cubo;103.0;V;
09/02/2015;17:00;13;001272;805;Torino - Rebaudengo;04;Biossido di azoto (NO2);23;microgrammi / metro cubo;105.0;V;
09/02/2015;18:00;13;001272;805;Torino - Rebaudengo;04;Biossido di azoto (NO2);23;microgrammi / metro cubo;118.0;V;
09/02/2015;19:00;13;001272;805;Torino - Rebaudengo;04;Biossido di azoto (NO2);23;microgrammi / metro cubo;127.0;V;
09/02/2015;20:00;13;001272;805;Torino - Rebaudengo;04;Biossido di azoto (NO2);23;microgrammi / metro cubo;128.0;V;
09/02/2015;21:00;13;001272;805;Torino - Rebaudengo;04;Biossido di azoto (NO2);23;microgrammi / metro cubo;119.0;V;
09/02/2015;22:00;13;001272;805;Torino - Rebaudengo;04;Biossido di azoto (NO2);23;microgrammi / metro cubo;124.0;V;
09/02/2015;23:00;13;001272;805;Torino - Rebaudengo;04;Biossido di azoto (NO2);23;microgrammi / metro cubo;136.0;V;
09/02/2015;23:59;13;001272;805;Torino - Rebaudengo;04;Biossido di azoto (NO2);23;microgrammi / metro cubo;109.0;V;
10/02/2015;01:00;13;001272;805;Torino - Rebaudengo;04;Biossido di azoto (NO2);23;microgrammi / metro cubo;91.0;V;
10/02/2015;02:00;13;001272;805;Torino - Rebaudengo;04;Biossido di azoto (NO2);23;microgrammi / metro cubo;103.0;V;
10/02/2015;03:00;13;001272;805;Torino - Rebaudengo;04;Biossido di azoto (NO2);23;microgrammi / metro cubo;95.0;V;
10/02/2015;04:00;13;001272;805;Torino - Rebaudengo;04;Biossido di azoto (NO2);23;microgrammi / metro cubo;81.0;V;
10/02/2015;05:00;13;001272;805;Torino - Rebaudengo;04;Biossido di azoto (NO2);23;microgrammi / metro cubo;84.0;V;
10/02/2015;06:00;13;001272;805;Torino - Rebaudengo;04;Biossido di azoto (NO2);23;microgrammi / metro cubo;108.0;V;
10/02/2015;07:00;13;001272;805;Torino - Rebaudengo;04;Biossido di azoto (NO2);23;microgrammi / metro cubo;102.0;V;
10/02/2015;08:00;13;001272;805;Torino - Rebaudengo;04;Biossido di azoto (NO2);23;microgrammi / metro cubo;118.0;V;
10/02/2015;09:00;13;001272;805;Torino - Rebaudengo;04;Biossido di azoto (NO2);23;microgrammi / metro cubo;144.0;V;
10/02/2015;10:00;13;001272;805;Torino - Rebaudengo;04;Biossido di azoto (NO2);23;microgrammi / metro cubo;160.0;V;
10/02/2015;11:00;13;001272;805;Torino - Rebaudengo;04;Biossido di azoto (NO2);23;microgrammi / metro cubo;160.0;V;
10/02/2015;12:00;13;001272;805;Torino - Rebaudengo;04;Biossido di azoto (NO2);23;microgrammi / metro cubo;139.0;V;
10/02/2015;13:00;13;001272;805;Torino - Rebaudengo;04;Biossido di azoto (NO2);23;microgrammi / metro cubo;115.0;V;
10/02/2015;14:00;13;001272;805;Torino - Rebaudengo;04;Biossido di azoto (NO2);23;microgrammi / metro cubo;113.0;V;
10/02/2015;15:00;13;001272;805;Torino - Rebaudengo;04;Biossido di azoto (NO2);23;microgrammi / metro cubo;126.0;V;
10/02/2015;16:00;13;001272;805;Torino - Rebaudengo;04;Biossido di azoto (NO2);23;microgrammi / metro cubo;110.0;V;
10/02/2015;17:00;13;001272;805;Torino - Rebaudengo;04;Biossido di azoto (NO2);23;microgrammi / metro cubo;103.0;V;
10/02/2015;18:00;13;001272;805;Torino - Rebaudengo;04;Biossido di azoto (NO2);23;microgrammi / metro cubo;125.0;V;
10/02/2015;19:00;13;001272;805;Torino - Rebaudengo;04;Biossido di azoto (NO2);23;microgrammi / metro cubo;138.0;V;
10/02/2015;20:00;13;001272;805;Torino - Rebaudengo;04;Biossido di azoto (NO2);23;microgrammi / metro cubo;133.0;V;
10/02/2015;21:00;13;001272;805;Torino - Rebaudengo;04;Biossido di azoto (NO2);23;microgrammi / metro cubo;135.0;V;
10/02/2015;22:00;13;001272;805;Torino - Rebaudengo;04;Biossido di azoto (NO2);23;microgrammi / metro cubo;134.0;V;
10/02/2015;23:00;13;001272;805;Torino - Rebaudengo;04;Biossido di azoto (NO2);23;microgrammi / metro cubo;107.0;V;
10/02/2015;23:59;13;001272;805;Torino - Rebaudengo;04;Biossido di azoto (NO2);23;microgrammi / metro cubo;92.0;V;
11/02/2015;01:00;13;001272;805;Torino - Rebaudengo;04;Biossido di azoto (NO2);23;microgrammi / metro cubo;94.0;V;
11/02/2015;02:00;13;001272;805;Torino - Rebaudengo;04;Biossido di azoto (NO2);23;microgrammi / metro cubo;80.0;V;
11/02/2015;03:00;13;001272;805;Torino - Rebaudengo;04;Biossido di azoto (NO2);23;microgrammi / metro cubo;91.0;V;
11/02/2015;04:00;13;001272;805;Torino - Rebaudengo;04;Biossido di azoto (NO2);23;microgrammi / metro cubo;90.0;V;
11/02/2015;05:00;13;001272;805;Torino - Rebaudengo;04;Biossido di azoto (NO2);23;microgrammi / metro cubo;90.0;V;
11/02/2015;06:00;13;001272;805;Torino - Rebaudengo;04;Biossido di azoto (NO2);23;microgrammi / metro cubo;83.0;V;
11/02/2015;07:00;13;001272;805;Torino - Rebaudengo;04;Biossido di azoto (NO2);23;microgrammi / metro cubo;89.0;V;
11/02/2015;08:00;13;001272;805;Torino - Rebaudengo;04;Biossido di azoto (NO2);23;microgrammi / metro cubo;120.0;V;
11/02/2015;09:00;13;001272;805;Torino - Rebaudengo;04;Biossido di azoto (NO2);23;microgrammi / metro cubo;122.0;V;
11/02/2015;10:00;13;001272;805;Torino - Rebaudengo;04;Biossido di azoto (NO2);23;microgrammi / metro cubo;129.0;V;
11/02/2015;11:00;13;001272;805;Torino - Rebaudengo;04;Biossido di azoto (NO2);23;microgrammi / metro cubo;133.0;V;
11/02/2015;12:00;13;001272;805;Torino - Rebaudengo;04;Biossido di azoto (NO2);23;microgrammi / metro cubo;145.0;V;
11/02/2015;13:00;13;001272;805;Torino - Rebaudengo;04;Biossido di azoto (NO2);23;microgrammi / metro cubo;110.0;V;
11/02/2015;14:00;13;001272;805;Torino - Rebaudengo;04;Biossido di azoto (NO2);23;microgrammi / metro cubo;97.0;V;
11/02/2015;15:00;13;001272;805;Torino - Rebaudengo;04;Biossido di azoto (NO2);23;microgrammi / metro cubo;101.0;V;
11/02/2015;16:00;13;001272;805;Torino - Rebaudengo;04;Biossido di azoto (NO2);23;microgrammi / metro cubo;107.0;V;
11/02/2015;17:00;13;001272;805;Torino - Rebaudengo;04;Biossido di azoto (NO2);23;microgrammi / metro cubo;121.0;V;
11/02/2015;18:00;13;001272;805;Torino - Rebaudengo;04;Biossido di azoto (NO2);23;microgrammi / metro cubo;124.0;V;
11/02/2015;19:00;13;001272;805;Torino - Rebaudengo;04;Biossido di azoto (NO2);23;microgrammi / metro cubo;127.0;V;
11/02/2015;20:00;13;001272;805;Torino - Rebaudengo;04;Biossido di azoto (NO2);23;microgrammi / metro cubo;137.0;V;
11/02/2015;21:00;13;001272;805;Torino - Rebaudengo;04;Biossido di azoto (NO2);23;microgrammi / metro cubo;148.0;V;
11/02/2015;22:00;13;001272;805;Torino - Rebaudengo;04;Biossido di azoto (NO2);23;microgrammi / metro cubo;131.0;V;
11/02/2015;23:00;13;001272;805;Torino - Rebaudengo;04;Biossido di azoto (NO2);23;microgrammi / metro cubo;113.0;V;
11/02/2015;23:59;13;001272;805;Torino - Rebaudengo;04;Biossido di azoto (NO2);23;microgrammi / metro cubo;94.0;V;
12/02/2015;01:00;13;001272;805;Torino - Rebaudengo;04;Biossido di azoto (NO2);23;microgrammi / metro cubo;93.0;V;
12/02/2015;02:00;13;001272;805;Torino - Rebaudengo;04;Biossido di azoto (NO2);23;microgrammi / metro cubo;88.0;V;
12/02/2015;03:00;13;001272;805;Torino - Rebaudengo;04;Biossido di azoto (NO2);23;microgrammi / metro cubo;75.0;V;
12/02/2015;04:00;13;001272;805;Torino - Rebaudengo;04;Biossido di azoto (NO2);23;microgrammi / metro cubo;72.0;V;
12/02/2015;05:00;13;001272;805;Torino - Rebaudengo;04;Biossido di azoto (NO2);23;microgrammi / metro cubo;71.0;V;
12/02/2015;06:00;13;001272;805;Torino - Rebaudengo;04;Biossido di azoto (NO2);23;microgrammi / metro cubo;69.0;V;
12/02/2015;07:00;13;001272;805;Torino - Rebaudengo;04;Biossido di azoto (NO2);23;microgrammi / metro cubo;111.0;V;
12/02/2015;08:00;13;001272;805;Torino - Rebaudengo;04;Biossido di azoto (NO2);23;microgrammi / metro cubo;90.0;V;
12/02/2015;09:00;13;001272;805;Torino - Rebaudengo;04;Biossido di azoto (NO2);23;microgrammi / metro cubo;115.0;V;
12/02/2015;10:00;13;001272;805;Torino - Rebaudengo;04;Biossido di azoto (NO2);23;microgrammi / metro cubo;140.0;V;
12/02/2015;11:00;13;001272;805;Torino - Rebaudengo;04;Biossido di azoto (NO2);23;microgrammi / metro cubo;126.0;V;
12/02/2015;12:00;13;001272;805;Torino - Rebaudengo;04;Biossido di azoto (NO2);23;microgrammi / metro cubo;116.0;V;
12/02/2015;13:00;13;001272;805;Torino - Rebaudengo;04;Biossido di azoto (NO2);23;microgrammi / metro cubo;92.0;V;
12/02/2015;14:00;13;001272;805;Torino - Rebaudengo;04;Biossido di azoto (NO2);23;microgrammi / metro cubo;82.0;V;
12/02/2015;15:00;13;001272;805;Torino - Rebaudengo;04;Biossido di azoto (NO2);23;microgrammi / metro cubo;93.0;V;
12/02/2015;16:00;13;001272;805;Torino - Rebaudengo;04;Biossido di azoto (NO2);23;microgrammi / metro cubo;93.0;V;
12/02/2015;17:00;13;001272;805;Torino - Rebaudengo;04;Biossido di azoto (NO2);23;microgrammi / metro cubo;107.0;V;
12/02/2015;18:00;13;001272;805;Torino - Rebaudengo;04;Biossido di azoto (NO2);23;microgrammi / metro cubo;114.0;V;
12/02/2015;19:00;13;001272;805;Torino - Rebaudengo;04;Biossido di azoto (NO2);23;microgrammi / metro cubo;120.0;V;
12/02/2015;20:00;13;001272;805;Torino - Rebaudengo;04;Biossido di azoto (NO2);23;microgrammi / metro cubo;117.0;V;
12/02/2015;21:00;13;001272;805;Torino - Rebaudengo;04;Biossido di azoto (NO2);23;microgrammi / metro cubo;120.0;V;
12/02/2015;22:00;13;001272;805;Torino - Rebaudengo;04;Biossido di azoto (NO2);23;microgrammi / metro cubo;112.0;V;
12/02/2015;23:00;13;001272;805;Torino - Rebaudengo;04;Biossido di azoto (NO2);23;microgrammi / metro cubo;108.0;V;
12/02/2015;23:59;13;001272;805;Torino - Rebaudengo;04;Biossido di azoto (NO2);23;microgrammi / metro cubo;97.0;V;
13/02/2015;01:00;13;001272;805;Torino - Rebaudengo;04;Biossido di azoto (NO2);23;microgrammi / metro cubo;94.0;V;
13/02/2015;02:00;13;001272;805;Torino - Rebaudengo;04;Biossido di azoto (NO2);23;microgrammi / metro cubo;97.0;V;
13/02/2015;03:00;13;001272;805;Torino - Rebaudengo;04;Biossido di azoto (NO2);23;microgrammi / metro cubo;92.0;V;
13/02/2015;04:00;13;001272;805;Torino - Rebaudengo;04;Biossido di azoto (NO2);23;microgrammi / metro cubo;89.0;V;
13/02/2015;05:00;13;001272;805;Torino - Rebaudengo;04;Biossido di azoto (NO2);23;microgrammi / metro cubo;87.0;V;
13/02/2015;06:00;13;001272;805;Torino - Rebaudengo;04;Biossido di azoto (NO2);23;microgrammi / metro cubo;92.0;V;
13/02/2015;07:00;13;001272;805;Torino - Rebaudengo;04;Biossido di azoto (NO2);23;microgrammi / metro cubo;108.0;V;
13/02/2015;08:00;13;001272;805;Torino - Rebaudengo;04;Biossido di azoto (NO2);23;microgrammi / metro cubo;130.0;V;
13/02/2015;09:00;13;001272;805;Torino - Rebaudengo;04;Biossido di azoto (NO2);23;microgrammi / metro cubo;115.0;V;
13/02/2015;10:00;13;001272;805;Torino - Rebaudengo;04;Biossido di azoto (NO2);23;microgrammi / metro cubo;120.0;V;
13/02/2015;11:00;13;001272;805;Torino - Rebaudengo;04;Biossido di azoto (NO2);23;microgrammi / metro cubo;116.0;V;
13/02/2015;12:00;13;001272;805;Torino - Rebaudengo;04;Biossido di azoto (NO2);23;microgrammi / metro cubo;93.0;V;
13/02/2015;13:00;13;001272;805;Torino - Rebaudengo;04;Biossido di azoto (NO2);23;microgrammi / metro cubo;98.0;V;
13/02/2015;14:00;13;001272;805;Torino - Rebaudengo;04;Biossido di azoto (NO2);23;microgrammi / metro cubo;100.0;V;
13/02/2015;15:00;13;001272;805;Torino - Rebaudengo;04;Biossido di azoto (NO2);23;microgrammi / metro cubo;112.0;V;
13/02/2015;16:00;13;001272;805;Torino - Rebaudengo;04;Biossido di azoto (NO2);23;microgrammi / metro cubo;107.0;V;
13/02/2015;17:00;13;001272;805;Torino - Rebaudengo;04;Biossido di azoto (NO2);23;microgrammi / metro cubo;122.0;V;
13/02/2015;18:00;13;001272;805;Torino - Rebaudengo;04;Biossido di azoto (NO2);23;microgrammi / metro cubo;131.0;V;
13/02/2015;19:00;13;001272;805;Torino - Rebaudengo;04;Biossido di azoto (NO2);23;microgrammi / metro cubo;123.0;V;
13/02/2015;20:00;13;001272;805;Torino - Rebaudengo;04;Biossido di azoto (NO2);23;microgrammi / metro cubo;126.0;V;
13/02/2015;21:00;13;001272;805;Torino - Rebaudengo;04;Biossido di azoto (NO2);23;microgrammi / metro cubo;130.0;V;
13/02/2015;22:00;13;001272;805;Torino - Rebaudengo;04;Biossido di azoto (NO2);23;microgrammi / metro cubo;134.0;V;
13/02/2015;23:00;13;001272;805;Torino - Rebaudengo;04;Biossido di azoto (NO2);23;microgrammi / metro cubo;130.0;V;
13/02/2015;23:59;13;001272;805;Torino - Rebaudengo;04;Biossido di azoto (NO2);23;microgrammi / metro cubo;118.0;V;
14/02/2015;01:00;13;001272;805;Torino - Rebaudengo;04;Biossido di azoto (NO2);23;microgrammi / metro cubo;100.0;V;
14/02/2015;02:00;13;001272;805;Torino - Rebaudengo;04;Biossido di azoto (NO2);23;microgrammi / metro cubo;93.0;V;
14/02/2015;03:00;13;001272;805;Torino - Rebaudengo;04;Biossido di azoto (NO2);23;microgrammi / metro cubo;82.0;V;
14/02/2015;04:00;13;001272;805;Torino - Rebaudengo;04;Biossido di azoto (NO2);23;microgrammi / metro cubo;80.0;V;
14/02/2015;05:00;13;001272;805;Torino - Rebaudengo;04;Biossido di azoto (NO2);23;microgrammi / metro cubo;96.0;V;
14/02/2015;06:00;13;001272;805;Torino - Rebaudengo;04;Biossido di azoto (NO2);23;microgrammi / metro cubo;102.0;V;
14/02/2015;07:00;13;001272;805;Torino - Rebaudengo;04;Biossido di azoto (NO2);23;microgrammi / metro cubo;106.0;V;
14/02/2015;08:00;13;001272;805;Torino - Rebaudengo;04;Biossido di azoto (NO2);23;microgrammi / metro cubo;110.0;V;
14/02/2015;09:00;13;001272;805;Torino - Rebaudengo;04;Biossido di azoto (NO2);23;microgrammi / metro cubo;104.0;V;
14/02/2015;10:00;13;001272;805;Torino - Rebaudengo;04;Biossido di azoto (NO2);23;microgrammi / metro cubo;106.0;V;
14/02/2015;11:00;13;001272;805;Torino - Rebaudengo;04;Biossido di azoto (NO2);23;microgrammi / metro cubo;98.0;V;
14/02/2015;12:00;13;001272;805;Torino - Rebaudengo;04;Biossido di azoto (NO2);23;microgrammi / metro cubo;88.0;V;
14/02/2015;13:00;13;001272;805;Torino - Rebaudengo;04;Biossido di azoto (NO2);23;microgrammi / metro cubo;80.0;V;
14/02/2015;14:00;13;001272;805;Torino - Rebaudengo;04;Biossido di azoto (NO2);23;microgrammi / metro cubo;91.0;V;
14/02/2015;15:00;13;001272;805;Torino - Rebaudengo;04;Biossido di azoto (NO2);23;microgrammi / metro cubo;82.0;V;
14/02/2015;16:00;13;001272;805;Torino - Rebaudengo;04;Biossido di azoto (NO2);23;microgrammi / metro cubo;84.0;V;
14/02/2015;17:00;13;001272;805;Torino - Rebaudengo;04;Biossido di azoto (NO2);23;microgrammi / metro cubo;76.0;V;
14/02/2015;18:00;13;001272;805;Torino - Rebaudengo;04;Biossido di azoto (NO2);23;microgrammi / metro cubo;81.0;V;
14/02/2015;19:00;13;001272;805;Torino - Rebaudengo;04;Biossido di azoto (NO2);23;microgrammi / metro cubo;93.0;V;
14/02/2015;20:00;13;001272;805;Torino - Rebaudengo;04;Biossido di azoto (NO2);23;microgrammi / metro cubo;85.0;V;
14/02/2015;21:00;13;001272;805;Torino - Rebaudengo;04;Biossido di azoto (NO2);23;microgrammi / metro cubo;85.0;V;
14/02/2015;22:00;13;001272;805;Torino - Rebaudengo;04;Biossido di azoto (NO2);23;microgrammi / metro cubo;98.0;V;
14/02/2015;23:00;13;001272;805;Torino - Rebaudengo;04;Biossido di azoto (NO2);23;microgrammi / metro cubo;98.0;V;
14/02/2015;23:59;13;001272;805;Torino - Rebaudengo;04;Biossido di azoto (NO2);23;microgrammi / metro cubo;97.0;V;
15/02/2015;01:00;13;001272;805;Torino - Rebaudengo;04;Biossido di azoto (NO2);23;microgrammi / metro cubo;97.0;V;
15/02/2015;02:00;13;001272;805;Torino - Rebaudengo;04;Biossido di azoto (NO2);23;microgrammi / metro cubo;94.0;V;
15/02/2015;03:00;13;001272;805;Torino - Rebaudengo;04;Biossido di azoto (NO2);23;microgrammi / metro cubo;89.0;V;
15/02/2015;04:00;13;001272;805;Torino - Rebaudengo;04;Biossido di azoto (NO2);23;microgrammi / metro cubo;88.0;V;
15/02/2015;05:00;13;001272;805;Torino - Rebaudengo;04;Biossido di azoto (NO2);23;microgrammi / metro cubo;85.0;V;
15/02/2015;06:00;13;001272;805;Torino - Rebaudengo;04;Biossido di azoto (NO2);23;microgrammi / metro cubo;84.0;V;
15/02/2015;07:00;13;001272;805;Torino - Rebaudengo;04;Biossido di azoto (NO2);23;microgrammi / metro cubo;83.0;V;
15/02/2015;08:00;13;001272;805;Torino - Rebaudengo;04;Biossido di azoto (NO2);23;microgrammi / metro cubo;83.0;V;
15/02/2015;09:00;13;001272;805;Torino - Rebaudengo;04;Biossido di azoto (NO2);23;microgrammi / metro cubo;79.0;V;
15/02/2015;10:00;13;001272;805;Torino - Rebaudengo;04;Biossido di azoto (NO2);23;microgrammi / metro cubo;88.0;V;
15/02/2015;11:00;13;001272;805;Torino - Rebaudengo;04;Biossido di azoto (NO2);23;microgrammi / metro cubo;87.0;V;
15/02/2015;12:00;13;001272;805;Torino - Rebaudengo;04;Biossido di azoto (NO2);23;microgrammi / metro cubo;87.0;V;
15/02/2015;13:00;13;001272;805;Torino - Rebaudengo;04;Biossido di azoto (NO2);23;microgrammi / metro cubo;72.0;V;
15/02/2015;14:00;13;001272;805;Torino - Rebaudengo;04;Biossido di azoto (NO2);23;microgrammi / metro cubo;79.0;V;
15/02/2015;15:00;13;001272;805;Torino - Rebaudengo;04;Biossido di azoto (NO2);23;microgrammi / metro cubo;78.0;V;
15/02/2015;16:00;13;001272;805;Torino - Rebaudengo;04;Biossido di azoto (NO2);23;microgrammi / metro cubo;84.0;V;
15/02/2015;17:00;13;001272;805;Torino - Rebaudengo;04;Biossido di azoto (NO2);23;microgrammi / metro cubo;87.0;V;
15/02/2015;18:00;13;001272;805;Torino - Rebaudengo;04;Biossido di azoto (NO2);23;microgrammi / metro cubo;83.0;V;
15/02/2015;19:00;13;001272;805;Torino - Rebaudengo;04;Biossido di azoto (NO2);23;microgrammi / metro cubo;86.0;V;
15/02/2015;20:00;13;001272;805;Torino - Rebaudengo;04;Biossido di azoto (NO2);23;microgrammi / metro cubo;99.0;V;
15/02/2015;21:00;13;001272;805;Torino - Rebaudengo;04;Biossido di azoto (NO2);23;microgrammi / metro cubo;103.0;V;
15/02/2015;22:00;13;001272;805;Torino - Rebaudengo;04;Biossido di azoto (NO2);23;microgrammi / metro cubo;94.0;V;
15/02/2015;23:00;13;001272;805;Torino - Rebaudengo;04;Biossido di azoto (NO2);23;microgrammi / metro cubo;95.0;V;
15/02/2015;23:59;13;001272;805;Torino - Rebaudengo;04;Biossido di azoto (NO2);23;microgrammi / metro cubo;85.0;V;
16/02/2015;01:00;13;001272;805;Torino - Rebaudengo;04;Biossido di azoto (NO2);23;microgrammi / metro cubo;69.0;V;
16/02/2015;02:00;13;001272;805;Torino - Rebaudengo;04;Biossido di azoto (NO2);23;microgrammi / metro cubo;41.0;V;
16/02/2015;03:00;13;001272;805;Torino - Rebaudengo;04;Biossido di azoto (NO2);23;microgrammi / metro cubo;27.0;V;
16/02/2015;04:00;13;001272;805;Torino - Rebaudengo;04;Biossido di azoto (NO2);23;microgrammi / metro cubo;32.0;V;
16/02/2015;05:00;13;001272;805;Torino - Rebaudengo;04;Biossido di azoto (NO2);23;microgrammi / metro cubo;27.0;V;
16/02/2015;06:00;13;001272;805;Torino - Rebaudengo;04;Biossido di azoto (NO2);23;microgrammi / metro cubo;45.0;V;
16/02/2015;07:00;13;001272;805;Torino - Rebaudengo;04;Biossido di azoto (NO2);23;microgrammi / metro cubo;107.0;V;
16/02/2015;08:00;13;001272;805;Torino - Rebaudengo;04;Biossido di azoto (NO2);23;microgrammi / metro cubo;137.0;V;
16/02/2015;09:00;13;001272;805;Torino - Rebaudengo;04;Biossido di azoto (NO2);23;microgrammi / metro cubo;158.0;V;
16/02/2015;10:00;13;001272;805;Torino - Rebaudengo;04;Biossido di azoto (NO2);23;microgrammi / metro cubo;151.0;V;
16/02/2015;11:00;13;001272;805;Torino - Rebaudengo;04;Biossido di azoto (NO2);23;microgrammi / metro cubo;129.0;V;
16/02/2015;12:00;13;001272;805;Torino - Rebaudengo;04;Biossido di azoto (NO2);23;microgrammi / metro cubo;124.0;V;
16/02/2015;13:00;13;001272;805;Torino - Rebaudengo;04;Biossido di azoto (NO2);23;microgrammi / metro cubo;126.0;V;
16/02/2015;14:00;13;001272;805;Torino - Rebaudengo;04;Biossido di azoto (NO2);23;microgrammi / metro cubo;122.0;V;
16/02/2015;15:00;13;001272;805;Torino - Rebaudengo;04;Biossido di azoto (NO2);23;microgrammi / metro cubo;128.0;V;
16/02/2015;16:00;13;001272;805;Torino - Rebaudengo;04;Biossido di azoto (NO2);23;microgrammi / metro cubo;130.0;V;
16/02/2015;17:00;13;001272;805;Torino - Rebaudengo;04;Biossido di azoto (NO2);23;microgrammi / metro cubo;123.0;V;
16/02/2015;18:00;13;001272;805;Torino - Rebaudengo;04;Biossido di azoto (NO2);23;microgrammi / metro cubo;136.0;V;
16/02/2015;19:00;13;001272;805;Torino - Rebaudengo;04;Biossido di azoto (NO2);23;microgrammi / metro cubo;140.0;V;
16/02/2015;20:00;13;001272;805;Torino - Rebaudengo;04;Biossido di azoto (NO2);23;microgrammi / metro cubo;121.0;V;
16/02/2015;21:00;13;001272;805;Torino - Rebaudengo;04;Biossido di azoto (NO2);23;microgrammi / metro cubo;129.0;V;
16/02/2015;22:00;13;001272;805;Torino - Rebaudengo;04;Biossido di azoto (NO2);23;microgrammi / metro cubo;114.0;V;
16/02/2015;23:00;13;001272;805;Torino - Rebaudengo;04;Biossido di azoto (NO2);23;microgrammi / metro cubo;105.0;V;
16/02/2015;23:59;13;001272;805;Torino - Rebaudengo;04;Biossido di azoto (NO2);23;microgrammi / metro cubo;95.0;V;
17/02/2015;01:00;13;001272;805;Torino - Rebaudengo;04;Biossido di azoto (NO2);23;microgrammi / metro cubo;59.0;V;
17/02/2015;02:00;13;001272;805;Torino - Rebaudengo;04;Biossido di azoto (NO2);23;microgrammi / metro cubo;58.0;V;
17/02/2015;03:00;13;001272;805;Torino - Rebaudengo;04;Biossido di azoto (NO2);23;microgrammi / metro cubo;63.0;V;
17/02/2015;04:00;13;001272;805;Torino - Rebaudengo;04;Biossido di azoto (NO2);23;microgrammi / metro cubo;80.0;V;
17/02/2015;05:00;13;001272;805;Torino - Rebaudengo;04;Biossido di azoto (NO2);23;microgrammi / metro cubo;84.0;V;
17/02/2015;06:00;13;001272;805;Torino - Rebaudengo;04;Biossido di azoto (NO2);23;microgrammi / metro cubo;98.0;V;
17/02/2015;07:00;13;001272;805;Torino - Rebaudengo;04;Biossido di azoto (NO2);23;microgrammi / metro cubo;115.0;V;
17/02/2015;08:00;13;001272;805;Torino - Rebaudengo;04;Biossido di azoto (NO2);23;microgrammi / metro cubo;120.0;V;
17/02/2015;09:00;13;001272;805;Torino - Rebaudengo;04;Biossido di azoto (NO2);23;microgrammi / metro cubo;132.0;V;
17/02/2015;10:00;13;001272;805;Torino - Rebaudengo;04;Biossido di azoto (NO2);23;microgrammi / metro cubo;124.0;V;
17/02/2015;11:00;13;001272;805;Torino - Rebaudengo;04;Biossido di azoto (NO2);23;microgrammi / metro cubo;116.0;V;
17/02/2015;12:00;13;001272;805;Torino - Rebaudengo;04;Biossido di azoto (NO2);23;microgrammi / metro cubo;87.0;V;
17/02/2015;13:00;13;001272;805;Torino - Rebaudengo;04;Biossido di azoto (NO2);23;microgrammi / metro cubo;85.0;V;
17/02/2015;14:00;13;001272;805;Torino - Rebaudengo;04;Biossido di azoto (NO2);23;microgrammi / metro cubo;75.0;V;
17/02/2015;15:00;13;001272;805;Torino - Rebaudengo;04;Biossido di azoto (NO2);23;microgrammi / metro cubo;82.0;V;
17/02/2015;16:00;13;001272;805;Torino - Rebaudengo;04;Biossido di azoto (NO2);23;microgrammi / metro cubo;84.0;V;
17/02/2015;17:00;13;001272;805;Torino - Rebaudengo;04;Biossido di azoto (NO2);23;microgrammi / metro cubo;112.0;V;
17/02/2015;18:00;13;001272;805;Torino - Rebaudengo;04;Biossido di azoto (NO2);23;microgrammi / metro cubo;115.0;V;
17/02/2015;19:00;13;001272;805;Torino - Rebaudengo;04;Biossido di azoto (NO2);23;microgrammi / metro cubo;135.0;V;
17/02/2015;20:00;13;001272;805;Torino - Rebaudengo;04;Biossido di azoto (NO2);23;microgrammi / metro cubo;141.0;V;
17/02/2015;21:00;13;001272;805;Torino - Rebaudengo;04;Biossido di azoto (NO2);23;microgrammi / metro cubo;120.0;V;
17/02/2015;22:00;13;001272;805;Torino - Rebaudengo;04;Biossido di azoto (NO2);23;microgrammi / metro cubo;109.0;V;
17/02/2015;23:00;13;001272;805;Torino - Rebaudengo;04;Biossido di azoto (NO2);23;microgrammi / metro cubo;100.0;V;
17/02/2015;23:59;13;001272;805;Torino - Rebaudengo;04;Biossido di azoto (NO2);23;microgrammi / metro cubo;91.0;V;
18/02/2015;01:00;13;001272;805;Torino - Rebaudengo;04;Biossido di azoto (NO2);23;microgrammi / metro cubo;93.0;V;
18/02/2015;02:00;13;001272;805;Torino - Rebaudengo;04;Biossido di azoto (NO2);23;microgrammi / metro cubo;86.0;V;
18/02/2015;03:00;13;001272;805;Torino - Rebaudengo;04;Biossido di azoto (NO2);23;microgrammi / metro cubo;80.0;V;
18/02/2015;04:00;13;001272;805;Torino - Rebaudengo;04;Biossido di azoto (NO2);23;microgrammi / metro cubo;83.0;V;
18/02/2015;05:00;13;001272;805;Torino - Rebaudengo;04;Biossido di azoto (NO2);23;microgrammi / metro cubo;73.0;V;
18/02/2015;06:00;13;001272;805;Torino - Rebaudengo;04;Biossido di azoto (NO2);23;microgrammi / metro cubo;67.0;V;
18/02/2015;07:00;13;001272;805;Torino - Rebaudengo;04;Biossido di azoto (NO2);23;microgrammi / metro cubo;93.0;V;
18/02/2015;08:00;13;001272;805;Torino - Rebaudengo;04;Biossido di azoto (NO2);23;microgrammi / metro cubo;86.0;V;
18/02/2015;09:00;13;001272;805;Torino - Rebaudengo;04;Biossido di azoto (NO2);23;microgrammi / metro cubo;93.0;V;
18/02/2015;10:00;13;001272;805;Torino - Rebaudengo;04;Biossido di azoto (NO2);23;microgrammi / metro cubo;83.0;V;
18/02/2015;11:00;13;001272;805;Torino - Rebaudengo;04;Biossido di azoto (NO2);23;microgrammi / metro cubo;81.0;V;
18/02/2015;12:00;13;001272;805;Torino - Rebaudengo;04;Biossido di azoto (NO2);23;microgrammi / metro cubo;82.0;V;
18/02/2015;13:00;13;001272;805;Torino - Rebaudengo;04;Biossido di azoto (NO2);23;microgrammi / metro cubo;77.0;V;
18/02/2015;14:00;13;001272;805;Torino - Rebaudengo;04;Biossido di azoto (NO2);23;microgrammi / metro cubo;69.0;V;
18/02/2015;15:00;13;001272;805;Torino - Rebaudengo;04;Biossido di azoto (NO2);23;microgrammi / metro cubo;63.0;V;
18/02/2015;16:00;13;001272;805;Torino - Rebaudengo;04;Biossido di azoto (NO2);23;microgrammi / metro cubo;67.0;V;
18/02/2015;17:00;13;001272;805;Torino - Rebaudengo;04;Biossido di azoto (NO2);23;microgrammi / metro cubo;85.0;V;
18/02/2015;18:00;13;001272;805;Torino - Rebaudengo;04;Biossido di azoto (NO2);23;microgrammi / metro cubo;107.0;V;
18/02/2015;19:00;13;001272;805;Torino - Rebaudengo;04;Biossido di azoto (NO2);23;microgrammi / metro cubo;125.0;V;
18/02/2015;20:00;13;001272;805;Torino - Rebaudengo;04;Biossido di azoto (NO2);23;microgrammi / metro cubo;136.0;V;
18/02/2015;21:00;13;001272;805;Torino - Rebaudengo;04;Biossido di azoto (NO2);23;microgrammi / metro cubo;134.0;V;
18/02/2015;22:00;13;001272;805;Torino - Rebaudengo;04;Biossido di azoto (NO2);23;microgrammi / metro cubo;107.0;V;
18/02/2015;23:00;13;001272;805;Torino - Rebaudengo;04;Biossido di azoto (NO2);23;microgrammi / metro cubo;90.0;V;
18/02/2015;23:59;13;001272;805;Torino - Rebaudengo;04;Biossido di azoto (NO2);23;microgrammi / metro cubo;85.0;V;
19/02/2015;01:00;13;001272;805;Torino - Rebaudengo;04;Biossido di azoto (NO2);23;microgrammi / metro cubo;83.0;V;
19/02/2015;02:00;13;001272;805;Torino - Rebaudengo;04;Biossido di azoto (NO2);23;microgrammi / metro cubo;80.0;V;
19/02/2015;03:00;13;001272;805;Torino - Rebaudengo;04;Biossido di azoto (NO2);23;microgrammi / metro cubo;73.0;V;
19/02/2015;04:00;13;001272;805;Torino - Rebaudengo;04;Biossido di azoto (NO2);23;microgrammi / metro cubo;69.0;V;
19/02/2015;05:00;13;001272;805;Torino - Rebaudengo;04;Biossido di azoto (NO2);23;microgrammi / metro cubo;60.0;V;
19/02/2015;06:00;13;001272;805;Torino - Rebaudengo;04;Biossido di azoto (NO2);23;microgrammi / metro cubo;76.0;V;
19/02/2015;07:00;13;001272;805;Torino - Rebaudengo;04;Biossido di azoto (NO2);23;microgrammi / metro cubo;80.0;V;
19/02/2015;08:00;13;001272;805;Torino - Rebaudengo;04;Biossido di azoto (NO2);23;microgrammi / metro cubo;85.0;V;
19/02/2015;09:00;13;001272;805;Torino - Rebaudengo;04;Biossido di azoto (NO2);23;microgrammi / metro cubo;99.0;V;
19/02/2015;10:00;13;001272;805;Torino - Rebaudengo;04;Biossido di azoto (NO2);23;microgrammi / metro cubo;102.0;V;
19/02/2015;11:00;13;001272;805;Torino - Rebaudengo;04;Biossido di azoto (NO2);23;microgrammi / metro cubo;108.0;V;
19/02/2015;12:00;13;001272;805;Torino - Rebaudengo;04;Biossido di azoto (NO2);23;microgrammi / metro cubo;95.0;V;
19/02/2015;13:00;13;001272;805;Torino - Rebaudengo;04;Biossido di azoto (NO2);23;microgrammi / metro cubo;92.0;V;
19/02/2015;14:00;13;001272;805;Torino - Rebaudengo;04;Biossido di azoto (NO2);23;microgrammi / metro cubo;95.0;V;
19/02/2015;15:00;13;001272;805;Torino - Rebaudengo;04;Biossido di azoto (NO2);23;microgrammi / metro cubo;86.0;V;
19/02/2015;16:00;13;001272;805;Torino - Rebaudengo;04;Biossido di azoto (NO2);23;microgrammi / metro cubo;100.0;V;
19/02/2015;17:00;13;001272;805;Torino - Rebaudengo;04;Biossido di azoto (NO2);23;microgrammi / metro cubo;97.0;V;
19/02/2015;18:00;13;001272;805;Torino - Rebaudengo;04;Biossido di azoto (NO2);23;microgrammi / metro cubo;123.0;V;
19/02/2015;19:00;13;001272;805;Torino - Rebaudengo;04;Biossido di azoto (NO2);23;microgrammi / metro cubo;145.0;V;
19/02/2015;20:00;13;001272;805;Torino - Rebaudengo;04;Biossido di azoto (NO2);23;microgrammi / metro cubo;152.0;V;
19/02/2015;21:00;13;001272;805;Torino - Rebaudengo;04;Biossido di azoto (NO2);23;microgrammi / metro cubo;141.0;V;
19/02/2015;22:00;13;001272;805;Torino - Rebaudengo;04;Biossido di azoto (NO2);23;microgrammi / metro cubo;115.0;V;
19/02/2015;23:00;13;001272;805;Torino - Rebaudengo;04;Biossido di azoto (NO2);23;microgrammi / metro cubo;103.0;V;
19/02/2015;23:59;13;001272;805;Torino - Rebaudengo;04;Biossido di azoto (NO2);23;microgrammi / metro cubo;107.0;V;
20/02/2015;01:00;13;001272;805;Torino - Rebaudengo;04;Biossido di azoto (NO2);23;microgrammi / metro cubo;88.0;V;
20/02/2015;02:00;13;001272;805;Torino - Rebaudengo;04;Biossido di azoto (NO2);23;microgrammi / metro cubo;99.0;V;
20/02/2015;03:00;13;001272;805;Torino - Rebaudengo;04;Biossido di azoto (NO2);23;microgrammi / metro cubo;76.0;V;
20/02/2015;04:00;13;001272;805;Torino - Rebaudengo;04;Biossido di azoto (NO2);23;microgrammi / metro cubo;72.0;V;
20/02/2015;05:00;13;001272;805;Torino - Rebaudengo;04;Biossido di azoto (NO2);23;microgrammi / metro cubo;74.0;V;
20/02/2015;06:00;13;001272;805;Torino - Rebaudengo;04;Biossido di azoto (NO2);23;microgrammi / metro cubo;71.0;V;
20/02/2015;07:00;13;001272;805;Torino - Rebaudengo;04;Biossido di azoto (NO2);23;microgrammi / metro cubo;79.0;V;
20/02/2015;08:00;13;001272;805;Torino - Rebaudengo;04;Biossido di azoto (NO2);23;microgrammi / metro cubo;87.0;V;
20/02/2015;09:00;13;001272;805;Torino - Rebaudengo;04;Biossido di azoto (NO2);23;microgrammi / metro cubo;97.0;V;
20/02/2015;10:00;13;001272;805;Torino - Rebaudengo;04;Biossido di azoto (NO2);23;microgrammi / metro cubo;100.0;V;
20/02/2015;11:00;13;001272;805;Torino - Rebaudengo;04;Biossido di azoto (NO2);23;microgrammi / metro cubo;94.0;V;
20/02/2015;12:00;13;001272;805;Torino - Rebaudengo;04;Biossido di azoto (NO2);23;microgrammi / metro cubo;111.0;V;
20/02/2015;13:00;13;001272;805;Torino - Rebaudengo;04;Biossido di azoto (NO2);23;microgrammi / metro cubo;91.0;V;
20/02/2015;14:00;13;001272;805;Torino - Rebaudengo;04;Biossido di azoto (NO2);23;microgrammi / metro cubo;74.0;V;
20/02/2015;15:00;13;001272;805;Torino - Rebaudengo;04;Biossido di azoto (NO2);23;microgrammi / metro cubo;69.0;V;
20/02/2015;16:00;13;001272;805;Torino - Rebaudengo;04;Biossido di azoto (NO2);23;microgrammi / metro cubo;73.0;V;
20/02/2015;17:00;13;001272;805;Torino - Rebaudengo;04;Biossido di azoto (NO2);23;microgrammi / metro cubo;81.0;V;
20/02/2015;18:00;13;001272;805;Torino - Rebaudengo;04;Biossido di azoto (NO2);23;microgrammi / metro cubo;111.0;V;
20/02/2015;19:00;13;001272;805;Torino - Rebaudengo;04;Biossido di azoto (NO2);23;microgrammi / metro cubo;132.0;V;
20/02/2015;20:00;13;001272;805;Torino - Rebaudengo;04;Biossido di azoto (NO2);23;microgrammi / metro cubo;131.0;V;
20/02/2015;21:00;13;001272;805;Torino - Rebaudengo;04;Biossido di azoto (NO2);23;microgrammi / metro cubo;132.0;V;
20/02/2015;22:00;13;001272;805;Torino - Rebaudengo;04;Biossido di azoto (NO2);23;microgrammi / metro cubo;126.0;V;
20/02/2015;23:00;13;001272;805;Torino - Rebaudengo;04;Biossido di azoto (NO2);23;microgrammi / metro cubo;123.0;V;
20/02/2015;23:59;13;001272;805;Torino - Rebaudengo;04;Biossido di azoto (NO2);23;microgrammi / metro cubo;114.0;V;
21/02/2015;01:00;13;001272;805;Torino - Rebaudengo;04;Biossido di azoto (NO2);23;microgrammi / metro cubo;119.0;V;
21/02/2015;02:00;13;001272;805;Torino - Rebaudengo;04;Biossido di azoto (NO2);23;microgrammi / metro cubo;97.0;V;
21/02/2015;03:00;13;001272;805;Torino - Rebaudengo;04;Biossido di azoto (NO2);23;microgrammi / metro cubo;101.0;V;
21/02/2015;04:00;13;001272;805;Torino - Rebaudengo;04;Biossido di azoto (NO2);23;microgrammi / metro cubo;90.0;V;
21/02/2015;05:00;13;001272;805;Torino - Rebaudengo;04;Biossido di azoto (NO2);23;microgrammi / metro cubo;88.0;V;
21/02/2015;06:00;13;001272;805;Torino - Rebaudengo;04;Biossido di azoto (NO2);23;microgrammi / metro cubo;85.0;V;
21/02/2015;07:00;13;001272;805;Torino - Rebaudengo;04;Biossido di azoto (NO2);23;microgrammi / metro cubo;86.0;V;
21/02/2015;08:00;13;001272;805;Torino - Rebaudengo;04;Biossido di azoto (NO2);23;microgrammi / metro cubo;101.0;V;
21/02/2015;09:00;13;001272;805;Torino - Rebaudengo;04;Biossido di azoto (NO2);23;microgrammi / metro cubo;96.0;V;
21/02/2015;10:00;13;001272;805;Torino - Rebaudengo;04;Biossido di azoto (NO2);23;microgrammi / metro cubo;97.0;V;
21/02/2015;11:00;13;001272;805;Torino - Rebaudengo;04;Biossido di azoto (NO2);23;microgrammi / metro cubo;84.0;V;
21/02/2015;12:00;13;001272;805;Torino - Rebaudengo;04;Biossido di azoto (NO2);23;microgrammi / metro cubo;73.0;V;
21/02/2015;13:00;13;001272;805;Torino - Rebaudengo;04;Biossido di azoto (NO2);23;microgrammi / metro cubo;77.0;V;
21/02/2015;14:00;13;001272;805;Torino - Rebaudengo;04;Biossido di azoto (NO2);23;microgrammi / metro cubo;73.0;V;
21/02/2015;15:00;13;001272;805;Torino - Rebaudengo;04;Biossido di azoto (NO2);23;microgrammi / metro cubo;73.0;V;
21/02/2015;16:00;13;001272;805;Torino - Rebaudengo;04;Biossido di azoto (NO2);23;microgrammi / metro cubo;67.0;V;
21/02/2015;17:00;13;001272;805;Torino - Rebaudengo;04;Biossido di azoto (NO2);23;microgrammi / metro cubo;69.0;V;
21/02/2015;18:00;13;001272;805;Torino - Rebaudengo;04;Biossido di azoto (NO2);23;microgrammi / metro cubo;83.0;V;
21/02/2015;19:00;13;001272;805;Torino - Rebaudengo;04;Biossido di azoto (NO2);23;microgrammi / metro cubo;77.0;V;
21/02/2015;20:00;13;001272;805;Torino - Rebaudengo;04;Biossido di azoto (NO2);23;microgrammi / metro cubo;79.0;V;
21/02/2015;21:00;13;001272;805;Torino - Rebaudengo;04;Biossido di azoto (NO2);23;microgrammi / metro cubo;67.0;V;
21/02/2015;22:00;13;001272;805;Torino - Rebaudengo;04;Biossido di azoto (NO2);23;microgrammi / metro cubo;79.0;V;
21/02/2015;23:00;13;001272;805;Torino - Rebaudengo;04;Biossido di azoto (NO2);23;microgrammi / metro cubo;75.0;V;
21/02/2015;23:59;13;001272;805;Torino - Rebaudengo;04;Biossido di azoto (NO2);23;microgrammi / metro cubo;98.0;V;
22/02/2015;01:00;13;001272;805;Torino - Rebaudengo;04;Biossido di azoto (NO2);23;microgrammi / metro cubo;111.0;V;
22/02/2015;02:00;13;001272;805;Torino - Rebaudengo;04;Biossido di azoto (NO2);23;microgrammi / metro cubo;93.0;V;
22/02/2015;03:00;13;001272;805;Torino - Rebaudengo;04;Biossido di azoto (NO2);23;microgrammi / metro cubo;74.0;V;
22/02/2015;04:00;13;001272;805;Torino - Rebaudengo;04;Biossido di azoto (NO2);23;microgrammi / metro cubo;94.0;V;
22/02/2015;05:00;13;001272;805;Torino - Rebaudengo;04;Biossido di azoto (NO2);23;microgrammi / metro cubo;96.0;V;
22/02/2015;06:00;13;001272;805;Torino - Rebaudengo;04;Biossido di azoto (NO2);23;microgrammi / metro cubo;62.0;V;
22/02/2015;07:00;13;001272;805;Torino - Rebaudengo;04;Biossido di azoto (NO2);23;microgrammi / metro cubo;79.0;V;
22/02/2015;08:00;13;001272;805;Torino - Rebaudengo;04;Biossido di azoto (NO2);23;microgrammi / metro cubo;79.0;V;
22/02/2015;09:00;13;001272;805;Torino - Rebaudengo;04;Biossido di azoto (NO2);23;microgrammi / metro cubo;95.0;V;
22/02/2015;10:00;13;001272;805;Torino - Rebaudengo;04;Biossido di azoto (NO2);23;microgrammi / metro cubo;109.0;V;
22/02/2015;11:00;13;001272;805;Torino - Rebaudengo;04;Biossido di azoto (NO2);23;microgrammi / metro cubo;95.0;V;
22/02/2015;12:00;13;001272;805;Torino - Rebaudengo;04;Biossido di azoto (NO2);23;microgrammi / metro cubo;76.0;V;
22/02/2015;13:00;13;001272;805;Torino - Rebaudengo;04;Biossido di azoto (NO2);23;microgrammi / metro cubo;66.0;V;
22/02/2015;14:00;13;001272;805;Torino - Rebaudengo;04;Biossido di azoto (NO2);23;microgrammi / metro cubo;51.0;V;
22/02/2015;15:00;13;001272;805;Torino - Rebaudengo;04;Biossido di azoto (NO2);23;microgrammi / metro cubo;51.0;V;
22/02/2015;16:00;13;001272;805;Torino - Rebaudengo;04;Biossido di azoto (NO2);23;microgrammi / metro cubo;57.0;V;
22/02/2015;17:00;13;001272;805;Torino - Rebaudengo;04;Biossido di azoto (NO2);23;microgrammi / metro cubo;78.0;V;
22/02/2015;18:00;13;001272;805;Torino - Rebaudengo;04;Biossido di azoto (NO2);23;microgrammi / metro cubo;91.0;V;
22/02/2015;19:00;13;001272;805;Torino - Rebaudengo;04;Biossido di azoto (NO2);23;microgrammi / metro cubo;120.0;V;
22/02/2015;20:00;13;001272;805;Torino - Rebaudengo;04;Biossido di azoto (NO2);23;microgrammi / metro cubo;141.0;V;
22/02/2015;21:00;13;001272;805;Torino - Rebaudengo;04;Biossido di azoto (NO2);23;microgrammi / metro cubo;146.0;V;
22/02/2015;22:00;13;001272;805;Torino - Rebaudengo;04;Biossido di azoto (NO2);23;microgrammi / metro cubo;136.0;V;
22/02/2015;23:00;13;001272;805;Torino - Rebaudengo;04;Biossido di azoto (NO2);23;microgrammi / metro cubo;125.0;V;
22/02/2015;23:59;13;001272;805;Torino - Rebaudengo;04;Biossido di azoto (NO2);23;microgrammi / metro cubo;124.0;V;
23/02/2015;01:00;13;001272;805;Torino - Rebaudengo;04;Biossido di azoto (NO2);23;microgrammi / metro cubo;87.0;V;
23/02/2015;02:00;13;001272;805;Torino - Rebaudengo;04;Biossido di azoto (NO2);23;microgrammi / metro cubo;92.0;V;
23/02/2015;03:00;13;001272;805;Torino - Rebaudengo;04;Biossido di azoto (NO2);23;microgrammi / metro cubo;80.0;V;
23/02/2015;04:00;13;001272;805;Torino - Rebaudengo;04;Biossido di azoto (NO2);23;microgrammi / metro cubo;72.0;V;
23/02/2015;05:00;13;001272;805;Torino - Rebaudengo;04;Biossido di azoto (NO2);23;microgrammi / metro cubo;69.0;V;
23/02/2015;06:00;13;001272;805;Torino - Rebaudengo;04;Biossido di azoto (NO2);23;microgrammi / metro cubo;93.0;V;
23/02/2015;07:00;13;001272;805;Torino - Rebaudengo;04;Biossido di azoto (NO2);23;microgrammi / metro cubo;74.0;V;
23/02/2015;08:00;13;001272;805;Torino - Rebaudengo;04;Biossido di azoto (NO2);23;microgrammi / metro cubo;89.0;V;
23/02/2015;09:00;13;001272;805;Torino - Rebaudengo;04;Biossido di azoto (NO2);23;microgrammi / metro cubo;111.0;V;
23/02/2015;10:00;13;001272;805;Torino - Rebaudengo;04;Biossido di azoto (NO2);23;microgrammi / metro cubo;120.0;V;
23/02/2015;11:00;13;001272;805;Torino - Rebaudengo;04;Biossido di azoto (NO2);23;microgrammi / metro cubo;125.0;V;
23/02/2015;12:00;13;001272;805;Torino - Rebaudengo;04;Biossido di azoto (NO2);23;microgrammi / metro cubo;87.0;V;
23/02/2015;13:00;13;001272;805;Torino - Rebaudengo;04;Biossido di azoto (NO2);23;microgrammi / metro cubo;;E;
23/02/2015;14:00;13;001272;805;Torino - Rebaudengo;04;Biossido di azoto (NO2);23;microgrammi / metro cubo;;E;
23/02/2015;15:00;13;001272;805;Torino - Rebaudengo;04;Biossido di azoto (NO2);23;microgrammi / metro cubo;106.0;V;
23/02/2015;16:00;13;001272;805;Torino - Rebaudengo;04;Biossido di azoto (NO2);23;microgrammi / metro cubo;112.0;V;
23/02/2015;17:00;13;001272;805;Torino - Rebaudengo;04;Biossido di azoto (NO2);23;microgrammi / metro cubo;107.0;V;
23/02/2015;18:00;13;001272;805;Torino - Rebaudengo;04;Biossido di azoto (NO2);23;microgrammi / metro cubo;119.0;V;
23/02/2015;19:00;13;001272;805;Torino - Rebaudengo;04;Biossido di azoto (NO2);23;microgrammi / metro cubo;133.0;V;
23/02/2015;20:00;13;001272;805;Torino - Rebaudengo;04;Biossido di azoto (NO2);23;microgrammi / metro cubo;125.0;V;
23/02/2015;21:00;13;001272;805;Torino - Rebaudengo;04;Biossido di azoto (NO2);23;microgrammi / metro cubo;142.0;V;
23/02/2015;22:00;13;001272;805;Torino - Rebaudengo;04;Biossido di azoto (NO2);23;microgrammi / metro cubo;130.0;V;
23/02/2015;23:00;13;001272;805;Torino - Rebaudengo;04;Biossido di azoto (NO2);23;microgrammi / metro cubo;111.0;V;
23/02/2015;23:59;13;001272;805;Torino - Rebaudengo;04;Biossido di azoto (NO2);23;microgrammi / metro cubo;101.0;V;
24/02/2015;01:00;13;001272;805;Torino - Rebaudengo;04;Biossido di azoto (NO2);23;microgrammi / metro cubo;92.0;V;
24/02/2015;02:00;13;001272;805;Torino - Rebaudengo;04;Biossido di azoto (NO2);23;microgrammi / metro cubo;93.0;V;
24/02/2015;03:00;13;001272;805;Torino - Rebaudengo;04;Biossido di azoto (NO2);23;microgrammi / metro cubo;86.0;V;
24/02/2015;04:00;13;001272;805;Torino - Rebaudengo;04;Biossido di azoto (NO2);23;microgrammi / metro cubo;75.0;V;
24/02/2015;05:00;13;001272;805;Torino - Rebaudengo;04;Biossido di azoto (NO2);23;microgrammi / metro cubo;80.0;V;
24/02/2015;06:00;13;001272;805;Torino - Rebaudengo;04;Biossido di azoto (NO2);23;microgrammi / metro cubo;80.0;V;
24/02/2015;07:00;13;001272;805;Torino - Rebaudengo;04;Biossido di azoto (NO2);23;microgrammi / metro cubo;88.0;V;
24/02/2015;08:00;13;001272;805;Torino - Rebaudengo;04;Biossido di azoto (NO2);23;microgrammi / metro cubo;83.0;V;
24/02/2015;09:00;13;001272;805;Torino - Rebaudengo;04;Biossido di azoto (NO2);23;microgrammi / metro cubo;114.0;V;
24/02/2015;10:00;13;001272;805;Torino - Rebaudengo;04;Biossido di azoto (NO2);23;microgrammi / metro cubo;129.0;V;
24/02/2015;11:00;13;001272;805;Torino - Rebaudengo;04;Biossido di azoto (NO2);23;microgrammi / metro cubo;124.0;V;
24/02/2015;12:00;13;001272;805;Torino - Rebaudengo;04;Biossido di azoto (NO2);23;microgrammi / metro cubo;128.0;V;
24/02/2015;13:00;13;001272;805;Torino - Rebaudengo;04;Biossido di azoto (NO2);23;microgrammi / metro cubo;135.0;V;
24/02/2015;14:00;13;001272;805;Torino - Rebaudengo;04;Biossido di azoto (NO2);23;microgrammi / metro cubo;117.0;V;
24/02/2015;15:00;13;001272;805;Torino - Rebaudengo;04;Biossido di azoto (NO2);23;microgrammi / metro cubo;119.0;V;
24/02/2015;16:00;13;001272;805;Torino - Rebaudengo;04;Biossido di azoto (NO2);23;microgrammi / metro cubo;125.0;V;
24/02/2015;17:00;13;001272;805;Torino - Rebaudengo;04;Biossido di azoto (NO2);23;microgrammi / metro cubo;140.0;V;
24/02/2015;18:00;13;001272;805;Torino - Rebaudengo;04;Biossido di azoto (NO2);23;microgrammi / metro cubo;139.0;V;
24/02/2015;19:00;13;001272;805;Torino - Rebaudengo;04;Biossido di azoto (NO2);23;microgrammi / metro cubo;132.0;V;
24/02/2015;20:00;13;001272;805;Torino - Rebaudengo;04;Biossido di azoto (NO2);23;microgrammi / metro cubo;124.0;V;
24/02/2015;21:00;13;001272;805;Torino - Rebaudengo;04;Biossido di azoto (NO2);23;microgrammi / metro cubo;130.0;V;
24/02/2015;22:00;13;001272;805;Torino - Rebaudengo;04;Biossido di azoto (NO2);23;microgrammi / metro cubo;127.0;V;
24/02/2015;23:00;13;001272;805;Torino - Rebaudengo;04;Biossido di azoto (NO2);23;microgrammi / metro cubo;116.0;V;
24/02/2015;23:59;13;001272;805;Torino - Rebaudengo;04;Biossido di azoto (NO2);23;microgrammi / metro cubo;122.0;V;
25/02/2015;01:00;13;001272;805;Torino - Rebaudengo;04;Biossido di azoto (NO2);23;microgrammi / metro cubo;103.0;V;
25/02/2015;02:00;13;001272;805;Torino - Rebaudengo;04;Biossido di azoto (NO2);23;microgrammi / metro cubo;90.0;V;
25/02/2015;03:00;13;001272;805;Torino - Rebaudengo;04;Biossido di azoto (NO2);23;microgrammi / metro cubo;96.0;V;
25/02/2015;04:00;13;001272;805;Torino - Rebaudengo;04;Biossido di azoto (NO2);23;microgrammi / metro cubo;80.0;V;
25/02/2015;05:00;13;001272;805;Torino - Rebaudengo;04;Biossido di azoto (NO2);23;microgrammi / metro cubo;75.0;V;
25/02/2015;06:00;13;001272;805;Torino - Rebaudengo;04;Biossido di azoto (NO2);23;microgrammi / metro cubo;82.0;V;
25/02/2015;07:00;13;001272;805;Torino - Rebaudengo;04;Biossido di azoto (NO2);23;microgrammi / metro cubo;99.0;V;
25/02/2015;08:00;13;001272;805;Torino - Rebaudengo;04;Biossido di azoto (NO2);23;microgrammi / metro cubo;109.0;V;
25/02/2015;09:00;13;001272;805;Torino - Rebaudengo;04;Biossido di azoto (NO2);23;microgrammi / metro cubo;118.0;V;
25/02/2015;10:00;13;001272;805;Torino - Rebaudengo;04;Biossido di azoto (NO2);23;microgrammi / metro cubo;137.0;V;
25/02/2015;11:00;13;001272;805;Torino - Rebaudengo;04;Biossido di azoto (NO2);23;microgrammi / metro cubo;146.0;V;
25/02/2015;12:00;13;001272;805;Torino - Rebaudengo;04;Biossido di azoto (NO2);23;microgrammi / metro cubo;107.0;V;
25/02/2015;13:00;13;001272;805;Torino - Rebaudengo;04;Biossido di azoto (NO2);23;microgrammi / metro cubo;75.0;V;
25/02/2015;14:00;13;001272;805;Torino - Rebaudengo;04;Biossido di azoto (NO2);23;microgrammi / metro cubo;62.0;V;
25/02/2015;15:00;13;001272;805;Torino - Rebaudengo;04;Biossido di azoto (NO2);23;microgrammi / metro cubo;75.0;V;
25/02/2015;16:00;13;001272;805;Torino - Rebaudengo;04;Biossido di azoto (NO2);23;microgrammi / metro cubo;67.0;V;
25/02/2015;17:00;13;001272;805;Torino - Rebaudengo;04;Biossido di azoto (NO2);23;microgrammi / metro cubo;76.0;V;
25/02/2015;18:00;13;001272;805;Torino - Rebaudengo;04;Biossido di azoto (NO2);23;microgrammi / metro cubo;86.0;V;
25/02/2015;19:00;13;001272;805;Torino - Rebaudengo;04;Biossido di azoto (NO2);23;microgrammi / metro cubo;128.0;V;
25/02/2015;20:00;13;001272;805;Torino - Rebaudengo;04;Biossido di azoto (NO2);23;microgrammi / metro cubo;135.0;V;
25/02/2015;21:00;13;001272;805;Torino - Rebaudengo;04;Biossido di azoto (NO2);23;microgrammi / metro cubo;101.0;V;
25/02/2015;22:00;13;001272;805;Torino - Rebaudengo;04;Biossido di azoto (NO2);23;microgrammi / metro cubo;103.0;V;
25/02/2015;23:00;13;001272;805;Torino - Rebaudengo;04;Biossido di azoto (NO2);23;microgrammi / metro cubo;113.0;V;
25/02/2015;23:59;13;001272;805;Torino - Rebaudengo;04;Biossido di azoto (NO2);23;microgrammi / metro cubo;102.0;V;
26/02/2015;01:00;13;001272;805;Torino - Rebaudengo;04;Biossido di azoto (NO2);23;microgrammi / metro cubo;86.0;V;
26/02/2015;02:00;13;001272;805;Torino - Rebaudengo;04;Biossido di azoto (NO2);23;microgrammi / metro cubo;85.0;V;
26/02/2015;03:00;13;001272;805;Torino - Rebaudengo;04;Biossido di azoto (NO2);23;microgrammi / metro cubo;85.0;V;
26/02/2015;04:00;13;001272;805;Torino - Rebaudengo;04;Biossido di azoto (NO2);23;microgrammi / metro cubo;78.0;V;
26/02/2015;05:00;13;001272;805;Torino - Rebaudengo;04;Biossido di azoto (NO2);23;microgrammi / metro cubo;80.0;V;
26/02/2015;06:00;13;001272;805;Torino - Rebaudengo;04;Biossido di azoto (NO2);23;microgrammi / metro cubo;101.0;V;
26/02/2015;07:00;13;001272;805;Torino - Rebaudengo;04;Biossido di azoto (NO2);23;microgrammi / metro cubo;84.0;V;
26/02/2015;08:00;13;001272;805;Torino - Rebaudengo;04;Biossido di azoto (NO2);23;microgrammi / metro cubo;107.0;V;
26/02/2015;09:00;13;001272;805;Torino - Rebaudengo;04;Biossido di azoto (NO2);23;microgrammi / metro cubo;114.0;V;
26/02/2015;10:00;13;001272;805;Torino - Rebaudengo;04;Biossido di azoto (NO2);23;microgrammi / metro cubo;;E;
26/02/2015;11:00;13;001272;805;Torino - Rebaudengo;04;Biossido di azoto (NO2);23;microgrammi / metro cubo;;E;
26/02/2015;12:00;13;001272;805;Torino - Rebaudengo;04;Biossido di azoto (NO2);23;microgrammi / metro cubo;;E;
26/02/2015;13:00;13;001272;805;Torino - Rebaudengo;04;Biossido di azoto (NO2);23;microgrammi / metro cubo;;E;
26/02/2015;14:00;13;001272;805;Torino - Rebaudengo;04;Biossido di azoto (NO2);23;microgrammi / metro cubo;;E;
26/02/2015;15:00;13;001272;805;Torino - Rebaudengo;04;Biossido di azoto (NO2);23;microgrammi / metro cubo;;E;
26/02/2015;16:00;13;001272;805;Torino - Rebaudengo;04;Biossido di azoto (NO2);23;microgrammi / metro cubo;;E;
26/02/2015;17:00;13;001272;805;Torino - Rebaudengo;04;Biossido di azoto (NO2);23;microgrammi / metro cubo;;E;
26/02/2015;18:00;13;001272;805;Torino - Rebaudengo;04;Biossido di azoto (NO2);23;microgrammi / metro cubo;;E;
26/02/2015;19:00;13;001272;805;Torino - Rebaudengo;04;Biossido di azoto (NO2);23;microgrammi / metro cubo;;E;
26/02/2015;20:00;13;001272;805;Torino - Rebaudengo;04;Biossido di azoto (NO2);23;microgrammi / metro cubo;;E;
26/02/2015;21:00;13;001272;805;Torino - Rebaudengo;04;Biossido di azoto (NO2);23;microgrammi / metro cubo;;E;
26/02/2015;22:00;13;001272;805;Torino - Rebaudengo;04;Biossido di azoto (NO2);23;microgrammi / metro cubo;;E;
26/02/2015;23:00;13;001272;805;Torino - Rebaudengo;04;Biossido di azoto (NO2);23;microgrammi / metro cubo;;E;
26/02/2015;23:59;13;001272;805;Torino - Rebaudengo;04;Biossido di azoto (NO2);23;microgrammi / metro cubo;;E;
27/02/2015;01:00;13;001272;805;Torino - Rebaudengo;04;Biossido di azoto (NO2);23;microgrammi / metro cubo;;E;
27/02/2015;02:00;13;001272;805;Torino - Rebaudengo;04;Biossido di azoto (NO2);23;microgrammi / metro cubo;;E;
27/02/2015;03:00;13;001272;805;Torino - Rebaudengo;04;Biossido di azoto (NO2);23;microgrammi / metro cubo;;E;
27/02/2015;04:00;13;001272;805;Torino - Rebaudengo;04;Biossido di azoto (NO2);23;microgrammi / metro cubo;;E;
27/02/2015;05:00;13;001272;805;Torino - Rebaudengo;04;Biossido di azoto (NO2);23;microgrammi / metro cubo;;E;
27/02/2015;06:00;13;001272;805;Torino - Rebaudengo;04;Biossido di azoto (NO2);23;microgrammi / metro cubo;;E;
27/02/2015;07:00;13;001272;805;Torino - Rebaudengo;04;Biossido di azoto (NO2);23;microgrammi / metro cubo;;E;
27/02/2015;08:00;13;001272;805;Torino - Rebaudengo;04;Biossido di azoto (NO2);23;microgrammi / metro cubo;;E;
27/02/2015;09:00;13;001272;805;Torino - Rebaudengo;04;Biossido di azoto (NO2);23;microgrammi / metro cubo;;E;
27/02/2015;10:00;13;001272;805;Torino - Rebaudengo;04;Biossido di azoto (NO2);23;microgrammi / metro cubo;;E;
27/02/2015;11:00;13;001272;805;Torino - Rebaudengo;04;Biossido di azoto (NO2);23;microgrammi / metro cubo;;E;
27/02/2015;12:00;13;001272;805;Torino - Rebaudengo;04;Biossido di azoto (NO2);23;microgrammi / metro cubo;;E;
27/02/2015;13:00;13;001272;805;Torino - Rebaudengo;04;Biossido di azoto (NO2);23;microgrammi / metro cubo;57.0;V;
27/02/2015;14:00;13;001272;805;Torino - Rebaudengo;04;Biossido di azoto (NO2);23;microgrammi / metro cubo;63.0;V;
27/02/2015;15:00;13;001272;805;Torino - Rebaudengo;04;Biossido di azoto (NO2);23;microgrammi / metro cubo;70.0;V;
27/02/2015;16:00;13;001272;805;Torino - Rebaudengo;04;Biossido di azoto (NO2);23;microgrammi / metro cubo;72.0;V;
27/02/2015;17:00;13;001272;805;Torino - Rebaudengo;04;Biossido di azoto (NO2);23;microgrammi / metro cubo;78.0;V;
27/02/2015;18:00;13;001272;805;Torino - Rebaudengo;04;Biossido di azoto (NO2);23;microgrammi / metro cubo;94.0;V;
27/02/2015;19:00;13;001272;805;Torino - Rebaudengo;04;Biossido di azoto (NO2);23;microgrammi / metro cubo;104.0;V;
27/02/2015;20:00;13;001272;805;Torino - Rebaudengo;04;Biossido di azoto (NO2);23;microgrammi / metro cubo;113.0;V;
27/02/2015;21:00;13;001272;805;Torino - Rebaudengo;04;Biossido di azoto (NO2);23;microgrammi / metro cubo;118.0;V;
27/02/2015;22:00;13;001272;805;Torino - Rebaudengo;04;Biossido di azoto (NO2);23;microgrammi / metro cubo;109.0;V;
27/02/2015;23:00;13;001272;805;Torino - Rebaudengo;04;Biossido di azoto (NO2);23;microgrammi / metro cubo;106.0;V;
27/02/2015;23:59;13;001272;805;Torino - Rebaudengo;04;Biossido di azoto (NO2);23;microgrammi / metro cubo;91.0;V;
28/02/2015;01:00;13;001272;805;Torino - Rebaudengo;04;Biossido di azoto (NO2);23;microgrammi / metro cubo;97.0;V;
28/02/2015;02:00;13;001272;805;Torino - Rebaudengo;04;Biossido di azoto (NO2);23;microgrammi / metro cubo;105.0;V;
28/02/2015;03:00;13;001272;805;Torino - Rebaudengo;04;Biossido di azoto (NO2);23;microgrammi / metro cubo;82.0;V;
28/02/2015;04:00;13;001272;805;Torino - Rebaudengo;04;Biossido di azoto (NO2);23;microgrammi / metro cubo;84.0;V;
28/02/2015;05:00;13;001272;805;Torino - Rebaudengo;04;Biossido di azoto (NO2);23;microgrammi / metro cubo;81.0;V;
28/02/2015;06:00;13;001272;805;Torino - Rebaudengo;04;Biossido di azoto (NO2);23;microgrammi / metro cubo;90.0;V;
28/02/2015;07:00;13;001272;805;Torino - Rebaudengo;04;Biossido di azoto (NO2);23;microgrammi / metro cubo;94.0;V;
28/02/2015;08:00;13;001272;805;Torino - Rebaudengo;04;Biossido di azoto (NO2);23;microgrammi / metro cubo;120.0;V;
28/02/2015;09:00;13;001272;805;Torino - Rebaudengo;04;Biossido di azoto (NO2);23;microgrammi / metro cubo;97.0;V;
28/02/2015;10:00;13;001272;805;Torino - Rebaudengo;04;Biossido di azoto (NO2);23;microgrammi / metro cubo;121.0;V;
28/02/2015;11:00;13;001272;805;Torino - Rebaudengo;04;Biossido di azoto (NO2);23;microgrammi / metro cubo;103.0;V;
28/02/2015;12:00;13;001272;805;Torino - Rebaudengo;04;Biossido di azoto (NO2);23;microgrammi / metro cubo;83.0;V;
28/02/2015;13:00;13;001272;805;Torino - Rebaudengo;04;Biossido di azoto (NO2);23;microgrammi / metro cubo;71.0;V;
28/02/2015;14:00;13;001272;805;Torino - Rebaudengo;04;Biossido di azoto (NO2);23;microgrammi / metro cubo;52.0;V;
28/02/2015;15:00;13;001272;805;Torino - Rebaudengo;04;Biossido di azoto (NO2);23;microgrammi / metro cubo;39.0;V;
28/02/2015;16:00;13;001272;805;Torino - Rebaudengo;04;Biossido di azoto (NO2);23;microgrammi / metro cubo;43.0;V;
28/02/2015;17:00;13;001272;805;Torino - Rebaudengo;04;Biossido di azoto (NO2);23;microgrammi / metro cubo;62.0;V;
28/02/2015;18:00;13;001272;805;Torino - Rebaudengo;04;Biossido di azoto (NO2);23;microgrammi / metro cubo;63.0;V;
28/02/2015;19:00;13;001272;805;Torino - Rebaudengo;04;Biossido di azoto (NO2);23;microgrammi / metro cubo;99.0;V;
28/02/2015;20:00;13;001272;805;Torino - Rebaudengo;04;Biossido di azoto (NO2);23;microgrammi / metro cubo;133.0;V;
28/02/2015;21:00;13;001272;805;Torino - Rebaudengo;04;Biossido di azoto (NO2);23;microgrammi / metro cubo;128.0;V;
28/02/2015;22:00;13;001272;805;Torino - Rebaudengo;04;Biossido di azoto (NO2);23;microgrammi / metro cubo;111.0;V;
28/02/2015;23:00;13;001272;805;Torino - Rebaudengo;04;Biossido di azoto (NO2);23;microgrammi / metro cubo;97.0;V;
28/02/2015;23:59;13;001272;805;Torino - Rebaudengo;04;Biossido di azoto (NO2);23;microgrammi / metro cubo;84.0;V;
01/03/2015;01:00;13;001272;805;Torino - Rebaudengo;04;Biossido di azoto (NO2);23;microgrammi / metro cubo;84.0;V;
01/03/2015;02:00;13;001272;805;Torino - Rebaudengo;04;Biossido di azoto (NO2);23;microgrammi / metro cubo;80.0;V;
01/03/2015;03:00;13;001272;805;Torino - Rebaudengo;04;Biossido di azoto (NO2);23;microgrammi / metro cubo;77.0;V;
01/03/2015;04:00;13;001272;805;Torino - Rebaudengo;04;Biossido di azoto (NO2);23;microgrammi / metro cubo;79.0;V;
01/03/2015;05:00;13;001272;805;Torino - Rebaudengo;04;Biossido di azoto (NO2);23;microgrammi / metro cubo;68.0;V;
01/03/2015;06:00;13;001272;805;Torino - Rebaudengo;04;Biossido di azoto (NO2);23;microgrammi / metro cubo;73.0;V;
01/03/2015;07:00;13;001272;805;Torino - Rebaudengo;04;Biossido di azoto (NO2);23;microgrammi / metro cubo;68.0;V;
01/03/2015;08:00;13;001272;805;Torino - Rebaudengo;04;Biossido di azoto (NO2);23;microgrammi / metro cubo;63.0;V;
01/03/2015;09:00;13;001272;805;Torino - Rebaudengo;04;Biossido di azoto (NO2);23;microgrammi / metro cubo;61.0;V;
01/03/2015;10:00;13;001272;805;Torino - Rebaudengo;04;Biossido di azoto (NO2);23;microgrammi / metro cubo;85.0;V;
01/03/2015;11:00;13;001272;805;Torino - Rebaudengo;04;Biossido di azoto (NO2);23;microgrammi / metro cubo;69.0;V;
01/03/2015;12:00;13;001272;805;Torino - Rebaudengo;04;Biossido di azoto (NO2);23;microgrammi / metro cubo;61.0;V;
01/03/2015;13:00;13;001272;805;Torino - Rebaudengo;04;Biossido di azoto (NO2);23;microgrammi / metro cubo;48.0;V;
01/03/2015;14:00;13;001272;805;Torino - Rebaudengo;04;Biossido di azoto (NO2);23;microgrammi / metro cubo;50.0;V;
01/03/2015;15:00;13;001272;805;Torino - Rebaudengo;04;Biossido di azoto (NO2);23;microgrammi / metro cubo;49.0;V;
01/03/2015;16:00;13;001272;805;Torino - Rebaudengo;04;Biossido di azoto (NO2);23;microgrammi / metro cubo;49.0;V;
01/03/2015;17:00;13;001272;805;Torino - Rebaudengo;04;Biossido di azoto (NO2);23;microgrammi / metro cubo;62.0;V;
01/03/2015;18:00;13;001272;805;Torino - Rebaudengo;04;Biossido di azoto (NO2);23;microgrammi / metro cubo;87.0;V;
01/03/2015;19:00;13;001272;805;Torino - Rebaudengo;04;Biossido di azoto (NO2);23;microgrammi / metro cubo;91.0;V;
01/03/2015;20:00;13;001272;805;Torino - Rebaudengo;04;Biossido di azoto (NO2);23;microgrammi / metro cubo;114.0;V;
01/03/2015;21:00;13;001272;805;Torino - Rebaudengo;04;Biossido di azoto (NO2);23;microgrammi / metro cubo;123.0;V;
01/03/2015;22:00;13;001272;805;Torino - Rebaudengo;04;Biossido di azoto (NO2);23;microgrammi / metro cubo;109.0;V;
01/03/2015;23:00;13;001272;805;Torino - Rebaudengo;04;Biossido di azoto (NO2);23;microgrammi / metro cubo;96.0;V;
01/03/2015;23:59;13;001272;805;Torino - Rebaudengo;04;Biossido di azoto (NO2);23;microgrammi / metro cubo;83.0;V;
02/03/2015;01:00;13;001272;805;Torino - Rebaudengo;04;Biossido di azoto (NO2);23;microgrammi / metro cubo;92.0;V;
02/03/2015;02:00;13;001272;805;Torino - Rebaudengo;04;Biossido di azoto (NO2);23;microgrammi / metro cubo;88.0;V;
02/03/2015;03:00;13;001272;805;Torino - Rebaudengo;04;Biossido di azoto (NO2);23;microgrammi / metro cubo;74.0;V;
02/03/2015;04:00;13;001272;805;Torino - Rebaudengo;04;Biossido di azoto (NO2);23;microgrammi / metro cubo;71.0;V;
02/03/2015;05:00;13;001272;805;Torino - Rebaudengo;04;Biossido di azoto (NO2);23;microgrammi / metro cubo;73.0;V;
02/03/2015;06:00;13;001272;805;Torino - Rebaudengo;04;Biossido di azoto (NO2);23;microgrammi / metro cubo;78.0;V;
02/03/2015;07:00;13;001272;805;Torino - Rebaudengo;04;Biossido di azoto (NO2);23;microgrammi / metro cubo;83.0;V;
02/03/2015;08:00;13;001272;805;Torino - Rebaudengo;04;Biossido di azoto (NO2);23;microgrammi / metro cubo;85.0;V;
02/03/2015;09:00;13;001272;805;Torino - Rebaudengo;04;Biossido di azoto (NO2);23;microgrammi / metro cubo;110.0;V;
02/03/2015;10:00;13;001272;805;Torino - Rebaudengo;04;Biossido di azoto (NO2);23;microgrammi / metro cubo;114.0;V;
02/03/2015;11:00;13;001272;805;Torino - Rebaudengo;04;Biossido di azoto (NO2);23;microgrammi / metro cubo;75.0;V;
02/03/2015;12:00;13;001272;805;Torino - Rebaudengo;04;Biossido di azoto (NO2);23;microgrammi / metro cubo;59.0;V;
02/03/2015;13:00;13;001272;805;Torino - Rebaudengo;04;Biossido di azoto (NO2);23;microgrammi / metro cubo;55.0;V;
02/03/2015;14:00;13;001272;805;Torino - Rebaudengo;04;Biossido di azoto (NO2);23;microgrammi / metro cubo;63.0;V;
02/03/2015;15:00;13;001272;805;Torino - Rebaudengo;04;Biossido di azoto (NO2);23;microgrammi / metro cubo;72.0;V;
02/03/2015;16:00;13;001272;805;Torino - Rebaudengo;04;Biossido di azoto (NO2);23;microgrammi / metro cubo;78.0;V;
02/03/2015;17:00;13;001272;805;Torino - Rebaudengo;04;Biossido di azoto (NO2);23;microgrammi / metro cubo;78.0;V;
02/03/2015;18:00;13;001272;805;Torino - Rebaudengo;04;Biossido di azoto (NO2);23;microgrammi / metro cubo;47.0;V;
02/03/2015;19:00;13;001272;805;Torino - Rebaudengo;04;Biossido di azoto (NO2);23;microgrammi / metro cubo;94.0;V;
02/03/2015;20:00;13;001272;805;Torino - Rebaudengo;04;Biossido di azoto (NO2);23;microgrammi / metro cubo;67.0;V;
02/03/2015;21:00;13;001272;805;Torino - Rebaudengo;04;Biossido di azoto (NO2);23;microgrammi / metro cubo;44.0;V;
02/03/2015;22:00;13;001272;805;Torino - Rebaudengo;04;Biossido di azoto (NO2);23;microgrammi / metro cubo;49.0;V;
02/03/2015;23:00;13;001272;805;Torino - Rebaudengo;04;Biossido di azoto (NO2);23;microgrammi / metro cubo;47.0;V;
02/03/2015;23:59;13;001272;805;Torino - Rebaudengo;04;Biossido di azoto (NO2);23;microgrammi / metro cubo;91.0;V;
03/03/2015;01:00;13;001272;805;Torino - Rebaudengo;04;Biossido di azoto (NO2);23;microgrammi / metro cubo;;E;
03/03/2015;02:00;13;001272;805;Torino - Rebaudengo;04;Biossido di azoto (NO2);23;microgrammi / metro cubo;;E;
03/03/2015;03:00;13;001272;805;Torino - Rebaudengo;04;Biossido di azoto (NO2);23;microgrammi / metro cubo;;E;
03/03/2015;04:00;13;001272;805;Torino - Rebaudengo;04;Biossido di azoto (NO2);23;microgrammi / metro cubo;;E;
03/03/2015;05:00;13;001272;805;Torino - Rebaudengo;04;Biossido di azoto (NO2);23;microgrammi / metro cubo;;E;
03/03/2015;06:00;13;001272;805;Torino - Rebaudengo;04;Biossido di azoto (NO2);23;microgrammi / metro cubo;;E;
03/03/2015;07:00;13;001272;805;Torino - Rebaudengo;04;Biossido di azoto (NO2);23;microgrammi / metro cubo;;E;
03/03/2015;08:00;13;001272;805;Torino - Rebaudengo;04;Biossido di azoto (NO2);23;microgrammi / metro cubo;;E;
03/03/2015;09:00;13;001272;805;Torino - Rebaudengo;04;Biossido di azoto (NO2);23;microgrammi / metro cubo;;E;
03/03/2015;10:00;13;001272;805;Torino - Rebaudengo;04;Biossido di azoto (NO2);23;microgrammi / metro cubo;;E;
03/03/2015;11:00;13;001272;805;Torino - Rebaudengo;04;Biossido di azoto (NO2);23;microgrammi / metro cubo;;E;
03/03/2015;12:00;13;001272;805;Torino - Rebaudengo;04;Biossido di azoto (NO2);23;microgrammi / metro cubo;;E;
03/03/2015;13:00;13;001272;805;Torino - Rebaudengo;04;Biossido di azoto (NO2);23;microgrammi / metro cubo;;E;
03/03/2015;14:00;13;001272;805;Torino - Rebaudengo;04;Biossido di azoto (NO2);23;microgrammi / metro cubo;;E;
03/03/2015;15:00;13;001272;805;Torino - Rebaudengo;04;Biossido di azoto (NO2);23;microgrammi / metro cubo;;E;
03/03/2015;16:00;13;001272;805;Torino - Rebaudengo;04;Biossido di azoto (NO2);23;microgrammi / metro cubo;;E;
03/03/2015;17:00;13;001272;805;Torino - Rebaudengo;04;Biossido di azoto (NO2);23;microgrammi / metro cubo;;E;
03/03/2015;18:00;13;001272;805;Torino - Rebaudengo;04;Biossido di azoto (NO2);23;microgrammi / metro cubo;48.0;V;
03/03/2015;19:00;13;001272;805;Torino - Rebaudengo;04;Biossido di azoto (NO2);23;microgrammi / metro cubo;94.0;V;
03/03/2015;20:00;13;001272;805;Torino - Rebaudengo;04;Biossido di azoto (NO2);23;microgrammi / metro cubo;110.0;V;
03/03/2015;21:00;13;001272;805;Torino - Rebaudengo;04;Biossido di azoto (NO2);23;microgrammi / metro cubo;104.0;V;
03/03/2015;22:00;13;001272;805;Torino - Rebaudengo;04;Biossido di azoto (NO2);23;microgrammi / metro cubo;100.0;V;
03/03/2015;23:00;13;001272;805;Torino - Rebaudengo;04;Biossido di azoto (NO2);23;microgrammi / metro cubo;90.0;V;
03/03/2015;23:59;13;001272;805;Torino - Rebaudengo;04;Biossido di azoto (NO2);23;microgrammi / metro cubo;88.0;V;
04/03/2015;01:00;13;001272;805;Torino - Rebaudengo;04;Biossido di azoto (NO2);23;microgrammi / metro cubo;87.0;V;
04/03/2015;02:00;13;001272;805;Torino - Rebaudengo;04;Biossido di azoto (NO2);23;microgrammi / metro cubo;77.0;V;
04/03/2015;03:00;13;001272;805;Torino - Rebaudengo;04;Biossido di azoto (NO2);23;microgrammi / metro cubo;77.0;V;
04/03/2015;04:00;13;001272;805;Torino - Rebaudengo;04;Biossido di azoto (NO2);23;microgrammi / metro cubo;75.0;V;
04/03/2015;05:00;13;001272;805;Torino - Rebaudengo;04;Biossido di azoto (NO2);23;microgrammi / metro cubo;82.0;V;
04/03/2015;06:00;13;001272;805;Torino - Rebaudengo;04;Biossido di azoto (NO2);23;microgrammi / metro cubo;74.0;V;
04/03/2015;07:00;13;001272;805;Torino - Rebaudengo;04;Biossido di azoto (NO2);23;microgrammi / metro cubo;85.0;V;
04/03/2015;08:00;13;001272;805;Torino - Rebaudengo;04;Biossido di azoto (NO2);23;microgrammi / metro cubo;88.0;V;
04/03/2015;09:00;13;001272;805;Torino - Rebaudengo;04;Biossido di azoto (NO2);23;microgrammi / metro cubo;89.0;V;
04/03/2015;10:00;13;001272;805;Torino - Rebaudengo;04;Biossido di azoto (NO2);23;microgrammi / metro cubo;88.0;V;
04/03/2015;11:00;13;001272;805;Torino - Rebaudengo;04;Biossido di azoto (NO2);23;microgrammi / metro cubo;91.0;V;
04/03/2015;12:00;13;001272;805;Torino - Rebaudengo;04;Biossido di azoto (NO2);23;microgrammi / metro cubo;64.0;V;
04/03/2015;13:00;13;001272;805;Torino - Rebaudengo;04;Biossido di azoto (NO2);23;microgrammi / metro cubo;55.0;V;
04/03/2015;14:00;13;001272;805;Torino - Rebaudengo;04;Biossido di azoto (NO2);23;microgrammi / metro cubo;45.0;V;
04/03/2015;15:00;13;001272;805;Torino - Rebaudengo;04;Biossido di azoto (NO2);23;microgrammi / metro cubo;45.0;V;
04/03/2015;16:00;13;001272;805;Torino - Rebaudengo;04;Biossido di azoto (NO2);23;microgrammi / metro cubo;53.0;V;
04/03/2015;17:00;13;001272;805;Torino - Rebaudengo;04;Biossido di azoto (NO2);23;microgrammi / metro cubo;70.0;V;
04/03/2015;18:00;13;001272;805;Torino - Rebaudengo;04;Biossido di azoto (NO2);23;microgrammi / metro cubo;74.0;V;
04/03/2015;19:00;13;001272;805;Torino - Rebaudengo;04;Biossido di azoto (NO2);23;microgrammi / metro cubo;82.0;V;
04/03/2015;20:00;13;001272;805;Torino - Rebaudengo;04;Biossido di azoto (NO2);23;microgrammi / metro cubo;88.0;V;
04/03/2015;21:00;13;001272;805;Torino - Rebaudengo;04;Biossido di azoto (NO2);23;microgrammi / metro cubo;113.0;V;
04/03/2015;22:00;13;001272;805;Torino - Rebaudengo;04;Biossido di azoto (NO2);23;microgrammi / metro cubo;105.0;V;
04/03/2015;23:00;13;001272;805;Torino - Rebaudengo;04;Biossido di azoto (NO2);23;microgrammi / metro cubo;97.0;V;
04/03/2015;23:59;13;001272;805;Torino - Rebaudengo;04;Biossido di azoto (NO2);23;microgrammi / metro cubo;48.0;V;
05/03/2015;01:00;13;001272;805;Torino - Rebaudengo;04;Biossido di azoto (NO2);23;microgrammi / metro cubo;35.0;V;
05/03/2015;02:00;13;001272;805;Torino - Rebaudengo;04;Biossido di azoto (NO2);23;microgrammi / metro cubo;31.0;V;
05/03/2015;03:00;13;001272;805;Torino - Rebaudengo;04;Biossido di azoto (NO2);23;microgrammi / metro cubo;38.0;V;
05/03/2015;04:00;13;001272;805;Torino - Rebaudengo;04;Biossido di azoto (NO2);23;microgrammi / metro cubo;56.0;V;
05/03/2015;05:00;13;001272;805;Torino - Rebaudengo;04;Biossido di azoto (NO2);23;microgrammi / metro cubo;75.0;V;
05/03/2015;06:00;13;001272;805;Torino - Rebaudengo;04;Biossido di azoto (NO2);23;microgrammi / metro cubo;101.0;V;
05/03/2015;07:00;13;001272;805;Torino - Rebaudengo;04;Biossido di azoto (NO2);23;microgrammi / metro cubo;88.0;V;
05/03/2015;08:00;13;001272;805;Torino - Rebaudengo;04;Biossido di azoto (NO2);23;microgrammi / metro cubo;114.0;V;
05/03/2015;09:00;13;001272;805;Torino - Rebaudengo;04;Biossido di azoto (NO2);23;microgrammi / metro cubo;139.0;V;
05/03/2015;10:00;13;001272;805;Torino - Rebaudengo;04;Biossido di azoto (NO2);23;microgrammi / metro cubo;102.0;V;
05/03/2015;11:00;13;001272;805;Torino - Rebaudengo;04;Biossido di azoto (NO2);23;microgrammi / metro cubo;63.0;V;
05/03/2015;12:00;13;001272;805;Torino - Rebaudengo;04;Biossido di azoto (NO2);23;microgrammi / metro cubo;53.0;V;
05/03/2015;13:00;13;001272;805;Torino - Rebaudengo;04;Biossido di azoto (NO2);23;microgrammi / metro cubo;41.0;V;
05/03/2015;14:00;13;001272;805;Torino - Rebaudengo;04;Biossido di azoto (NO2);23;microgrammi / metro cubo;28.0;V;
05/03/2015;15:00;13;001272;805;Torino - Rebaudengo;04;Biossido di azoto (NO2);23;microgrammi / metro cubo;;E;
05/03/2015;16:00;13;001272;805;Torino - Rebaudengo;04;Biossido di azoto (NO2);23;microgrammi / metro cubo;;E;
05/03/2015;17:00;13;001272;805;Torino - Rebaudengo;04;Biossido di azoto (NO2);23;microgrammi / metro cubo;48.0;V;
05/03/2015;18:00;13;001272;805;Torino - Rebaudengo;04;Biossido di azoto (NO2);23;microgrammi / metro cubo;38.0;V;
05/03/2015;19:00;13;001272;805;Torino - Rebaudengo;04;Biossido di azoto (NO2);23;microgrammi / metro cubo;48.0;V;
05/03/2015;20:00;13;001272;805;Torino - Rebaudengo;04;Biossido di azoto (NO2);23;microgrammi / metro cubo;62.0;V;
05/03/2015;21:00;13;001272;805;Torino - Rebaudengo;04;Biossido di azoto (NO2);23;microgrammi / metro cubo;87.0;V;
05/03/2015;22:00;13;001272;805;Torino - Rebaudengo;04;Biossido di azoto (NO2);23;microgrammi / metro cubo;105.0;V;
05/03/2015;23:00;13;001272;805;Torino - Rebaudengo;04;Biossido di azoto (NO2);23;microgrammi / metro cubo;94.0;V;
05/03/2015;23:59;13;001272;805;Torino - Rebaudengo;04;Biossido di azoto (NO2);23;microgrammi / metro cubo;85.0;V;
06/03/2015;01:00;13;001272;805;Torino - Rebaudengo;04;Biossido di azoto (NO2);23;microgrammi / metro cubo;83.0;V;
06/03/2015;02:00;13;001272;805;Torino - Rebaudengo;04;Biossido di azoto (NO2);23;microgrammi / metro cubo;94.0;V;
06/03/2015;03:00;13;001272;805;Torino - Rebaudengo;04;Biossido di azoto (NO2);23;microgrammi / metro cubo;74.0;V;
06/03/2015;04:00;13;001272;805;Torino - Rebaudengo;04;Biossido di azoto (NO2);23;microgrammi / metro cubo;64.0;V;
06/03/2015;05:00;13;001272;805;Torino - Rebaudengo;04;Biossido di azoto (NO2);23;microgrammi / metro cubo;54.0;V;
06/03/2015;06:00;13;001272;805;Torino - Rebaudengo;04;Biossido di azoto (NO2);23;microgrammi / metro cubo;73.0;V;
06/03/2015;07:00;13;001272;805;Torino - Rebaudengo;04;Biossido di azoto (NO2);23;microgrammi / metro cubo;90.0;V;
06/03/2015;08:00;13;001272;805;Torino - Rebaudengo;04;Biossido di azoto (NO2);23;microgrammi / metro cubo;94.0;V;
06/03/2015;09:00;13;001272;805;Torino - Rebaudengo;04;Biossido di azoto (NO2);23;microgrammi / metro cubo;92.0;V;
06/03/2015;10:00;13;001272;805;Torino - Rebaudengo;04;Biossido di azoto (NO2);23;microgrammi / metro cubo;94.0;V;
06/03/2015;11:00;13;001272;805;Torino - Rebaudengo;04;Biossido di azoto (NO2);23;microgrammi / metro cubo;88.0;V;
06/03/2015;12:00;13;001272;805;Torino - Rebaudengo;04;Biossido di azoto (NO2);23;microgrammi / metro cubo;70.0;V;
06/03/2015;13:00;13;001272;805;Torino - Rebaudengo;04;Biossido di azoto (NO2);23;microgrammi / metro cubo;75.0;V;
06/03/2015;14:00;13;001272;805;Torino - Rebaudengo;04;Biossido di azoto (NO2);23;microgrammi / metro cubo;81.0;V;
06/03/2015;15:00;13;001272;805;Torino - Rebaudengo;04;Biossido di azoto (NO2);23;microgrammi / metro cubo;72.0;V;
06/03/2015;16:00;13;001272;805;Torino - Rebaudengo;04;Biossido di azoto (NO2);23;microgrammi / metro cubo;81.0;V;
06/03/2015;17:00;13;001272;805;Torino - Rebaudengo;04;Biossido di azoto (NO2);23;microgrammi / metro cubo;74.0;V;
06/03/2015;18:00;13;001272;805;Torino - Rebaudengo;04;Biossido di azoto (NO2);23;microgrammi / metro cubo;81.0;V;
06/03/2015;19:00;13;001272;805;Torino - Rebaudengo;04;Biossido di azoto (NO2);23;microgrammi / metro cubo;115.0;V;
06/03/2015;20:00;13;001272;805;Torino - Rebaudengo;04;Biossido di azoto (NO2);23;microgrammi / metro cubo;115.0;V;
06/03/2015;21:00;13;001272;805;Torino - Rebaudengo;04;Biossido di azoto (NO2);23;microgrammi / metro cubo;106.0;V;
06/03/2015;22:00;13;001272;805;Torino - Rebaudengo;04;Biossido di azoto (NO2);23;microgrammi / metro cubo;93.0;V;
06/03/2015;23:00;13;001272;805;Torino - Rebaudengo;04;Biossido di azoto (NO2);23;microgrammi / metro cubo;88.0;V;
06/03/2015;23:59;13;001272;805;Torino - Rebaudengo;04;Biossido di azoto (NO2);23;microgrammi / metro cubo;83.0;V;
07/03/2015;01:00;13;001272;805;Torino - Rebaudengo;04;Biossido di azoto (NO2);23;microgrammi / metro cubo;78.0;V;
07/03/2015;02:00;13;001272;805;Torino - Rebaudengo;04;Biossido di azoto (NO2);23;microgrammi / metro cubo;72.0;V;
07/03/2015;03:00;13;001272;805;Torino - Rebaudengo;04;Biossido di azoto (NO2);23;microgrammi / metro cubo;63.0;V;
07/03/2015;04:00;13;001272;805;Torino - Rebaudengo;04;Biossido di azoto (NO2);23;microgrammi / metro cubo;73.0;V;
07/03/2015;05:00;13;001272;805;Torino - Rebaudengo;04;Biossido di azoto (NO2);23;microgrammi / metro cubo;73.0;V;
07/03/2015;06:00;13;001272;805;Torino - Rebaudengo;04;Biossido di azoto (NO2);23;microgrammi / metro cubo;58.0;V;
07/03/2015;07:00;13;001272;805;Torino - Rebaudengo;04;Biossido di azoto (NO2);23;microgrammi / metro cubo;72.0;V;
07/03/2015;08:00;13;001272;805;Torino - Rebaudengo;04;Biossido di azoto (NO2);23;microgrammi / metro cubo;74.0;V;
07/03/2015;09:00;13;001272;805;Torino - Rebaudengo;04;Biossido di azoto (NO2);23;microgrammi / metro cubo;80.0;V;
07/03/2015;10:00;13;001272;805;Torino - Rebaudengo;04;Biossido di azoto (NO2);23;microgrammi / metro cubo;78.0;V;
07/03/2015;11:00;13;001272;805;Torino - Rebaudengo;04;Biossido di azoto (NO2);23;microgrammi / metro cubo;52.0;V;
07/03/2015;12:00;13;001272;805;Torino - Rebaudengo;04;Biossido di azoto (NO2);23;microgrammi / metro cubo;52.0;V;
07/03/2015;13:00;13;001272;805;Torino - Rebaudengo;04;Biossido di azoto (NO2);23;microgrammi / metro cubo;55.0;V;
07/03/2015;14:00;13;001272;805;Torino - Rebaudengo;04;Biossido di azoto (NO2);23;microgrammi / metro cubo;43.0;V;
07/03/2015;15:00;13;001272;805;Torino - Rebaudengo;04;Biossido di azoto (NO2);23;microgrammi / metro cubo;48.0;V;
07/03/2015;16:00;13;001272;805;Torino - Rebaudengo;04;Biossido di azoto (NO2);23;microgrammi / metro cubo;42.0;V;
07/03/2015;17:00;13;001272;805;Torino - Rebaudengo;04;Biossido di azoto (NO2);23;microgrammi / metro cubo;46.0;V;
07/03/2015;18:00;13;001272;805;Torino - Rebaudengo;04;Biossido di azoto (NO2);23;microgrammi / metro cubo;62.0;V;
07/03/2015;19:00;13;001272;805;Torino - Rebaudengo;04;Biossido di azoto (NO2);23;microgrammi / metro cubo;74.0;V;
07/03/2015;20:00;13;001272;805;Torino - Rebaudengo;04;Biossido di azoto (NO2);23;microgrammi / metro cubo;108.0;V;
07/03/2015;21:00;13;001272;805;Torino - Rebaudengo;04;Biossido di azoto (NO2);23;microgrammi / metro cubo;110.0;V;
07/03/2015;22:00;13;001272;805;Torino - Rebaudengo;04;Biossido di azoto (NO2);23;microgrammi / metro cubo;87.0;V;
07/03/2015;23:00;13;001272;805;Torino - Rebaudengo;04;Biossido di azoto (NO2);23;microgrammi / metro cubo;75.0;V;
07/03/2015;23:59;13;001272;805;Torino - Rebaudengo;04;Biossido di azoto (NO2);23;microgrammi / metro cubo;101.0;V;
08/03/2015;01:00;13;001272;805;Torino - Rebaudengo;04;Biossido di azoto (NO2);23;microgrammi / metro cubo;104.0;V;
08/03/2015;02:00;13;001272;805;Torino - Rebaudengo;04;Biossido di azoto (NO2);23;microgrammi / metro cubo;101.0;V;
08/03/2015;03:00;13;001272;805;Torino - Rebaudengo;04;Biossido di azoto (NO2);23;microgrammi / metro cubo;66.0;V;
08/03/2015;04:00;13;001272;805;Torino - Rebaudengo;04;Biossido di azoto (NO2);23;microgrammi / metro cubo;61.0;V;
08/03/2015;05:00;13;001272;805;Torino - Rebaudengo;04;Biossido di azoto (NO2);23;microgrammi / metro cubo;72.0;V;
08/03/2015;06:00;13;001272;805;Torino - Rebaudengo;04;Biossido di azoto (NO2);23;microgrammi / metro cubo;65.0;V;
08/03/2015;07:00;13;001272;805;Torino - Rebaudengo;04;Biossido di azoto (NO2);23;microgrammi / metro cubo;73.0;V;
08/03/2015;08:00;13;001272;805;Torino - Rebaudengo;04;Biossido di azoto (NO2);23;microgrammi / metro cubo;66.0;V;
08/03/2015;09:00;13;001272;805;Torino - Rebaudengo;04;Biossido di azoto (NO2);23;microgrammi / metro cubo;63.0;V;
08/03/2015;10:00;13;001272;805;Torino - Rebaudengo;04;Biossido di azoto (NO2);23;microgrammi / metro cubo;66.0;V;
08/03/2015;11:00;13;001272;805;Torino - Rebaudengo;04;Biossido di azoto (NO2);23;microgrammi / metro cubo;41.0;V;
08/03/2015;12:00;13;001272;805;Torino - Rebaudengo;04;Biossido di azoto (NO2);23;microgrammi / metro cubo;43.0;V;
08/03/2015;13:00;13;001272;805;Torino - Rebaudengo;04;Biossido di azoto (NO2);23;microgrammi / metro cubo;51.0;V;
08/03/2015;14:00;13;001272;805;Torino - Rebaudengo;04;Biossido di azoto (NO2);23;microgrammi / metro cubo;35.0;V;
08/03/2015;15:00;13;001272;805;Torino - Rebaudengo;04;Biossido di azoto (NO2);23;microgrammi / metro cubo;;E;
08/03/2015;16:00;13;001272;805;Torino - Rebaudengo;04;Biossido di azoto (NO2);23;microgrammi / metro cubo;;E;
08/03/2015;17:00;13;001272;805;Torino - Rebaudengo;04;Biossido di azoto (NO2);23;microgrammi / metro cubo;;E;
08/03/2015;18:00;13;001272;805;Torino - Rebaudengo;04;Biossido di azoto (NO2);23;microgrammi / metro cubo;;E;
08/03/2015;19:00;13;001272;805;Torino - Rebaudengo;04;Biossido di azoto (NO2);23;microgrammi / metro cubo;;E;
08/03/2015;20:00;13;001272;805;Torino - Rebaudengo;04;Biossido di azoto (NO2);23;microgrammi / metro cubo;;E;
08/03/2015;21:00;13;001272;805;Torino - Rebaudengo;04;Biossido di azoto (NO2);23;microgrammi / metro cubo;;E;
08/03/2015;22:00;13;001272;805;Torino - Rebaudengo;04;Biossido di azoto (NO2);23;microgrammi / metro cubo;;E;
08/03/2015;23:00;13;001272;805;Torino - Rebaudengo;04;Biossido di azoto (NO2);23;microgrammi / metro cubo;;E;
08/03/2015;23:59;13;001272;805;Torino - Rebaudengo;04;Biossido di azoto (NO2);23;microgrammi / metro cubo;;E;
09/03/2015;01:00;13;001272;805;Torino - Rebaudengo;04;Biossido di azoto (NO2);23;microgrammi / metro cubo;;E;
09/03/2015;02:00;13;001272;805;Torino - Rebaudengo;04;Biossido di azoto (NO2);23;microgrammi / metro cubo;;E;
09/03/2015;03:00;13;001272;805;Torino - Rebaudengo;04;Biossido di azoto (NO2);23;microgrammi / metro cubo;;E;
09/03/2015;04:00;13;001272;805;Torino - Rebaudengo;04;Biossido di azoto (NO2);23;microgrammi / metro cubo;;E;
09/03/2015;05:00;13;001272;805;Torino - Rebaudengo;04;Biossido di azoto (NO2);23;microgrammi / metro cubo;;E;
09/03/2015;06:00;13;001272;805;Torino - Rebaudengo;04;Biossido di azoto (NO2);23;microgrammi / metro cubo;;E;
09/03/2015;07:00;13;001272;805;Torino - Rebaudengo;04;Biossido di azoto (NO2);23;microgrammi / metro cubo;;E;
09/03/2015;08:00;13;001272;805;Torino - Rebaudengo;04;Biossido di azoto (NO2);23;microgrammi / metro cubo;;E;
09/03/2015;09:00;13;001272;805;Torino - Rebaudengo;04;Biossido di azoto (NO2);23;microgrammi / metro cubo;;E;
09/03/2015;10:00;13;001272;805;Torino - Rebaudengo;04;Biossido di azoto (NO2);23;microgrammi / metro cubo;;E;
09/03/2015;11:00;13;001272;805;Torino - Rebaudengo;04;Biossido di azoto (NO2);23;microgrammi / metro cubo;;E;
09/03/2015;12:00;13;001272;805;Torino - Rebaudengo;04;Biossido di azoto (NO2);23;microgrammi / metro cubo;;E;
09/03/2015;13:00;13;001272;805;Torino - Rebaudengo;04;Biossido di azoto (NO2);23;microgrammi / metro cubo;;E;
09/03/2015;14:00;13;001272;805;Torino - Rebaudengo;04;Biossido di azoto (NO2);23;microgrammi / metro cubo;64.0;V;
09/03/2015;15:00;13;001272;805;Torino - Rebaudengo;04;Biossido di azoto (NO2);23;microgrammi / metro cubo;77.0;V;
09/03/2015;16:00;13;001272;805;Torino - Rebaudengo;04;Biossido di azoto (NO2);23;microgrammi / metro cubo;78.0;V;
09/03/2015;17:00;13;001272;805;Torino - Rebaudengo;04;Biossido di azoto (NO2);23;microgrammi / metro cubo;69.0;V;
09/03/2015;18:00;13;001272;805;Torino - Rebaudengo;04;Biossido di azoto (NO2);23;microgrammi / metro cubo;93.0;V;
09/03/2015;19:00;13;001272;805;Torino - Rebaudengo;04;Biossido di azoto (NO2);23;microgrammi / metro cubo;108.0;V;
09/03/2015;20:00;13;001272;805;Torino - Rebaudengo;04;Biossido di azoto (NO2);23;microgrammi / metro cubo;115.0;V;
09/03/2015;21:00;13;001272;805;Torino - Rebaudengo;04;Biossido di azoto (NO2);23;microgrammi / metro cubo;109.0;V;
09/03/2015;22:00;13;001272;805;Torino - Rebaudengo;04;Biossido di azoto (NO2);23;microgrammi / metro cubo;95.0;V;
09/03/2015;23:00;13;001272;805;Torino - Rebaudengo;04;Biossido di azoto (NO2);23;microgrammi / metro cubo;94.0;V;
09/03/2015;23:59;13;001272;805;Torino - Rebaudengo;04;Biossido di azoto (NO2);23;microgrammi / metro cubo;93.0;V;
10/03/2015;01:00;13;001272;805;Torino - Rebaudengo;04;Biossido di azoto (NO2);23;microgrammi / metro cubo;88.0;V;
10/03/2015;02:00;13;001272;805;Torino - Rebaudengo;04;Biossido di azoto (NO2);23;microgrammi / metro cubo;77.0;V;
10/03/2015;03:00;13;001272;805;Torino - Rebaudengo;04;Biossido di azoto (NO2);23;microgrammi / metro cubo;66.0;V;
10/03/2015;04:00;13;001272;805;Torino - Rebaudengo;04;Biossido di azoto (NO2);23;microgrammi / metro cubo;61.0;V;
10/03/2015;05:00;13;001272;805;Torino - Rebaudengo;04;Biossido di azoto (NO2);23;microgrammi / metro cubo;65.0;V;
10/03/2015;06:00;13;001272;805;Torino - Rebaudengo;04;Biossido di azoto (NO2);23;microgrammi / metro cubo;66.0;V;
10/03/2015;07:00;13;001272;805;Torino - Rebaudengo;04;Biossido di azoto (NO2);23;microgrammi / metro cubo;69.0;V;
10/03/2015;08:00;13;001272;805;Torino - Rebaudengo;04;Biossido di azoto (NO2);23;microgrammi / metro cubo;98.0;V;
10/03/2015;09:00;13;001272;805;Torino - Rebaudengo;04;Biossido di azoto (NO2);23;microgrammi / metro cubo;110.0;V;
10/03/2015;10:00;13;001272;805;Torino - Rebaudengo;04;Biossido di azoto (NO2);23;microgrammi / metro cubo;104.0;V;
10/03/2015;11:00;13;001272;805;Torino - Rebaudengo;04;Biossido di azoto (NO2);23;microgrammi / metro cubo;99.0;V;
10/03/2015;12:00;13;001272;805;Torino - Rebaudengo;04;Biossido di azoto (NO2);23;microgrammi / metro cubo;86.0;V;
10/03/2015;13:00;13;001272;805;Torino - Rebaudengo;04;Biossido di azoto (NO2);23;microgrammi / metro cubo;78.0;V;
10/03/2015;14:00;13;001272;805;Torino - Rebaudengo;04;Biossido di azoto (NO2);23;microgrammi / metro cubo;86.0;V;
10/03/2015;15:00;13;001272;805;Torino - Rebaudengo;04;Biossido di azoto (NO2);23;microgrammi / metro cubo;60.0;V;
10/03/2015;16:00;13;001272;805;Torino - Rebaudengo;04;Biossido di azoto (NO2);23;microgrammi / metro cubo;86.0;V;
10/03/2015;17:00;13;001272;805;Torino - Rebaudengo;04;Biossido di azoto (NO2);23;microgrammi / metro cubo;93.0;V;
10/03/2015;18:00;13;001272;805;Torino - Rebaudengo;04;Biossido di azoto (NO2);23;microgrammi / metro cubo;130.0;V;
10/03/2015;19:00;13;001272;805;Torino - Rebaudengo;04;Biossido di azoto (NO2);23;microgrammi / metro cubo;154.0;V;
10/03/2015;20:00;13;001272;805;Torino - Rebaudengo;04;Biossido di azoto (NO2);23;microgrammi / metro cubo;155.0;V;
10/03/2015;21:00;13;001272;805;Torino - Rebaudengo;04;Biossido di azoto (NO2);23;microgrammi / metro cubo;159.0;V;
10/03/2015;22:00;13;001272;805;Torino - Rebaudengo;04;Biossido di azoto (NO2);23;microgrammi / metro cubo;124.0;V;
10/03/2015;23:00;13;001272;805;Torino - Rebaudengo;04;Biossido di azoto (NO2);23;microgrammi / metro cubo;;E;
10/03/2015;23:59;13;001272;805;Torino - Rebaudengo;04;Biossido di azoto (NO2);23;microgrammi / metro cubo;;E;
11/03/2015;01:00;13;001272;805;Torino - Rebaudengo;04;Biossido di azoto (NO2);23;microgrammi / metro cubo;;E;
11/03/2015;02:00;13;001272;805;Torino - Rebaudengo;04;Biossido di azoto (NO2);23;microgrammi / metro cubo;;E;
11/03/2015;03:00;13;001272;805;Torino - Rebaudengo;04;Biossido di azoto (NO2);23;microgrammi / metro cubo;;E;
11/03/2015;04:00;13;001272;805;Torino - Rebaudengo;04;Biossido di azoto (NO2);23;microgrammi / metro cubo;;E;
11/03/2015;05:00;13;001272;805;Torino - Rebaudengo;04;Biossido di azoto (NO2);23;microgrammi / metro cubo;;E;
11/03/2015;06:00;13;001272;805;Torino - Rebaudengo;04;Biossido di azoto (NO2);23;microgrammi / metro cubo;;E;
11/03/2015;07:00;13;001272;805;Torino - Rebaudengo;04;Biossido di azoto (NO2);23;microgrammi / metro cubo;;E;
11/03/2015;08:00;13;001272;805;Torino - Rebaudengo;04;Biossido di azoto (NO2);23;microgrammi / metro cubo;;E;
11/03/2015;09:00;13;001272;805;Torino - Rebaudengo;04;Biossido di azoto (NO2);23;microgrammi / metro cubo;;E;
11/03/2015;10:00;13;001272;805;Torino - Rebaudengo;04;Biossido di azoto (NO2);23;microgrammi / metro cubo;;E;
11/03/2015;11:00;13;001272;805;Torino - Rebaudengo;04;Biossido di azoto (NO2);23;microgrammi / metro cubo;;E;
11/03/2015;12:00;13;001272;805;Torino - Rebaudengo;04;Biossido di azoto (NO2);23;microgrammi / metro cubo;;E;
11/03/2015;13:00;13;001272;805;Torino - Rebaudengo;04;Biossido di azoto (NO2);23;microgrammi / metro cubo;;E;
11/03/2015;14:00;13;001272;805;Torino - Rebaudengo;04;Biossido di azoto (NO2);23;microgrammi / metro cubo;;E;
11/03/2015;15:00;13;001272;805;Torino - Rebaudengo;04;Biossido di azoto (NO2);23;microgrammi / metro cubo;;E;
11/03/2015;16:00;13;001272;805;Torino - Rebaudengo;04;Biossido di azoto (NO2);23;microgrammi / metro cubo;;E;
11/03/2015;17:00;13;001272;805;Torino - Rebaudengo;04;Biossido di azoto (NO2);23;microgrammi / metro cubo;;E;
11/03/2015;18:00;13;001272;805;Torino - Rebaudengo;04;Biossido di azoto (NO2);23;microgrammi / metro cubo;;E;
11/03/2015;19:00;13;001272;805;Torino - Rebaudengo;04;Biossido di azoto (NO2);23;microgrammi / metro cubo;;E;
11/03/2015;20:00;13;001272;805;Torino - Rebaudengo;04;Biossido di azoto (NO2);23;microgrammi / metro cubo;;E;
11/03/2015;21:00;13;001272;805;Torino - Rebaudengo;04;Biossido di azoto (NO2);23;microgrammi / metro cubo;;E;
11/03/2015;22:00;13;001272;805;Torino - Rebaudengo;04;Biossido di azoto (NO2);23;microgrammi / metro cubo;;E;
11/03/2015;23:00;13;001272;805;Torino - Rebaudengo;04;Biossido di azoto (NO2);23;microgrammi / metro cubo;;E;
11/03/2015;23:59;13;001272;805;Torino - Rebaudengo;04;Biossido di azoto (NO2);23;microgrammi / metro cubo;;E;
12/03/2015;01:00;13;001272;805;Torino - Rebaudengo;04;Biossido di azoto (NO2);23;microgrammi / metro cubo;;E;
12/03/2015;02:00;13;001272;805;Torino - Rebaudengo;04;Biossido di azoto (NO2);23;microgrammi / metro cubo;;E;
12/03/2015;03:00;13;001272;805;Torino - Rebaudengo;04;Biossido di azoto (NO2);23;microgrammi / metro cubo;;E;
12/03/2015;04:00;13;001272;805;Torino - Rebaudengo;04;Biossido di azoto (NO2);23;microgrammi / metro cubo;;E;
12/03/2015;05:00;13;001272;805;Torino - Rebaudengo;04;Biossido di azoto (NO2);23;microgrammi / metro cubo;;E;
12/03/2015;06:00;13;001272;805;Torino - Rebaudengo;04;Biossido di azoto (NO2);23;microgrammi / metro cubo;;E;
12/03/2015;07:00;13;001272;805;Torino - Rebaudengo;04;Biossido di azoto (NO2);23;microgrammi / metro cubo;;E;
12/03/2015;08:00;13;001272;805;Torino - Rebaudengo;04;Biossido di azoto (NO2);23;microgrammi / metro cubo;;E;
12/03/2015;09:00;13;001272;805;Torino - Rebaudengo;04;Biossido di azoto (NO2);23;microgrammi / metro cubo;;E;
12/03/2015;10:00;13;001272;805;Torino - Rebaudengo;04;Biossido di azoto (NO2);23;microgrammi / metro cubo;;E;
12/03/2015;11:00;13;001272;805;Torino - Rebaudengo;04;Biossido di azoto (NO2);23;microgrammi / metro cubo;;E;
12/03/2015;12:00;13;001272;805;Torino - Rebaudengo;04;Biossido di azoto (NO2);23;microgrammi / metro cubo;;E;
12/03/2015;13:00;13;001272;805;Torino - Rebaudengo;04;Biossido di azoto (NO2);23;microgrammi / metro cubo;;E;
12/03/2015;14:00;13;001272;805;Torino - Rebaudengo;04;Biossido di azoto (NO2);23;microgrammi / metro cubo;;E;
12/03/2015;15:00;13;001272;805;Torino - Rebaudengo;04;Biossido di azoto (NO2);23;microgrammi / metro cubo;;E;
12/03/2015;16:00;13;001272;805;Torino - Rebaudengo;04;Biossido di azoto (NO2);23;microgrammi / metro cubo;;E;
12/03/2015;17:00;13;001272;805;Torino - Rebaudengo;04;Biossido di azoto (NO2);23;microgrammi / metro cubo;;E;
12/03/2015;18:00;13;001272;805;Torino - Rebaudengo;04;Biossido di azoto (NO2);23;microgrammi / metro cubo;;E;
12/03/2015;19:00;13;001272;805;Torino - Rebaudengo;04;Biossido di azoto (NO2);23;microgrammi / metro cubo;;E;
12/03/2015;20:00;13;001272;805;Torino - Rebaudengo;04;Biossido di azoto (NO2);23;microgrammi / metro cubo;;E;
12/03/2015;21:00;13;001272;805;Torino - Rebaudengo;04;Biossido di azoto (NO2);23;microgrammi / metro cubo;;E;
12/03/2015;22:00;13;001272;805;Torino - Rebaudengo;04;Biossido di azoto (NO2);23;microgrammi / metro cubo;;E;
12/03/2015;23:00;13;001272;805;Torino - Rebaudengo;04;Biossido di azoto (NO2);23;microgrammi / metro cubo;;E;
12/03/2015;23:59;13;001272;805;Torino - Rebaudengo;04;Biossido di azoto (NO2);23;microgrammi / metro cubo;;E;
13/03/2015;01:00;13;001272;805;Torino - Rebaudengo;04;Biossido di azoto (NO2);23;microgrammi / metro cubo;;E;
13/03/2015;02:00;13;001272;805;Torino - Rebaudengo;04;Biossido di azoto (NO2);23;microgrammi / metro cubo;;E;
13/03/2015;03:00;13;001272;805;Torino - Rebaudengo;04;Biossido di azoto (NO2);23;microgrammi / metro cubo;;E;
13/03/2015;04:00;13;001272;805;Torino - Rebaudengo;04;Biossido di azoto (NO2);23;microgrammi / metro cubo;;E;
13/03/2015;05:00;13;001272;805;Torino - Rebaudengo;04;Biossido di azoto (NO2);23;microgrammi / metro cubo;;E;
13/03/2015;06:00;13;001272;805;Torino - Rebaudengo;04;Biossido di azoto (NO2);23;microgrammi / metro cubo;;E;
13/03/2015;07:00;13;001272;805;Torino - Rebaudengo;04;Biossido di azoto (NO2);23;microgrammi / metro cubo;;E;
13/03/2015;08:00;13;001272;805;Torino - Rebaudengo;04;Biossido di azoto (NO2);23;microgrammi / metro cubo;;E;
13/03/2015;09:00;13;001272;805;Torino - Rebaudengo;04;Biossido di azoto (NO2);23;microgrammi / metro cubo;;E;
13/03/2015;10:00;13;001272;805;Torino - Rebaudengo;04;Biossido di azoto (NO2);23;microgrammi / metro cubo;;E;
13/03/2015;11:00;13;001272;805;Torino - Rebaudengo;04;Biossido di azoto (NO2);23;microgrammi / metro cubo;;E;
13/03/2015;12:00;13;001272;805;Torino - Rebaudengo;04;Biossido di azoto (NO2);23;microgrammi / metro cubo;;E;
13/03/2015;13:00;13;001272;805;Torino - Rebaudengo;04;Biossido di azoto (NO2);23;microgrammi / metro cubo;;E;
13/03/2015;14:00;13;001272;805;Torino - Rebaudengo;04;Biossido di azoto (NO2);23;microgrammi / metro cubo;;E;
13/03/2015;15:00;13;001272;805;Torino - Rebaudengo;04;Biossido di azoto (NO2);23;microgrammi / metro cubo;;E;
13/03/2015;16:00;13;001272;805;Torino - Rebaudengo;04;Biossido di azoto (NO2);23;microgrammi / metro cubo;49.0;V;
13/03/2015;17:00;13;001272;805;Torino - Rebaudengo;04;Biossido di azoto (NO2);23;microgrammi / metro cubo;61.0;V;
13/03/2015;18:00;13;001272;805;Torino - Rebaudengo;04;Biossido di azoto (NO2);23;microgrammi / metro cubo;67.0;V;
13/03/2015;19:00;13;001272;805;Torino - Rebaudengo;04;Biossido di azoto (NO2);23;microgrammi / metro cubo;102.0;V;
13/03/2015;20:00;13;001272;805;Torino - Rebaudengo;04;Biossido di azoto (NO2);23;microgrammi / metro cubo;119.0;V;
13/03/2015;21:00;13;001272;805;Torino - Rebaudengo;04;Biossido di azoto (NO2);23;microgrammi / metro cubo;108.0;V;
13/03/2015;22:00;13;001272;805;Torino - Rebaudengo;04;Biossido di azoto (NO2);23;microgrammi / metro cubo;88.0;V;
13/03/2015;23:00;13;001272;805;Torino - Rebaudengo;04;Biossido di azoto (NO2);23;microgrammi / metro cubo;95.0;V;
13/03/2015;23:59;13;001272;805;Torino - Rebaudengo;04;Biossido di azoto (NO2);23;microgrammi / metro cubo;95.0;V;
14/03/2015;01:00;13;001272;805;Torino - Rebaudengo;04;Biossido di azoto (NO2);23;microgrammi / metro cubo;66.0;V;
14/03/2015;02:00;13;001272;805;Torino - Rebaudengo;04;Biossido di azoto (NO2);23;microgrammi / metro cubo;63.0;V;
14/03/2015;03:00;13;001272;805;Torino - Rebaudengo;04;Biossido di azoto (NO2);23;microgrammi / metro cubo;55.0;V;
14/03/2015;04:00;13;001272;805;Torino - Rebaudengo;04;Biossido di azoto (NO2);23;microgrammi / metro cubo;46.0;V;
14/03/2015;05:00;13;001272;805;Torino - Rebaudengo;04;Biossido di azoto (NO2);23;microgrammi / metro cubo;36.0;V;
14/03/2015;06:00;13;001272;805;Torino - Rebaudengo;04;Biossido di azoto (NO2);23;microgrammi / metro cubo;58.0;V;
14/03/2015;07:00;13;001272;805;Torino - Rebaudengo;04;Biossido di azoto (NO2);23;microgrammi / metro cubo;70.0;V;
14/03/2015;08:00;13;001272;805;Torino - Rebaudengo;04;Biossido di azoto (NO2);23;microgrammi / metro cubo;77.0;V;
14/03/2015;09:00;13;001272;805;Torino - Rebaudengo;04;Biossido di azoto (NO2);23;microgrammi / metro cubo;81.0;V;
14/03/2015;10:00;13;001272;805;Torino - Rebaudengo;04;Biossido di azoto (NO2);23;microgrammi / metro cubo;72.0;V;
14/03/2015;11:00;13;001272;805;Torino - Rebaudengo;04;Biossido di azoto (NO2);23;microgrammi / metro cubo;60.0;V;
14/03/2015;12:00;13;001272;805;Torino - Rebaudengo;04;Biossido di azoto (NO2);23;microgrammi / metro cubo;71.0;V;
14/03/2015;13:00;13;001272;805;Torino - Rebaudengo;04;Biossido di azoto (NO2);23;microgrammi / metro cubo;55.0;V;
14/03/2015;14:00;13;001272;805;Torino - Rebaudengo;04;Biossido di azoto (NO2);23;microgrammi / metro cubo;33.0;V;
14/03/2015;15:00;13;001272;805;Torino - Rebaudengo;04;Biossido di azoto (NO2);23;microgrammi / metro cubo;32.0;V;
14/03/2015;16:00;13;001272;805;Torino - Rebaudengo;04;Biossido di azoto (NO2);23;microgrammi / metro cubo;32.0;V;
14/03/2015;17:00;13;001272;805;Torino - Rebaudengo;04;Biossido di azoto (NO2);23;microgrammi / metro cubo;40.0;V;
14/03/2015;18:00;13;001272;805;Torino - Rebaudengo;04;Biossido di azoto (NO2);23;microgrammi / metro cubo;61.0;V;
14/03/2015;19:00;13;001272;805;Torino - Rebaudengo;04;Biossido di azoto (NO2);23;microgrammi / metro cubo;59.0;V;
14/03/2015;20:00;13;001272;805;Torino - Rebaudengo;04;Biossido di azoto (NO2);23;microgrammi / metro cubo;71.0;V;
14/03/2015;21:00;13;001272;805;Torino - Rebaudengo;04;Biossido di azoto (NO2);23;microgrammi / metro cubo;90.0;V;
14/03/2015;22:00;13;001272;805;Torino - Rebaudengo;04;Biossido di azoto (NO2);23;microgrammi / metro cubo;95.0;V;
14/03/2015;23:00;13;001272;805;Torino - Rebaudengo;04;Biossido di azoto (NO2);23;microgrammi / metro cubo;88.0;V;
14/03/2015;23:59;13;001272;805;Torino - Rebaudengo;04;Biossido di azoto (NO2);23;microgrammi / metro cubo;79.0;V;
15/03/2015;01:00;13;001272;805;Torino - Rebaudengo;04;Biossido di azoto (NO2);23;microgrammi / metro cubo;79.0;V;
15/03/2015;02:00;13;001272;805;Torino - Rebaudengo;04;Biossido di azoto (NO2);23;microgrammi / metro cubo;75.0;V;
15/03/2015;03:00;13;001272;805;Torino - Rebaudengo;04;Biossido di azoto (NO2);23;microgrammi / metro cubo;71.0;V;
15/03/2015;04:00;13;001272;805;Torino - Rebaudengo;04;Biossido di azoto (NO2);23;microgrammi / metro cubo;57.0;V;
15/03/2015;05:00;13;001272;805;Torino - Rebaudengo;04;Biossido di azoto (NO2);23;microgrammi / metro cubo;50.0;V;
15/03/2015;06:00;13;001272;805;Torino - Rebaudengo;04;Biossido di azoto (NO2);23;microgrammi / metro cubo;38.0;V;
15/03/2015;07:00;13;001272;805;Torino - Rebaudengo;04;Biossido di azoto (NO2);23;microgrammi / metro cubo;46.0;V;
15/03/2015;08:00;13;001272;805;Torino - Rebaudengo;04;Biossido di azoto (NO2);23;microgrammi / metro cubo;50.0;V;
15/03/2015;09:00;13;001272;805;Torino - Rebaudengo;04;Biossido di azoto (NO2);23;microgrammi / metro cubo;28.0;V;
15/03/2015;10:00;13;001272;805;Torino - Rebaudengo;04;Biossido di azoto (NO2);23;microgrammi / metro cubo;47.0;V;
15/03/2015;11:00;13;001272;805;Torino - Rebaudengo;04;Biossido di azoto (NO2);23;microgrammi / metro cubo;45.0;V;
15/03/2015;12:00;13;001272;805;Torino - Rebaudengo;04;Biossido di azoto (NO2);23;microgrammi / metro cubo;44.0;V;
15/03/2015;13:00;13;001272;805;Torino - Rebaudengo;04;Biossido di azoto (NO2);23;microgrammi / metro cubo;61.0;V;
15/03/2015;14:00;13;001272;805;Torino - Rebaudengo;04;Biossido di azoto (NO2);23;microgrammi / metro cubo;32.0;V;
15/03/2015;15:00;13;001272;805;Torino - Rebaudengo;04;Biossido di azoto (NO2);23;microgrammi / metro cubo;33.0;V;
15/03/2015;16:00;13;001272;805;Torino - Rebaudengo;04;Biossido di azoto (NO2);23;microgrammi / metro cubo;38.0;V;
15/03/2015;17:00;13;001272;805;Torino - Rebaudengo;04;Biossido di azoto (NO2);23;microgrammi / metro cubo;31.0;V;
15/03/2015;18:00;13;001272;805;Torino - Rebaudengo;04;Biossido di azoto (NO2);23;microgrammi / metro cubo;77.0;V;
15/03/2015;19:00;13;001272;805;Torino - Rebaudengo;04;Biossido di azoto (NO2);23;microgrammi / metro cubo;67.0;V;
15/03/2015;20:00;13;001272;805;Torino - Rebaudengo;04;Biossido di azoto (NO2);23;microgrammi / metro cubo;54.0;V;
15/03/2015;21:00;13;001272;805;Torino - Rebaudengo;04;Biossido di azoto (NO2);23;microgrammi / metro cubo;45.0;V;
15/03/2015;22:00;13;001272;805;Torino - Rebaudengo;04;Biossido di azoto (NO2);23;microgrammi / metro cubo;30.0;V;
15/03/2015;23:00;13;001272;805;Torino - Rebaudengo;04;Biossido di azoto (NO2);23;microgrammi / metro cubo;34.0;V;
15/03/2015;23:59;13;001272;805;Torino - Rebaudengo;04;Biossido di azoto (NO2);23;microgrammi / metro cubo;30.0;V;
16/03/2015;01:00;13;001272;805;Torino - Rebaudengo;04;Biossido di azoto (NO2);23;microgrammi / metro cubo;22.0;V;
16/03/2015;02:00;13;001272;805;Torino - Rebaudengo;04;Biossido di azoto (NO2);23;microgrammi / metro cubo;27.0;V;
16/03/2015;03:00;13;001272;805;Torino - Rebaudengo;04;Biossido di azoto (NO2);23;microgrammi / metro cubo;25.0;V;
16/03/2015;04:00;13;001272;805;Torino - Rebaudengo;04;Biossido di azoto (NO2);23;microgrammi / metro cubo;23.0;V;
16/03/2015;05:00;13;001272;805;Torino - Rebaudengo;04;Biossido di azoto (NO2);23;microgrammi / metro cubo;28.0;V;
16/03/2015;06:00;13;001272;805;Torino - Rebaudengo;04;Biossido di azoto (NO2);23;microgrammi / metro cubo;49.0;V;
16/03/2015;07:00;13;001272;805;Torino - Rebaudengo;04;Biossido di azoto (NO2);23;microgrammi / metro cubo;45.0;V;
16/03/2015;08:00;13;001272;805;Torino - Rebaudengo;04;Biossido di azoto (NO2);23;microgrammi / metro cubo;67.0;V;
16/03/2015;09:00;13;001272;805;Torino - Rebaudengo;04;Biossido di azoto (NO2);23;microgrammi / metro cubo;67.0;V;
16/03/2015;10:00;13;001272;805;Torino - Rebaudengo;04;Biossido di azoto (NO2);23;microgrammi / metro cubo;63.0;V;
16/03/2015;11:00;13;001272;805;Torino - Rebaudengo;04;Biossido di azoto (NO2);23;microgrammi / metro cubo;62.0;V;
16/03/2015;12:00;13;001272;805;Torino - Rebaudengo;04;Biossido di azoto (NO2);23;microgrammi / metro cubo;65.0;V;
16/03/2015;13:00;13;001272;805;Torino - Rebaudengo;04;Biossido di azoto (NO2);23;microgrammi / metro cubo;66.0;V;
16/03/2015;14:00;13;001272;805;Torino - Rebaudengo;04;Biossido di azoto (NO2);23;microgrammi / metro cubo;55.0;V;
16/03/2015;15:00;13;001272;805;Torino - Rebaudengo;04;Biossido di azoto (NO2);23;microgrammi / metro cubo;66.0;V;
16/03/2015;16:00;13;001272;805;Torino - Rebaudengo;04;Biossido di azoto (NO2);23;microgrammi / metro cubo;83.0;V;
16/03/2015;17:00;13;001272;805;Torino - Rebaudengo;04;Biossido di azoto (NO2);23;microgrammi / metro cubo;77.0;V;
16/03/2015;18:00;13;001272;805;Torino - Rebaudengo;04;Biossido di azoto (NO2);23;microgrammi / metro cubo;85.0;V;
16/03/2015;19:00;13;001272;805;Torino - Rebaudengo;04;Biossido di azoto (NO2);23;microgrammi / metro cubo;86.0;V;
16/03/2015;20:00;13;001272;805;Torino - Rebaudengo;04;Biossido di azoto (NO2);23;microgrammi / metro cubo;89.0;V;
16/03/2015;21:00;13;001272;805;Torino - Rebaudengo;04;Biossido di azoto (NO2);23;microgrammi / metro cubo;80.0;V;
16/03/2015;22:00;13;001272;805;Torino - Rebaudengo;04;Biossido di azoto (NO2);23;microgrammi / metro cubo;67.0;V;
16/03/2015;23:00;13;001272;805;Torino - Rebaudengo;04;Biossido di azoto (NO2);23;microgrammi / metro cubo;86.0;V;
16/03/2015;23:59;13;001272;805;Torino - Rebaudengo;04;Biossido di azoto (NO2);23;microgrammi / metro cubo;93.0;V;
17/03/2015;01:00;13;001272;805;Torino - Rebaudengo;04;Biossido di azoto (NO2);23;microgrammi / metro cubo;75.0;V;
17/03/2015;02:00;13;001272;805;Torino - Rebaudengo;04;Biossido di azoto (NO2);23;microgrammi / metro cubo;70.0;V;
17/03/2015;03:00;13;001272;805;Torino - Rebaudengo;04;Biossido di azoto (NO2);23;microgrammi / metro cubo;62.0;V;
17/03/2015;04:00;13;001272;805;Torino - Rebaudengo;04;Biossido di azoto (NO2);23;microgrammi / metro cubo;83.0;V;
17/03/2015;05:00;13;001272;805;Torino - Rebaudengo;04;Biossido di azoto (NO2);23;microgrammi / metro cubo;47.0;V;
17/03/2015;06:00;13;001272;805;Torino - Rebaudengo;04;Biossido di azoto (NO2);23;microgrammi / metro cubo;48.0;V;
17/03/2015;07:00;13;001272;805;Torino - Rebaudengo;04;Biossido di azoto (NO2);23;microgrammi / metro cubo;81.0;V;
17/03/2015;08:00;13;001272;805;Torino - Rebaudengo;04;Biossido di azoto (NO2);23;microgrammi / metro cubo;79.0;V;
17/03/2015;09:00;13;001272;805;Torino - Rebaudengo;04;Biossido di azoto (NO2);23;microgrammi / metro cubo;90.0;V;
17/03/2015;10:00;13;001272;805;Torino - Rebaudengo;04;Biossido di azoto (NO2);23;microgrammi / metro cubo;99.0;V;
17/03/2015;11:00;13;001272;805;Torino - Rebaudengo;04;Biossido di azoto (NO2);23;microgrammi / metro cubo;96.0;V;
17/03/2015;12:00;13;001272;805;Torino - Rebaudengo;04;Biossido di azoto (NO2);23;microgrammi / metro cubo;97.0;V;
17/03/2015;13:00;13;001272;805;Torino - Rebaudengo;04;Biossido di azoto (NO2);23;microgrammi / metro cubo;81.0;V;
17/03/2015;14:00;13;001272;805;Torino - Rebaudengo;04;Biossido di azoto (NO2);23;microgrammi / metro cubo;60.0;V;
17/03/2015;15:00;13;001272;805;Torino - Rebaudengo;04;Biossido di azoto (NO2);23;microgrammi / metro cubo;70.0;V;
17/03/2015;16:00;13;001272;805;Torino - Rebaudengo;04;Biossido di azoto (NO2);23;microgrammi / metro cubo;69.0;V;
17/03/2015;17:00;13;001272;805;Torino - Rebaudengo;04;Biossido di azoto (NO2);23;microgrammi / metro cubo;82.0;V;
17/03/2015;18:00;13;001272;805;Torino - Rebaudengo;04;Biossido di azoto (NO2);23;microgrammi / metro cubo;97.0;V;
17/03/2015;19:00;13;001272;805;Torino - Rebaudengo;04;Biossido di azoto (NO2);23;microgrammi / metro cubo;114.0;V;
17/03/2015;20:00;13;001272;805;Torino - Rebaudengo;04;Biossido di azoto (NO2);23;microgrammi / metro cubo;121.0;V;
17/03/2015;21:00;13;001272;805;Torino - Rebaudengo;04;Biossido di azoto (NO2);23;microgrammi / metro cubo;119.0;V;
17/03/2015;22:00;13;001272;805;Torino - Rebaudengo;04;Biossido di azoto (NO2);23;microgrammi / metro cubo;118.0;V;
17/03/2015;23:00;13;001272;805;Torino - Rebaudengo;04;Biossido di azoto (NO2);23;microgrammi / metro cubo;126.0;V;
17/03/2015;23:59;13;001272;805;Torino - Rebaudengo;04;Biossido di azoto (NO2);23;microgrammi / metro cubo;102.0;V;
18/03/2015;01:00;13;001272;805;Torino - Rebaudengo;04;Biossido di azoto (NO2);23;microgrammi / metro cubo;92.0;V;
18/03/2015;02:00;13;001272;805;Torino - Rebaudengo;04;Biossido di azoto (NO2);23;microgrammi / metro cubo;89.0;V;
18/03/2015;03:00;13;001272;805;Torino - Rebaudengo;04;Biossido di azoto (NO2);23;microgrammi / metro cubo;83.0;V;
18/03/2015;04:00;13;001272;805;Torino - Rebaudengo;04;Biossido di azoto (NO2);23;microgrammi / metro cubo;87.0;V;
18/03/2015;05:00;13;001272;805;Torino - Rebaudengo;04;Biossido di azoto (NO2);23;microgrammi / metro cubo;81.0;V;
18/03/2015;06:00;13;001272;805;Torino - Rebaudengo;04;Biossido di azoto (NO2);23;microgrammi / metro cubo;101.0;V;
18/03/2015;07:00;13;001272;805;Torino - Rebaudengo;04;Biossido di azoto (NO2);23;microgrammi / metro cubo;86.0;V;
18/03/2015;08:00;13;001272;805;Torino - Rebaudengo;04;Biossido di azoto (NO2);23;microgrammi / metro cubo;82.0;V;
18/03/2015;09:00;13;001272;805;Torino - Rebaudengo;04;Biossido di azoto (NO2);23;microgrammi / metro cubo;122.0;V;
18/03/2015;10:00;13;001272;805;Torino - Rebaudengo;04;Biossido di azoto (NO2);23;microgrammi / metro cubo;123.0;V;
18/03/2015;11:00;13;001272;805;Torino - Rebaudengo;04;Biossido di azoto (NO2);23;microgrammi / metro cubo;95.0;V;
18/03/2015;12:00;13;001272;805;Torino - Rebaudengo;04;Biossido di azoto (NO2);23;microgrammi / metro cubo;78.0;V;
18/03/2015;13:00;13;001272;805;Torino - Rebaudengo;04;Biossido di azoto (NO2);23;microgrammi / metro cubo;72.0;V;
18/03/2015;14:00;13;001272;805;Torino - Rebaudengo;04;Biossido di azoto (NO2);23;microgrammi / metro cubo;69.0;V;
18/03/2015;15:00;13;001272;805;Torino - Rebaudengo;04;Biossido di azoto (NO2);23;microgrammi / metro cubo;66.0;V;
18/03/2015;16:00;13;001272;805;Torino - Rebaudengo;04;Biossido di azoto (NO2);23;microgrammi / metro cubo;63.0;V;
18/03/2015;17:00;13;001272;805;Torino - Rebaudengo;04;Biossido di azoto (NO2);23;microgrammi / metro cubo;48.0;V;
18/03/2015;18:00;13;001272;805;Torino - Rebaudengo;04;Biossido di azoto (NO2);23;microgrammi / metro cubo;70.0;V;
18/03/2015;19:00;13;001272;805;Torino - Rebaudengo;04;Biossido di azoto (NO2);23;microgrammi / metro cubo;83.0;V;
18/03/2015;20:00;13;001272;805;Torino - Rebaudengo;04;Biossido di azoto (NO2);23;microgrammi / metro cubo;118.0;V;
18/03/2015;21:00;13;001272;805;Torino - Rebaudengo;04;Biossido di azoto (NO2);23;microgrammi / metro cubo;111.0;V;
18/03/2015;22:00;13;001272;805;Torino - Rebaudengo;04;Biossido di azoto (NO2);23;microgrammi / metro cubo;102.0;V;
18/03/2015;23:00;13;001272;805;Torino - Rebaudengo;04;Biossido di azoto (NO2);23;microgrammi / metro cubo;91.0;V;
18/03/2015;23:59;13;001272;805;Torino - Rebaudengo;04;Biossido di azoto (NO2);23;microgrammi / metro cubo;77.0;V;
19/03/2015;01:00;13;001272;805;Torino - Rebaudengo;04;Biossido di azoto (NO2);23;microgrammi / metro cubo;78.0;V;
19/03/2015;02:00;13;001272;805;Torino - Rebaudengo;04;Biossido di azoto (NO2);23;microgrammi / metro cubo;66.0;V;
19/03/2015;03:00;13;001272;805;Torino - Rebaudengo;04;Biossido di azoto (NO2);23;microgrammi / metro cubo;68.0;V;
19/03/2015;04:00;13;001272;805;Torino - Rebaudengo;04;Biossido di azoto (NO2);23;microgrammi / metro cubo;69.0;V;
19/03/2015;05:00;13;001272;805;Torino - Rebaudengo;04;Biossido di azoto (NO2);23;microgrammi / metro cubo;61.0;V;
19/03/2015;06:00;13;001272;805;Torino - Rebaudengo;04;Biossido di azoto (NO2);23;microgrammi / metro cubo;67.0;V;
19/03/2015;07:00;13;001272;805;Torino - Rebaudengo;04;Biossido di azoto (NO2);23;microgrammi / metro cubo;73.0;V;
19/03/2015;08:00;13;001272;805;Torino - Rebaudengo;04;Biossido di azoto (NO2);23;microgrammi / metro cubo;77.0;V;
19/03/2015;09:00;13;001272;805;Torino - Rebaudengo;04;Biossido di azoto (NO2);23;microgrammi / metro cubo;81.0;V;
19/03/2015;10:00;13;001272;805;Torino - Rebaudengo;04;Biossido di azoto (NO2);23;microgrammi / metro cubo;103.0;V;
19/03/2015;11:00;13;001272;805;Torino - Rebaudengo;04;Biossido di azoto (NO2);23;microgrammi / metro cubo;81.0;V;
19/03/2015;12:00;13;001272;805;Torino - Rebaudengo;04;Biossido di azoto (NO2);23;microgrammi / metro cubo;74.0;V;
19/03/2015;13:00;13;001272;805;Torino - Rebaudengo;04;Biossido di azoto (NO2);23;microgrammi / metro cubo;74.0;V;
19/03/2015;14:00;13;001272;805;Torino - Rebaudengo;04;Biossido di azoto (NO2);23;microgrammi / metro cubo;67.0;V;
19/03/2015;15:00;13;001272;805;Torino - Rebaudengo;04;Biossido di azoto (NO2);23;microgrammi / metro cubo;60.0;V;
19/03/2015;16:00;13;001272;805;Torino - Rebaudengo;04;Biossido di azoto (NO2);23;microgrammi / metro cubo;52.0;V;
19/03/2015;17:00;13;001272;805;Torino - Rebaudengo;04;Biossido di azoto (NO2);23;microgrammi / metro cubo;64.0;V;
19/03/2015;18:00;13;001272;805;Torino - Rebaudengo;04;Biossido di azoto (NO2);23;microgrammi / metro cubo;68.0;V;
19/03/2015;19:00;13;001272;805;Torino - Rebaudengo;04;Biossido di azoto (NO2);23;microgrammi / metro cubo;69.0;V;
19/03/2015;20:00;13;001272;805;Torino - Rebaudengo;04;Biossido di azoto (NO2);23;microgrammi / metro cubo;96.0;V;
19/03/2015;21:00;13;001272;805;Torino - Rebaudengo;04;Biossido di azoto (NO2);23;microgrammi / metro cubo;105.0;V;
19/03/2015;22:00;13;001272;805;Torino - Rebaudengo;04;Biossido di azoto (NO2);23;microgrammi / metro cubo;93.0;V;
19/03/2015;23:00;13;001272;805;Torino - Rebaudengo;04;Biossido di azoto (NO2);23;microgrammi / metro cubo;84.0;V;
19/03/2015;23:59;13;001272;805;Torino - Rebaudengo;04;Biossido di azoto (NO2);23;microgrammi / metro cubo;102.0;V;
20/03/2015;01:00;13;001272;805;Torino - Rebaudengo;04;Biossido di azoto (NO2);23;microgrammi / metro cubo;93.0;V;
20/03/2015;02:00;13;001272;805;Torino - Rebaudengo;04;Biossido di azoto (NO2);23;microgrammi / metro cubo;91.0;V;
20/03/2015;03:00;13;001272;805;Torino - Rebaudengo;04;Biossido di azoto (NO2);23;microgrammi / metro cubo;85.0;V;
20/03/2015;04:00;13;001272;805;Torino - Rebaudengo;04;Biossido di azoto (NO2);23;microgrammi / metro cubo;76.0;V;
20/03/2015;05:00;13;001272;805;Torino - Rebaudengo;04;Biossido di azoto (NO2);23;microgrammi / metro cubo;59.0;V;
20/03/2015;06:00;13;001272;805;Torino - Rebaudengo;04;Biossido di azoto (NO2);23;microgrammi / metro cubo;59.0;V;
20/03/2015;07:00;13;001272;805;Torino - Rebaudengo;04;Biossido di azoto (NO2);23;microgrammi / metro cubo;81.0;V;
20/03/2015;08:00;13;001272;805;Torino - Rebaudengo;04;Biossido di azoto (NO2);23;microgrammi / metro cubo;84.0;V;
20/03/2015;09:00;13;001272;805;Torino - Rebaudengo;04;Biossido di azoto (NO2);23;microgrammi / metro cubo;102.0;V;
20/03/2015;10:00;13;001272;805;Torino - Rebaudengo;04;Biossido di azoto (NO2);23;microgrammi / metro cubo;95.0;V;
20/03/2015;11:00;13;001272;805;Torino - Rebaudengo;04;Biossido di azoto (NO2);23;microgrammi / metro cubo;83.0;V;
20/03/2015;12:00;13;001272;805;Torino - Rebaudengo;04;Biossido di azoto (NO2);23;microgrammi / metro cubo;75.0;V;
20/03/2015;13:00;13;001272;805;Torino - Rebaudengo;04;Biossido di azoto (NO2);23;microgrammi / metro cubo;87.0;V;
20/03/2015;14:00;13;001272;805;Torino - Rebaudengo;04;Biossido di azoto (NO2);23;microgrammi / metro cubo;93.0;V;
20/03/2015;15:00;13;001272;805;Torino - Rebaudengo;04;Biossido di azoto (NO2);23;microgrammi / metro cubo;95.0;V;
20/03/2015;16:00;13;001272;805;Torino - Rebaudengo;04;Biossido di azoto (NO2);23;microgrammi / metro cubo;74.0;V;
20/03/2015;17:00;13;001272;805;Torino - Rebaudengo;04;Biossido di azoto (NO2);23;microgrammi / metro cubo;76.0;V;
20/03/2015;18:00;13;001272;805;Torino - Rebaudengo;04;Biossido di azoto (NO2);23;microgrammi / metro cubo;80.0;V;
20/03/2015;19:00;13;001272;805;Torino - Rebaudengo;04;Biossido di azoto (NO2);23;microgrammi / metro cubo;93.0;V;
20/03/2015;20:00;13;001272;805;Torino - Rebaudengo;04;Biossido di azoto (NO2);23;microgrammi / metro cubo;110.0;V;
20/03/2015;21:00;13;001272;805;Torino - Rebaudengo;04;Biossido di azoto (NO2);23;microgrammi / metro cubo;119.0;V;
20/03/2015;22:00;13;001272;805;Torino - Rebaudengo;04;Biossido di azoto (NO2);23;microgrammi / metro cubo;123.0;V;
20/03/2015;23:00;13;001272;805;Torino - Rebaudengo;04;Biossido di azoto (NO2);23;microgrammi / metro cubo;115.0;V;
20/03/2015;23:59;13;001272;805;Torino - Rebaudengo;04;Biossido di azoto (NO2);23;microgrammi / metro cubo;112.0;V;
21/03/2015;01:00;13;001272;805;Torino - Rebaudengo;04;Biossido di azoto (NO2);23;microgrammi / metro cubo;112.0;V;
21/03/2015;02:00;13;001272;805;Torino - Rebaudengo;04;Biossido di azoto (NO2);23;microgrammi / metro cubo;85.0;V;
21/03/2015;03:00;13;001272;805;Torino - Rebaudengo;04;Biossido di azoto (NO2);23;microgrammi / metro cubo;79.0;V;
21/03/2015;04:00;13;001272;805;Torino - Rebaudengo;04;Biossido di azoto (NO2);23;microgrammi / metro cubo;87.0;V;
21/03/2015;05:00;13;001272;805;Torino - Rebaudengo;04;Biossido di azoto (NO2);23;microgrammi / metro cubo;82.0;V;
21/03/2015;06:00;13;001272;805;Torino - Rebaudengo;04;Biossido di azoto (NO2);23;microgrammi / metro cubo;73.0;V;
21/03/2015;07:00;13;001272;805;Torino - Rebaudengo;04;Biossido di azoto (NO2);23;microgrammi / metro cubo;77.0;V;
21/03/2015;08:00;13;001272;805;Torino - Rebaudengo;04;Biossido di azoto (NO2);23;microgrammi / metro cubo;78.0;V;
21/03/2015;09:00;13;001272;805;Torino - Rebaudengo;04;Biossido di azoto (NO2);23;microgrammi / metro cubo;81.0;V;
21/03/2015;10:00;13;001272;805;Torino - Rebaudengo;04;Biossido di azoto (NO2);23;microgrammi / metro cubo;72.0;V;
21/03/2015;11:00;13;001272;805;Torino - Rebaudengo;04;Biossido di azoto (NO2);23;microgrammi / metro cubo;69.0;V;
21/03/2015;12:00;13;001272;805;Torino - Rebaudengo;04;Biossido di azoto (NO2);23;microgrammi / metro cubo;56.0;V;
21/03/2015;13:00;13;001272;805;Torino - Rebaudengo;04;Biossido di azoto (NO2);23;microgrammi / metro cubo;63.0;V;
21/03/2015;14:00;13;001272;805;Torino - Rebaudengo;04;Biossido di azoto (NO2);23;microgrammi / metro cubo;54.0;V;
21/03/2015;15:00;13;001272;805;Torino - Rebaudengo;04;Biossido di azoto (NO2);23;microgrammi / metro cubo;56.0;V;
21/03/2015;16:00;13;001272;805;Torino - Rebaudengo;04;Biossido di azoto (NO2);23;microgrammi / metro cubo;59.0;V;
21/03/2015;17:00;13;001272;805;Torino - Rebaudengo;04;Biossido di azoto (NO2);23;microgrammi / metro cubo;56.0;V;
21/03/2015;18:00;13;001272;805;Torino - Rebaudengo;04;Biossido di azoto (NO2);23;microgrammi / metro cubo;64.0;V;
21/03/2015;19:00;13;001272;805;Torino - Rebaudengo;04;Biossido di azoto (NO2);23;microgrammi / metro cubo;80.0;V;
21/03/2015;20:00;13;001272;805;Torino - Rebaudengo;04;Biossido di azoto (NO2);23;microgrammi / metro cubo;69.0;V;
21/03/2015;21:00;13;001272;805;Torino - Rebaudengo;04;Biossido di azoto (NO2);23;microgrammi / metro cubo;57.0;V;
21/03/2015;22:00;13;001272;805;Torino - Rebaudengo;04;Biossido di azoto (NO2);23;microgrammi / metro cubo;59.0;V;
21/03/2015;23:00;13;001272;805;Torino - Rebaudengo;04;Biossido di azoto (NO2);23;microgrammi / metro cubo;56.0;V;
21/03/2015;23:59;13;001272;805;Torino - Rebaudengo;04;Biossido di azoto (NO2);23;microgrammi / metro cubo;63.0;V;
22/03/2015;01:00;13;001272;805;Torino - Rebaudengo;04;Biossido di azoto (NO2);23;microgrammi / metro cubo;53.0;V;
22/03/2015;02:00;13;001272;805;Torino - Rebaudengo;04;Biossido di azoto (NO2);23;microgrammi / metro cubo;51.0;V;
22/03/2015;03:00;13;001272;805;Torino - Rebaudengo;04;Biossido di azoto (NO2);23;microgrammi / metro cubo;38.0;V;
22/03/2015;04:00;13;001272;805;Torino - Rebaudengo;04;Biossido di azoto (NO2);23;microgrammi / metro cubo;36.0;V;
22/03/2015;05:00;13;001272;805;Torino - Rebaudengo;04;Biossido di azoto (NO2);23;microgrammi / metro cubo;36.0;V;
22/03/2015;06:00;13;001272;805;Torino - Rebaudengo;04;Biossido di azoto (NO2);23;microgrammi / metro cubo;34.0;V;
22/03/2015;07:00;13;001272;805;Torino - Rebaudengo;04;Biossido di azoto (NO2);23;microgrammi / metro cubo;46.0;V;
22/03/2015;08:00;13;001272;805;Torino - Rebaudengo;04;Biossido di azoto (NO2);23;microgrammi / metro cubo;35.0;V;
22/03/2015;09:00;13;001272;805;Torino - Rebaudengo;04;Biossido di azoto (NO2);23;microgrammi / metro cubo;36.0;V;
22/03/2015;10:00;13;001272;805;Torino - Rebaudengo;04;Biossido di azoto (NO2);23;microgrammi / metro cubo;30.0;V;
22/03/2015;11:00;13;001272;805;Torino - Rebaudengo;04;Biossido di azoto (NO2);23;microgrammi / metro cubo;39.0;V;
22/03/2015;12:00;13;001272;805;Torino - Rebaudengo;04;Biossido di azoto (NO2);23;microgrammi / metro cubo;45.0;V;
22/03/2015;13:00;13;001272;805;Torino - Rebaudengo;04;Biossido di azoto (NO2);23;microgrammi / metro cubo;42.0;V;
22/03/2015;14:00;13;001272;805;Torino - Rebaudengo;04;Biossido di azoto (NO2);23;microgrammi / metro cubo;33.0;V;
22/03/2015;15:00;13;001272;805;Torino - Rebaudengo;04;Biossido di azoto (NO2);23;microgrammi / metro cubo;38.0;V;
22/03/2015;16:00;13;001272;805;Torino - Rebaudengo;04;Biossido di azoto (NO2);23;microgrammi / metro cubo;38.0;V;
22/03/2015;17:00;13;001272;805;Torino - Rebaudengo;04;Biossido di azoto (NO2);23;microgrammi / metro cubo;45.0;V;
22/03/2015;18:00;13;001272;805;Torino - Rebaudengo;04;Biossido di azoto (NO2);23;microgrammi / metro cubo;64.0;V;
22/03/2015;19:00;13;001272;805;Torino - Rebaudengo;04;Biossido di azoto (NO2);23;microgrammi / metro cubo;107.0;V;
22/03/2015;20:00;13;001272;805;Torino - Rebaudengo;04;Biossido di azoto (NO2);23;microgrammi / metro cubo;109.0;V;
22/03/2015;21:00;13;001272;805;Torino - Rebaudengo;04;Biossido di azoto (NO2);23;microgrammi / metro cubo;105.0;V;
22/03/2015;22:00;13;001272;805;Torino - Rebaudengo;04;Biossido di azoto (NO2);23;microgrammi / metro cubo;88.0;V;
22/03/2015;23:00;13;001272;805;Torino - Rebaudengo;04;Biossido di azoto (NO2);23;microgrammi / metro cubo;96.0;V;
22/03/2015;23:59;13;001272;805;Torino - Rebaudengo;04;Biossido di azoto (NO2);23;microgrammi / metro cubo;93.0;V;
23/03/2015;01:00;13;001272;805;Torino - Rebaudengo;04;Biossido di azoto (NO2);23;microgrammi / metro cubo;69.0;V;
23/03/2015;02:00;13;001272;805;Torino - Rebaudengo;04;Biossido di azoto (NO2);23;microgrammi / metro cubo;63.0;V;
23/03/2015;03:00;13;001272;805;Torino - Rebaudengo;04;Biossido di azoto (NO2);23;microgrammi / metro cubo;75.0;V;
23/03/2015;04:00;13;001272;805;Torino - Rebaudengo;04;Biossido di azoto (NO2);23;microgrammi / metro cubo;74.0;V;
23/03/2015;05:00;13;001272;805;Torino - Rebaudengo;04;Biossido di azoto (NO2);23;microgrammi / metro cubo;68.0;V;
23/03/2015;06:00;13;001272;805;Torino - Rebaudengo;04;Biossido di azoto (NO2);23;microgrammi / metro cubo;66.0;V;
23/03/2015;07:00;13;001272;805;Torino - Rebaudengo;04;Biossido di azoto (NO2);23;microgrammi / metro cubo;91.0;V;
23/03/2015;08:00;13;001272;805;Torino - Rebaudengo;04;Biossido di azoto (NO2);23;microgrammi / metro cubo;93.0;V;
23/03/2015;09:00;13;001272;805;Torino - Rebaudengo;04;Biossido di azoto (NO2);23;microgrammi / metro cubo;100.0;V;
23/03/2015;10:00;13;001272;805;Torino - Rebaudengo;04;Biossido di azoto (NO2);23;microgrammi / metro cubo;101.0;V;
23/03/2015;11:00;13;001272;805;Torino - Rebaudengo;04;Biossido di azoto (NO2);23;microgrammi / metro cubo;73.0;V;
23/03/2015;12:00;13;001272;805;Torino - Rebaudengo;04;Biossido di azoto (NO2);23;microgrammi / metro cubo;67.0;V;
23/03/2015;13:00;13;001272;805;Torino - Rebaudengo;04;Biossido di azoto (NO2);23;microgrammi / metro cubo;53.0;V;
23/03/2015;14:00;13;001272;805;Torino - Rebaudengo;04;Biossido di azoto (NO2);23;microgrammi / metro cubo;45.0;V;
23/03/2015;15:00;13;001272;805;Torino - Rebaudengo;04;Biossido di azoto (NO2);23;microgrammi / metro cubo;51.0;V;
23/03/2015;16:00;13;001272;805;Torino - Rebaudengo;04;Biossido di azoto (NO2);23;microgrammi / metro cubo;59.0;V;
23/03/2015;17:00;13;001272;805;Torino - Rebaudengo;04;Biossido di azoto (NO2);23;microgrammi / metro cubo;65.0;V;
23/03/2015;18:00;13;001272;805;Torino - Rebaudengo;04;Biossido di azoto (NO2);23;microgrammi / metro cubo;103.0;V;
23/03/2015;19:00;13;001272;805;Torino - Rebaudengo;04;Biossido di azoto (NO2);23;microgrammi / metro cubo;113.0;V;
23/03/2015;20:00;13;001272;805;Torino - Rebaudengo;04;Biossido di azoto (NO2);23;microgrammi / metro cubo;123.0;V;
23/03/2015;21:00;13;001272;805;Torino - Rebaudengo;04;Biossido di azoto (NO2);23;microgrammi / metro cubo;124.0;V;
23/03/2015;22:00;13;001272;805;Torino - Rebaudengo;04;Biossido di azoto (NO2);23;microgrammi / metro cubo;108.0;V;
23/03/2015;23:00;13;001272;805;Torino - Rebaudengo;04;Biossido di azoto (NO2);23;microgrammi / metro cubo;111.0;V;
23/03/2015;23:59;13;001272;805;Torino - Rebaudengo;04;Biossido di azoto (NO2);23;microgrammi / metro cubo;91.0;V;
24/03/2015;01:00;13;001272;805;Torino - Rebaudengo;04;Biossido di azoto (NO2);23;microgrammi / metro cubo;65.0;V;
24/03/2015;02:00;13;001272;805;Torino - Rebaudengo;04;Biossido di azoto (NO2);23;microgrammi / metro cubo;49.0;V;
24/03/2015;03:00;13;001272;805;Torino - Rebaudengo;04;Biossido di azoto (NO2);23;microgrammi / metro cubo;56.0;V;
24/03/2015;04:00;13;001272;805;Torino - Rebaudengo;04;Biossido di azoto (NO2);23;microgrammi / metro cubo;46.0;V;
24/03/2015;05:00;13;001272;805;Torino - Rebaudengo;04;Biossido di azoto (NO2);23;microgrammi / metro cubo;54.0;V;
24/03/2015;06:00;13;001272;805;Torino - Rebaudengo;04;Biossido di azoto (NO2);23;microgrammi / metro cubo;66.0;V;
24/03/2015;07:00;13;001272;805;Torino - Rebaudengo;04;Biossido di azoto (NO2);23;microgrammi / metro cubo;92.0;V;
24/03/2015;08:00;13;001272;805;Torino - Rebaudengo;04;Biossido di azoto (NO2);23;microgrammi / metro cubo;98.0;V;
24/03/2015;09:00;13;001272;805;Torino - Rebaudengo;04;Biossido di azoto (NO2);23;microgrammi / metro cubo;93.0;V;
24/03/2015;10:00;13;001272;805;Torino - Rebaudengo;04;Biossido di azoto (NO2);23;microgrammi / metro cubo;94.0;V;
24/03/2015;11:00;13;001272;805;Torino - Rebaudengo;04;Biossido di azoto (NO2);23;microgrammi / metro cubo;93.0;V;
24/03/2015;12:00;13;001272;805;Torino - Rebaudengo;04;Biossido di azoto (NO2);23;microgrammi / metro cubo;73.0;V;
24/03/2015;13:00;13;001272;805;Torino - Rebaudengo;04;Biossido di azoto (NO2);23;microgrammi / metro cubo;72.0;V;
24/03/2015;14:00;13;001272;805;Torino - Rebaudengo;04;Biossido di azoto (NO2);23;microgrammi / metro cubo;75.0;V;
24/03/2015;15:00;13;001272;805;Torino - Rebaudengo;04;Biossido di azoto (NO2);23;microgrammi / metro cubo;66.0;V;
24/03/2015;16:00;13;001272;805;Torino - Rebaudengo;04;Biossido di azoto (NO2);23;microgrammi / metro cubo;62.0;V;
24/03/2015;17:00;13;001272;805;Torino - Rebaudengo;04;Biossido di azoto (NO2);23;microgrammi / metro cubo;82.0;V;
24/03/2015;18:00;13;001272;805;Torino - Rebaudengo;04;Biossido di azoto (NO2);23;microgrammi / metro cubo;91.0;V;
24/03/2015;19:00;13;001272;805;Torino - Rebaudengo;04;Biossido di azoto (NO2);23;microgrammi / metro cubo;95.0;V;
24/03/2015;20:00;13;001272;805;Torino - Rebaudengo;04;Biossido di azoto (NO2);23;microgrammi / metro cubo;104.0;V;
24/03/2015;21:00;13;001272;805;Torino - Rebaudengo;04;Biossido di azoto (NO2);23;microgrammi / metro cubo;73.0;V;
24/03/2015;22:00;13;001272;805;Torino - Rebaudengo;04;Biossido di azoto (NO2);23;microgrammi / metro cubo;57.0;V;
24/03/2015;23:00;13;001272;805;Torino - Rebaudengo;04;Biossido di azoto (NO2);23;microgrammi / metro cubo;93.0;V;
24/03/2015;23:59;13;001272;805;Torino - Rebaudengo;04;Biossido di azoto (NO2);23;microgrammi / metro cubo;70.0;V;
25/03/2015;01:00;13;001272;805;Torino - Rebaudengo;04;Biossido di azoto (NO2);23;microgrammi / metro cubo;40.0;V;
25/03/2015;02:00;13;001272;805;Torino - Rebaudengo;04;Biossido di azoto (NO2);23;microgrammi / metro cubo;42.0;V;
25/03/2015;03:00;13;001272;805;Torino - Rebaudengo;04;Biossido di azoto (NO2);23;microgrammi / metro cubo;36.0;V;
25/03/2015;04:00;13;001272;805;Torino - Rebaudengo;04;Biossido di azoto (NO2);23;microgrammi / metro cubo;29.0;V;
25/03/2015;05:00;13;001272;805;Torino - Rebaudengo;04;Biossido di azoto (NO2);23;microgrammi / metro cubo;28.0;V;
25/03/2015;06:00;13;001272;805;Torino - Rebaudengo;04;Biossido di azoto (NO2);23;microgrammi / metro cubo;32.0;V;
25/03/2015;07:00;13;001272;805;Torino - Rebaudengo;04;Biossido di azoto (NO2);23;microgrammi / metro cubo;41.0;V;
25/03/2015;08:00;13;001272;805;Torino - Rebaudengo;04;Biossido di azoto (NO2);23;microgrammi / metro cubo;78.0;V;
25/03/2015;09:00;13;001272;805;Torino - Rebaudengo;04;Biossido di azoto (NO2);23;microgrammi / metro cubo;97.0;V;
25/03/2015;10:00;13;001272;805;Torino - Rebaudengo;04;Biossido di azoto (NO2);23;microgrammi / metro cubo;90.0;V;
25/03/2015;11:00;13;001272;805;Torino - Rebaudengo;04;Biossido di azoto (NO2);23;microgrammi / metro cubo;92.0;V;
25/03/2015;12:00;13;001272;805;Torino - Rebaudengo;04;Biossido di azoto (NO2);23;microgrammi / metro cubo;69.0;V;
25/03/2015;13:00;13;001272;805;Torino - Rebaudengo;04;Biossido di azoto (NO2);23;microgrammi / metro cubo;57.0;V;
25/03/2015;14:00;13;001272;805;Torino - Rebaudengo;04;Biossido di azoto (NO2);23;microgrammi / metro cubo;43.0;V;
25/03/2015;15:00;13;001272;805;Torino - Rebaudengo;04;Biossido di azoto (NO2);23;microgrammi / metro cubo;107.0;V;
25/03/2015;16:00;13;001272;805;Torino - Rebaudengo;04;Biossido di azoto (NO2);23;microgrammi / metro cubo;103.0;V;
25/03/2015;17:00;13;001272;805;Torino - Rebaudengo;04;Biossido di azoto (NO2);23;microgrammi / metro cubo;102.0;V;
25/03/2015;18:00;13;001272;805;Torino - Rebaudengo;04;Biossido di azoto (NO2);23;microgrammi / metro cubo;98.0;V;
25/03/2015;19:00;13;001272;805;Torino - Rebaudengo;04;Biossido di azoto (NO2);23;microgrammi / metro cubo;110.0;V;
25/03/2015;20:00;13;001272;805;Torino - Rebaudengo;04;Biossido di azoto (NO2);23;microgrammi / metro cubo;108.0;V;
25/03/2015;21:00;13;001272;805;Torino - Rebaudengo;04;Biossido di azoto (NO2);23;microgrammi / metro cubo;92.0;V;
25/03/2015;22:00;13;001272;805;Torino - Rebaudengo;04;Biossido di azoto (NO2);23;microgrammi / metro cubo;61.0;V;
25/03/2015;23:00;13;001272;805;Torino - Rebaudengo;04;Biossido di azoto (NO2);23;microgrammi / metro cubo;65.0;V;
25/03/2015;23:59;13;001272;805;Torino - Rebaudengo;04;Biossido di azoto (NO2);23;microgrammi / metro cubo;75.0;V;
26/03/2015;01:00;13;001272;805;Torino - Rebaudengo;04;Biossido di azoto (NO2);23;microgrammi / metro cubo;78.0;V;
26/03/2015;02:00;13;001272;805;Torino - Rebaudengo;04;Biossido di azoto (NO2);23;microgrammi / metro cubo;76.0;V;
26/03/2015;03:00;13;001272;805;Torino - Rebaudengo;04;Biossido di azoto (NO2);23;microgrammi / metro cubo;73.0;V;
26/03/2015;04:00;13;001272;805;Torino - Rebaudengo;04;Biossido di azoto (NO2);23;microgrammi / metro cubo;51.0;V;
26/03/2015;05:00;13;001272;805;Torino - Rebaudengo;04;Biossido di azoto (NO2);23;microgrammi / metro cubo;51.0;V;
26/03/2015;06:00;13;001272;805;Torino - Rebaudengo;04;Biossido di azoto (NO2);23;microgrammi / metro cubo;72.0;V;
26/03/2015;07:00;13;001272;805;Torino - Rebaudengo;04;Biossido di azoto (NO2);23;microgrammi / metro cubo;86.0;V;
26/03/2015;08:00;13;001272;805;Torino - Rebaudengo;04;Biossido di azoto (NO2);23;microgrammi / metro cubo;78.0;V;
26/03/2015;09:00;13;001272;805;Torino - Rebaudengo;04;Biossido di azoto (NO2);23;microgrammi / metro cubo;86.0;V;
26/03/2015;10:00;13;001272;805;Torino - Rebaudengo;04;Biossido di azoto (NO2);23;microgrammi / metro cubo;81.0;V;
26/03/2015;11:00;13;001272;805;Torino - Rebaudengo;04;Biossido di azoto (NO2);23;microgrammi / metro cubo;79.0;V;
26/03/2015;12:00;13;001272;805;Torino - Rebaudengo;04;Biossido di azoto (NO2);23;microgrammi / metro cubo;89.0;V;
26/03/2015;13:00;13;001272;805;Torino - Rebaudengo;04;Biossido di azoto (NO2);23;microgrammi / metro cubo;83.0;V;
26/03/2015;14:00;13;001272;805;Torino - Rebaudengo;04;Biossido di azoto (NO2);23;microgrammi / metro cubo;68.0;V;
26/03/2015;15:00;13;001272;805;Torino - Rebaudengo;04;Biossido di azoto (NO2);23;microgrammi / metro cubo;62.0;V;
26/03/2015;16:00;13;001272;805;Torino - Rebaudengo;04;Biossido di azoto (NO2);23;microgrammi / metro cubo;53.0;V;
26/03/2015;17:00;13;001272;805;Torino - Rebaudengo;04;Biossido di azoto (NO2);23;microgrammi / metro cubo;58.0;V;
26/03/2015;18:00;13;001272;805;Torino - Rebaudengo;04;Biossido di azoto (NO2);23;microgrammi / metro cubo;72.0;V;
26/03/2015;19:00;13;001272;805;Torino - Rebaudengo;04;Biossido di azoto (NO2);23;microgrammi / metro cubo;93.0;V;
26/03/2015;20:00;13;001272;805;Torino - Rebaudengo;04;Biossido di azoto (NO2);23;microgrammi / metro cubo;79.0;V;
26/03/2015;21:00;13;001272;805;Torino - Rebaudengo;04;Biossido di azoto (NO2);23;microgrammi / metro cubo;80.0;V;
26/03/2015;22:00;13;001272;805;Torino - Rebaudengo;04;Biossido di azoto (NO2);23;microgrammi / metro cubo;67.0;V;
26/03/2015;23:00;13;001272;805;Torino - Rebaudengo;04;Biossido di azoto (NO2);23;microgrammi / metro cubo;89.0;V;
26/03/2015;23:59;13;001272;805;Torino - Rebaudengo;04;Biossido di azoto (NO2);23;microgrammi / metro cubo;64.0;V;
27/03/2015;01:00;13;001272;805;Torino - Rebaudengo;04;Biossido di azoto (NO2);23;microgrammi / metro cubo;68.0;V;
27/03/2015;02:00;13;001272;805;Torino - Rebaudengo;04;Biossido di azoto (NO2);23;microgrammi / metro cubo;74.0;V;
27/03/2015;03:00;13;001272;805;Torino - Rebaudengo;04;Biossido di azoto (NO2);23;microgrammi / metro cubo;71.0;V;
27/03/2015;04:00;13;001272;805;Torino - Rebaudengo;04;Biossido di azoto (NO2);23;microgrammi / metro cubo;64.0;V;
27/03/2015;05:00;13;001272;805;Torino - Rebaudengo;04;Biossido di azoto (NO2);23;microgrammi / metro cubo;47.0;V;
27/03/2015;06:00;13;001272;805;Torino - Rebaudengo;04;Biossido di azoto (NO2);23;microgrammi / metro cubo;65.0;V;
27/03/2015;07:00;13;001272;805;Torino - Rebaudengo;04;Biossido di azoto (NO2);23;microgrammi / metro cubo;82.0;V;
27/03/2015;08:00;13;001272;805;Torino - Rebaudengo;04;Biossido di azoto (NO2);23;microgrammi / metro cubo;85.0;V;
27/03/2015;09:00;13;001272;805;Torino - Rebaudengo;04;Biossido di azoto (NO2);23;microgrammi / metro cubo;96.0;V;
27/03/2015;10:00;13;001272;805;Torino - Rebaudengo;04;Biossido di azoto (NO2);23;microgrammi / metro cubo;86.0;V;
27/03/2015;11:00;13;001272;805;Torino - Rebaudengo;04;Biossido di azoto (NO2);23;microgrammi / metro cubo;33.0;V;
27/03/2015;12:00;13;001272;805;Torino - Rebaudengo;04;Biossido di azoto (NO2);23;microgrammi / metro cubo;20.0;V;
27/03/2015;13:00;13;001272;805;Torino - Rebaudengo;04;Biossido di azoto (NO2);23;microgrammi / metro cubo;14.0;V;
27/03/2015;14:00;13;001272;805;Torino - Rebaudengo;04;Biossido di azoto (NO2);23;microgrammi / metro cubo;23.0;V;
27/03/2015;15:00;13;001272;805;Torino - Rebaudengo;04;Biossido di azoto (NO2);23;microgrammi / metro cubo;25.0;V;
27/03/2015;16:00;13;001272;805;Torino - Rebaudengo;04;Biossido di azoto (NO2);23;microgrammi / metro cubo;18.0;V;
27/03/2015;17:00;13;001272;805;Torino - Rebaudengo;04;Biossido di azoto (NO2);23;microgrammi / metro cubo;33.0;V;
27/03/2015;18:00;13;001272;805;Torino - Rebaudengo;04;Biossido di azoto (NO2);23;microgrammi / metro cubo;53.0;V;
27/03/2015;19:00;13;001272;805;Torino - Rebaudengo;04;Biossido di azoto (NO2);23;microgrammi / metro cubo;55.0;V;
27/03/2015;20:00;13;001272;805;Torino - Rebaudengo;04;Biossido di azoto (NO2);23;microgrammi / metro cubo;72.0;V;
27/03/2015;21:00;13;001272;805;Torino - Rebaudengo;04;Biossido di azoto (NO2);23;microgrammi / metro cubo;62.0;V;
27/03/2015;22:00;13;001272;805;Torino - Rebaudengo;04;Biossido di azoto (NO2);23;microgrammi / metro cubo;80.0;V;
27/03/2015;23:00;13;001272;805;Torino - Rebaudengo;04;Biossido di azoto (NO2);23;microgrammi / metro cubo;127.0;V;
27/03/2015;23:59;13;001272;805;Torino - Rebaudengo;04;Biossido di azoto (NO2);23;microgrammi / metro cubo;108.0;V;
28/03/2015;01:00;13;001272;805;Torino - Rebaudengo;04;Biossido di azoto (NO2);23;microgrammi / metro cubo;84.0;V;
28/03/2015;02:00;13;001272;805;Torino - Rebaudengo;04;Biossido di azoto (NO2);23;microgrammi / metro cubo;78.0;V;
28/03/2015;03:00;13;001272;805;Torino - Rebaudengo;04;Biossido di azoto (NO2);23;microgrammi / metro cubo;66.0;V;
28/03/2015;04:00;13;001272;805;Torino - Rebaudengo;04;Biossido di azoto (NO2);23;microgrammi / metro cubo;60.0;V;
28/03/2015;05:00;13;001272;805;Torino - Rebaudengo;04;Biossido di azoto (NO2);23;microgrammi / metro cubo;59.0;V;
28/03/2015;06:00;13;001272;805;Torino - Rebaudengo;04;Biossido di azoto (NO2);23;microgrammi / metro cubo;65.0;V;
28/03/2015;07:00;13;001272;805;Torino - Rebaudengo;04;Biossido di azoto (NO2);23;microgrammi / metro cubo;63.0;V;
28/03/2015;08:00;13;001272;805;Torino - Rebaudengo;04;Biossido di azoto (NO2);23;microgrammi / metro cubo;84.0;V;
28/03/2015;09:00;13;001272;805;Torino - Rebaudengo;04;Biossido di azoto (NO2);23;microgrammi / metro cubo;108.0;V;
28/03/2015;10:00;13;001272;805;Torino - Rebaudengo;04;Biossido di azoto (NO2);23;microgrammi / metro cubo;107.0;V;
28/03/2015;11:00;13;001272;805;Torino - Rebaudengo;04;Biossido di azoto (NO2);23;microgrammi / metro cubo;69.0;V;
28/03/2015;12:00;13;001272;805;Torino - Rebaudengo;04;Biossido di azoto (NO2);23;microgrammi / metro cubo;61.0;V;
28/03/2015;13:00;13;001272;805;Torino - Rebaudengo;04;Biossido di azoto (NO2);23;microgrammi / metro cubo;51.0;V;
28/03/2015;14:00;13;001272;805;Torino - Rebaudengo;04;Biossido di azoto (NO2);23;microgrammi / metro cubo;48.0;V;
28/03/2015;15:00;13;001272;805;Torino - Rebaudengo;04;Biossido di azoto (NO2);23;microgrammi / metro cubo;49.0;V;
28/03/2015;16:00;13;001272;805;Torino - Rebaudengo;04;Biossido di azoto (NO2);23;microgrammi / metro cubo;55.0;V;
28/03/2015;17:00;13;001272;805;Torino - Rebaudengo;04;Biossido di azoto (NO2);23;microgrammi / metro cubo;72.0;V;
28/03/2015;18:00;13;001272;805;Torino - Rebaudengo;04;Biossido di azoto (NO2);23;microgrammi / metro cubo;94.0;V;
28/03/2015;19:00;13;001272;805;Torino - Rebaudengo;04;Biossido di azoto (NO2);23;microgrammi / metro cubo;104.0;V;
28/03/2015;20:00;13;001272;805;Torino - Rebaudengo;04;Biossido di azoto (NO2);23;microgrammi / metro cubo;124.0;V;
28/03/2015;21:00;13;001272;805;Torino - Rebaudengo;04;Biossido di azoto (NO2);23;microgrammi / metro cubo;127.0;V;
28/03/2015;22:00;13;001272;805;Torino - Rebaudengo;04;Biossido di azoto (NO2);23;microgrammi / metro cubo;122.0;V;
28/03/2015;23:00;13;001272;805;Torino - Rebaudengo;04;Biossido di azoto (NO2);23;microgrammi / metro cubo;103.0;V;
28/03/2015;23:59;13;001272;805;Torino - Rebaudengo;04;Biossido di azoto (NO2);23;microgrammi / metro cubo;91.0;V;
29/03/2015;01:00;13;001272;805;Torino - Rebaudengo;04;Biossido di azoto (NO2);23;microgrammi / metro cubo;85.0;V;
29/03/2015;02:00;13;001272;805;Torino - Rebaudengo;04;Biossido di azoto (NO2);23;microgrammi / metro cubo;82.0;V;
29/03/2015;03:00;13;001272;805;Torino - Rebaudengo;04;Biossido di azoto (NO2);23;microgrammi / metro cubo;77.0;V;
29/03/2015;04:00;13;001272;805;Torino - Rebaudengo;04;Biossido di azoto (NO2);23;microgrammi / metro cubo;73.0;V;
29/03/2015;05:00;13;001272;805;Torino - Rebaudengo;04;Biossido di azoto (NO2);23;microgrammi / metro cubo;74.0;V;
29/03/2015;06:00;13;001272;805;Torino - Rebaudengo;04;Biossido di azoto (NO2);23;microgrammi / metro cubo;60.0;V;
29/03/2015;07:00;13;001272;805;Torino - Rebaudengo;04;Biossido di azoto (NO2);23;microgrammi / metro cubo;71.0;V;
29/03/2015;08:00;13;001272;805;Torino - Rebaudengo;04;Biossido di azoto (NO2);23;microgrammi / metro cubo;73.0;V;
29/03/2015;09:00;13;001272;805;Torino - Rebaudengo;04;Biossido di azoto (NO2);23;microgrammi / metro cubo;80.0;V;
29/03/2015;10:00;13;001272;805;Torino - Rebaudengo;04;Biossido di azoto (NO2);23;microgrammi / metro cubo;59.0;V;
29/03/2015;11:00;13;001272;805;Torino - Rebaudengo;04;Biossido di azoto (NO2);23;microgrammi / metro cubo;56.0;V;
29/03/2015;12:00;13;001272;805;Torino - Rebaudengo;04;Biossido di azoto (NO2);23;microgrammi / metro cubo;52.0;V;
29/03/2015;13:00;13;001272;805;Torino - Rebaudengo;04;Biossido di azoto (NO2);23;microgrammi / metro cubo;60.0;V;
29/03/2015;14:00;13;001272;805;Torino - Rebaudengo;04;Biossido di azoto (NO2);23;microgrammi / metro cubo;53.0;V;
29/03/2015;15:00;13;001272;805;Torino - Rebaudengo;04;Biossido di azoto (NO2);23;microgrammi / metro cubo;41.0;V;
29/03/2015;16:00;13;001272;805;Torino - Rebaudengo;04;Biossido di azoto (NO2);23;microgrammi / metro cubo;43.0;V;
29/03/2015;17:00;13;001272;805;Torino - Rebaudengo;04;Biossido di azoto (NO2);23;microgrammi / metro cubo;43.0;V;
29/03/2015;18:00;13;001272;805;Torino - Rebaudengo;04;Biossido di azoto (NO2);23;microgrammi / metro cubo;61.0;V;
29/03/2015;19:00;13;001272;805;Torino - Rebaudengo;04;Biossido di azoto (NO2);23;microgrammi / metro cubo;81.0;V;
29/03/2015;20:00;13;001272;805;Torino - Rebaudengo;04;Biossido di azoto (NO2);23;microgrammi / metro cubo;102.0;V;
29/03/2015;21:00;13;001272;805;Torino - Rebaudengo;04;Biossido di azoto (NO2);23;microgrammi / metro cubo;89.0;V;
29/03/2015;22:00;13;001272;805;Torino - Rebaudengo;04;Biossido di azoto (NO2);23;microgrammi / metro cubo;104.0;V;
29/03/2015;23:00;13;001272;805;Torino - Rebaudengo;04;Biossido di azoto (NO2);23;microgrammi / metro cubo;105.0;V;
29/03/2015;23:59;13;001272;805;Torino - Rebaudengo;04;Biossido di azoto (NO2);23;microgrammi / metro cubo;91.0;V;
30/03/2015;01:00;13;001272;805;Torino - Rebaudengo;04;Biossido di azoto (NO2);23;microgrammi / metro cubo;89.0;V;
30/03/2015;02:00;13;001272;805;Torino - Rebaudengo;04;Biossido di azoto (NO2);23;microgrammi / metro cubo;86.0;V;
30/03/2015;03:00;13;001272;805;Torino - Rebaudengo;04;Biossido di azoto (NO2);23;microgrammi / metro cubo;70.0;V;
30/03/2015;04:00;13;001272;805;Torino - Rebaudengo;04;Biossido di azoto (NO2);23;microgrammi / metro cubo;56.0;V;
30/03/2015;05:00;13;001272;805;Torino - Rebaudengo;04;Biossido di azoto (NO2);23;microgrammi / metro cubo;71.0;V;
30/03/2015;06:00;13;001272;805;Torino - Rebaudengo;04;Biossido di azoto (NO2);23;microgrammi / metro cubo;81.0;V;
30/03/2015;07:00;13;001272;805;Torino - Rebaudengo;04;Biossido di azoto (NO2);23;microgrammi / metro cubo;90.0;V;
30/03/2015;08:00;13;001272;805;Torino - Rebaudengo;04;Biossido di azoto (NO2);23;microgrammi / metro cubo;93.0;V;
30/03/2015;09:00;13;001272;805;Torino - Rebaudengo;04;Biossido di azoto (NO2);23;microgrammi / metro cubo;99.0;V;
30/03/2015;10:00;13;001272;805;Torino - Rebaudengo;04;Biossido di azoto (NO2);23;microgrammi / metro cubo;70.0;V;
30/03/2015;11:00;13;001272;805;Torino - Rebaudengo;04;Biossido di azoto (NO2);23;microgrammi / metro cubo;62.0;V;
30/03/2015;12:00;13;001272;805;Torino - Rebaudengo;04;Biossido di azoto (NO2);23;microgrammi / metro cubo;37.0;V;
30/03/2015;13:00;13;001272;805;Torino - Rebaudengo;04;Biossido di azoto (NO2);23;microgrammi / metro cubo;34.0;V;
30/03/2015;14:00;13;001272;805;Torino - Rebaudengo;04;Biossido di azoto (NO2);23;microgrammi / metro cubo;32.0;V;
30/03/2015;15:00;13;001272;805;Torino - Rebaudengo;04;Biossido di azoto (NO2);23;microgrammi / metro cubo;33.0;V;
30/03/2015;16:00;13;001272;805;Torino - Rebaudengo;04;Biossido di azoto (NO2);23;microgrammi / metro cubo;36.0;V;
30/03/2015;17:00;13;001272;805;Torino - Rebaudengo;04;Biossido di azoto (NO2);23;microgrammi / metro cubo;23.0;V;
30/03/2015;18:00;13;001272;805;Torino - Rebaudengo;04;Biossido di azoto (NO2);23;microgrammi / metro cubo;22.0;V;
30/03/2015;19:00;13;001272;805;Torino - Rebaudengo;04;Biossido di azoto (NO2);23;microgrammi / metro cubo;52.0;V;
30/03/2015;20:00;13;001272;805;Torino - Rebaudengo;04;Biossido di azoto (NO2);23;microgrammi / metro cubo;26.0;V;
30/03/2015;21:00;13;001272;805;Torino - Rebaudengo;04;Biossido di azoto (NO2);23;microgrammi / metro cubo;40.0;V;
30/03/2015;22:00;13;001272;805;Torino - Rebaudengo;04;Biossido di azoto (NO2);23;microgrammi / metro cubo;69.0;V;
30/03/2015;23:00;13;001272;805;Torino - Rebaudengo;04;Biossido di azoto (NO2);23;microgrammi / metro cubo;69.0;V;
30/03/2015;23:59;13;001272;805;Torino - Rebaudengo;04;Biossido di azoto (NO2);23;microgrammi / metro cubo;58.0;V;
31/03/2015;01:00;13;001272;805;Torino - Rebaudengo;04;Biossido di azoto (NO2);23;microgrammi / metro cubo;65.0;V;
31/03/2015;02:00;13;001272;805;Torino - Rebaudengo;04;Biossido di azoto (NO2);23;microgrammi / metro cubo;58.0;V;
31/03/2015;03:00;13;001272;805;Torino - Rebaudengo;04;Biossido di azoto (NO2);23;microgrammi / metro cubo;39.0;V;
31/03/2015;04:00;13;001272;805;Torino - Rebaudengo;04;Biossido di azoto (NO2);23;microgrammi / metro cubo;65.0;V;
31/03/2015;05:00;13;001272;805;Torino - Rebaudengo;04;Biossido di azoto (NO2);23;microgrammi / metro cubo;77.0;V;
31/03/2015;06:00;13;001272;805;Torino - Rebaudengo;04;Biossido di azoto (NO2);23;microgrammi / metro cubo;89.0;V;
31/03/2015;07:00;13;001272;805;Torino - Rebaudengo;04;Biossido di azoto (NO2);23;microgrammi / metro cubo;92.0;V;
31/03/2015;08:00;13;001272;805;Torino - Rebaudengo;04;Biossido di azoto (NO2);23;microgrammi / metro cubo;111.0;V;
31/03/2015;09:00;13;001272;805;Torino - Rebaudengo;04;Biossido di azoto (NO2);23;microgrammi / metro cubo;113.0;V;
31/03/2015;10:00;13;001272;805;Torino - Rebaudengo;04;Biossido di azoto (NO2);23;microgrammi / metro cubo;77.0;V;
31/03/2015;11:00;13;001272;805;Torino - Rebaudengo;04;Biossido di azoto (NO2);23;microgrammi / metro cubo;59.0;V;
31/03/2015;12:00;13;001272;805;Torino - Rebaudengo;04;Biossido di azoto (NO2);23;microgrammi / metro cubo;45.0;V;
31/03/2015;13:00;13;001272;805;Torino - Rebaudengo;04;Biossido di azoto (NO2);23;microgrammi / metro cubo;47.0;V;
31/03/2015;14:00;13;001272;805;Torino - Rebaudengo;04;Biossido di azoto (NO2);23;microgrammi / metro cubo;50.0;V;
31/03/2015;15:00;13;001272;805;Torino - Rebaudengo;04;Biossido di azoto (NO2);23;microgrammi / metro cubo;41.0;V;
31/03/2015;16:00;13;001272;805;Torino - Rebaudengo;04;Biossido di azoto (NO2);23;microgrammi / metro cubo;39.0;V;
31/03/2015;17:00;13;001272;805;Torino - Rebaudengo;04;Biossido di azoto (NO2);23;microgrammi / metro cubo;50.0;V;
31/03/2015;18:00;13;001272;805;Torino - Rebaudengo;04;Biossido di azoto (NO2);23;microgrammi / metro cubo;47.0;V;
31/03/2015;19:00;13;001272;805;Torino - Rebaudengo;04;Biossido di azoto (NO2);23;microgrammi / metro cubo;59.0;V;
31/03/2015;20:00;13;001272;805;Torino - Rebaudengo;04;Biossido di azoto (NO2);23;microgrammi / metro cubo;67.0;V;
31/03/2015;21:00;13;001272;805;Torino - Rebaudengo;04;Biossido di azoto (NO2);23;microgrammi / metro cubo;76.0;V;
31/03/2015;22:00;13;001272;805;Torino - Rebaudengo;04;Biossido di azoto (NO2);23;microgrammi / metro cubo;58.0;V;
31/03/2015;23:00;13;001272;805;Torino - Rebaudengo;04;Biossido di azoto (NO2);23;microgrammi / metro cubo;48.0;V;
31/03/2015;23:59;13;001272;805;Torino - Rebaudengo;04;Biossido di azoto (NO2);23;microgrammi / metro cubo;35.0;V;
01/04/2015;01:00;13;001272;805;Torino - Rebaudengo;04;Biossido di azoto (NO2);23;microgrammi / metro cubo;19.0;V;
01/04/2015;02:00;13;001272;805;Torino - Rebaudengo;04;Biossido di azoto (NO2);23;microgrammi / metro cubo;10.0;V;
01/04/2015;03:00;13;001272;805;Torino - Rebaudengo;04;Biossido di azoto (NO2);23;microgrammi / metro cubo;7.0;V;
01/04/2015;04:00;13;001272;805;Torino - Rebaudengo;04;Biossido di azoto (NO2);23;microgrammi / metro cubo;11.0;V;
01/04/2015;05:00;13;001272;805;Torino - Rebaudengo;04;Biossido di azoto (NO2);23;microgrammi / metro cubo;22.0;V;
01/04/2015;06:00;13;001272;805;Torino - Rebaudengo;04;Biossido di azoto (NO2);23;microgrammi / metro cubo;34.0;V;
01/04/2015;07:00;13;001272;805;Torino - Rebaudengo;04;Biossido di azoto (NO2);23;microgrammi / metro cubo;46.0;V;
01/04/2015;08:00;13;001272;805;Torino - Rebaudengo;04;Biossido di azoto (NO2);23;microgrammi / metro cubo;23.0;V;
01/04/2015;09:00;13;001272;805;Torino - Rebaudengo;04;Biossido di azoto (NO2);23;microgrammi / metro cubo;33.0;V;
01/04/2015;10:00;13;001272;805;Torino - Rebaudengo;04;Biossido di azoto (NO2);23;microgrammi / metro cubo;27.0;V;
01/04/2015;11:00;13;001272;805;Torino - Rebaudengo;04;Biossido di azoto (NO2);23;microgrammi / metro cubo;29.0;V;
01/04/2015;12:00;13;001272;805;Torino - Rebaudengo;04;Biossido di azoto (NO2);23;microgrammi / metro cubo;20.0;V;
01/04/2015;13:00;13;001272;805;Torino - Rebaudengo;04;Biossido di azoto (NO2);23;microgrammi / metro cubo;29.0;V;
01/04/2015;14:00;13;001272;805;Torino - Rebaudengo;04;Biossido di azoto (NO2);23;microgrammi / metro cubo;25.0;V;
01/04/2015;15:00;13;001272;805;Torino - Rebaudengo;04;Biossido di azoto (NO2);23;microgrammi / metro cubo;19.0;V;
01/04/2015;16:00;13;001272;805;Torino - Rebaudengo;04;Biossido di azoto (NO2);23;microgrammi / metro cubo;24.0;V;
01/04/2015;17:00;13;001272;805;Torino - Rebaudengo;04;Biossido di azoto (NO2);23;microgrammi / metro cubo;44.0;V;
01/04/2015;18:00;13;001272;805;Torino - Rebaudengo;04;Biossido di azoto (NO2);23;microgrammi / metro cubo;45.0;V;
01/04/2015;19:00;13;001272;805;Torino - Rebaudengo;04;Biossido di azoto (NO2);23;microgrammi / metro cubo;56.0;V;
01/04/2015;20:00;13;001272;805;Torino - Rebaudengo;04;Biossido di azoto (NO2);23;microgrammi / metro cubo;64.0;V;
01/04/2015;21:00;13;001272;805;Torino - Rebaudengo;04;Biossido di azoto (NO2);23;microgrammi / metro cubo;59.0;V;
01/04/2015;22:00;13;001272;805;Torino - Rebaudengo;04;Biossido di azoto (NO2);23;microgrammi / metro cubo;52.0;V;
01/04/2015;23:00;13;001272;805;Torino - Rebaudengo;04;Biossido di azoto (NO2);23;microgrammi / metro cubo;55.0;V;
01/04/2015;23:59;13;001272;805;Torino - Rebaudengo;04;Biossido di azoto (NO2);23;microgrammi / metro cubo;55.0;V;
02/04/2015;01:00;13;001272;805;Torino - Rebaudengo;04;Biossido di azoto (NO2);23;microgrammi / metro cubo;28.0;V;
02/04/2015;02:00;13;001272;805;Torino - Rebaudengo;04;Biossido di azoto (NO2);23;microgrammi / metro cubo;32.0;V;
02/04/2015;03:00;13;001272;805;Torino - Rebaudengo;04;Biossido di azoto (NO2);23;microgrammi / metro cubo;39.0;V;
02/04/2015;04:00;13;001272;805;Torino - Rebaudengo;04;Biossido di azoto (NO2);23;microgrammi / metro cubo;62.0;V;
02/04/2015;05:00;13;001272;805;Torino - Rebaudengo;04;Biossido di azoto (NO2);23;microgrammi / metro cubo;88.0;V;
02/04/2015;06:00;13;001272;805;Torino - Rebaudengo;04;Biossido di azoto (NO2);23;microgrammi / metro cubo;81.0;V;
02/04/2015;07:00;13;001272;805;Torino - Rebaudengo;04;Biossido di azoto (NO2);23;microgrammi / metro cubo;96.0;V;
02/04/2015;08:00;13;001272;805;Torino - Rebaudengo;04;Biossido di azoto (NO2);23;microgrammi / metro cubo;102.0;V;
02/04/2015;09:00;13;001272;805;Torino - Rebaudengo;04;Biossido di azoto (NO2);23;microgrammi / metro cubo;110.0;V;
02/04/2015;10:00;13;001272;805;Torino - Rebaudengo;04;Biossido di azoto (NO2);23;microgrammi / metro cubo;83.0;V;
02/04/2015;11:00;13;001272;805;Torino - Rebaudengo;04;Biossido di azoto (NO2);23;microgrammi / metro cubo;72.0;V;
02/04/2015;12:00;13;001272;805;Torino - Rebaudengo;04;Biossido di azoto (NO2);23;microgrammi / metro cubo;;E;
02/04/2015;13:00;13;001272;805;Torino - Rebaudengo;04;Biossido di azoto (NO2);23;microgrammi / metro cubo;;E;
02/04/2015;14:00;13;001272;805;Torino - Rebaudengo;04;Biossido di azoto (NO2);23;microgrammi / metro cubo;;E;
02/04/2015;15:00;13;001272;805;Torino - Rebaudengo;04;Biossido di azoto (NO2);23;microgrammi / metro cubo;;E;
02/04/2015;16:00;13;001272;805;Torino - Rebaudengo;04;Biossido di azoto (NO2);23;microgrammi / metro cubo;;E;
02/04/2015;17:00;13;001272;805;Torino - Rebaudengo;04;Biossido di azoto (NO2);23;microgrammi / metro cubo;;E;
02/04/2015;18:00;13;001272;805;Torino - Rebaudengo;04;Biossido di azoto (NO2);23;microgrammi / metro cubo;;E;
02/04/2015;19:00;13;001272;805;Torino - Rebaudengo;04;Biossido di azoto (NO2);23;microgrammi / metro cubo;;E;
02/04/2015;20:00;13;001272;805;Torino - Rebaudengo;04;Biossido di azoto (NO2);23;microgrammi / metro cubo;;E;
02/04/2015;21:00;13;001272;805;Torino - Rebaudengo;04;Biossido di azoto (NO2);23;microgrammi / metro cubo;;E;
02/04/2015;22:00;13;001272;805;Torino - Rebaudengo;04;Biossido di azoto (NO2);23;microgrammi / metro cubo;;E;
02/04/2015;23:00;13;001272;805;Torino - Rebaudengo;04;Biossido di azoto (NO2);23;microgrammi / metro cubo;;E;
02/04/2015;23:59;13;001272;805;Torino - Rebaudengo;04;Biossido di azoto (NO2);23;microgrammi / metro cubo;;E;
03/04/2015;01:00;13;001272;805;Torino - Rebaudengo;04;Biossido di azoto (NO2);23;microgrammi / metro cubo;;E;
03/04/2015;02:00;13;001272;805;Torino - Rebaudengo;04;Biossido di azoto (NO2);23;microgrammi / metro cubo;;E;
03/04/2015;03:00;13;001272;805;Torino - Rebaudengo;04;Biossido di azoto (NO2);23;microgrammi / metro cubo;;E;
03/04/2015;04:00;13;001272;805;Torino - Rebaudengo;04;Biossido di azoto (NO2);23;microgrammi / metro cubo;;E;
03/04/2015;05:00;13;001272;805;Torino - Rebaudengo;04;Biossido di azoto (NO2);23;microgrammi / metro cubo;;E;
03/04/2015;06:00;13;001272;805;Torino - Rebaudengo;04;Biossido di azoto (NO2);23;microgrammi / metro cubo;;E;
03/04/2015;07:00;13;001272;805;Torino - Rebaudengo;04;Biossido di azoto (NO2);23;microgrammi / metro cubo;;E;
03/04/2015;08:00;13;001272;805;Torino - Rebaudengo;04;Biossido di azoto (NO2);23;microgrammi / metro cubo;;E;
03/04/2015;09:00;13;001272;805;Torino - Rebaudengo;04;Biossido di azoto (NO2);23;microgrammi / metro cubo;;E;
03/04/2015;10:00;13;001272;805;Torino - Rebaudengo;04;Biossido di azoto (NO2);23;microgrammi / metro cubo;;E;
03/04/2015;11:00;13;001272;805;Torino - Rebaudengo;04;Biossido di azoto (NO2);23;microgrammi / metro cubo;;E;
03/04/2015;12:00;13;001272;805;Torino - Rebaudengo;04;Biossido di azoto (NO2);23;microgrammi / metro cubo;;E;
03/04/2015;13:00;13;001272;805;Torino - Rebaudengo;04;Biossido di azoto (NO2);23;microgrammi / metro cubo;;E;
03/04/2015;14:00;13;001272;805;Torino - Rebaudengo;04;Biossido di azoto (NO2);23;microgrammi / metro cubo;;E;
03/04/2015;15:00;13;001272;805;Torino - Rebaudengo;04;Biossido di azoto (NO2);23;microgrammi / metro cubo;;E;
03/04/2015;16:00;13;001272;805;Torino - Rebaudengo;04;Biossido di azoto (NO2);23;microgrammi / metro cubo;54.0;V;
03/04/2015;17:00;13;001272;805;Torino - Rebaudengo;04;Biossido di azoto (NO2);23;microgrammi / metro cubo;54.0;V;
03/04/2015;18:00;13;001272;805;Torino - Rebaudengo;04;Biossido di azoto (NO2);23;microgrammi / metro cubo;58.0;V;
03/04/2015;19:00;13;001272;805;Torino - Rebaudengo;04;Biossido di azoto (NO2);23;microgrammi / metro cubo;72.0;V;
03/04/2015;20:00;13;001272;805;Torino - Rebaudengo;04;Biossido di azoto (NO2);23;microgrammi / metro cubo;88.0;V;
03/04/2015;21:00;13;001272;805;Torino - Rebaudengo;04;Biossido di azoto (NO2);23;microgrammi / metro cubo;72.0;V;
03/04/2015;22:00;13;001272;805;Torino - Rebaudengo;04;Biossido di azoto (NO2);23;microgrammi / metro cubo;77.0;V;
03/04/2015;23:00;13;001272;805;Torino - Rebaudengo;04;Biossido di azoto (NO2);23;microgrammi / metro cubo;75.0;V;
03/04/2015;23:59;13;001272;805;Torino - Rebaudengo;04;Biossido di azoto (NO2);23;microgrammi / metro cubo;75.0;V;
04/04/2015;01:00;13;001272;805;Torino - Rebaudengo;04;Biossido di azoto (NO2);23;microgrammi / metro cubo;68.0;V;
04/04/2015;02:00;13;001272;805;Torino - Rebaudengo;04;Biossido di azoto (NO2);23;microgrammi / metro cubo;44.0;V;
04/04/2015;03:00;13;001272;805;Torino - Rebaudengo;04;Biossido di azoto (NO2);23;microgrammi / metro cubo;35.0;V;
04/04/2015;04:00;13;001272;805;Torino - Rebaudengo;04;Biossido di azoto (NO2);23;microgrammi / metro cubo;33.0;V;
04/04/2015;05:00;13;001272;805;Torino - Rebaudengo;04;Biossido di azoto (NO2);23;microgrammi / metro cubo;36.0;V;
04/04/2015;06:00;13;001272;805;Torino - Rebaudengo;04;Biossido di azoto (NO2);23;microgrammi / metro cubo;46.0;V;
04/04/2015;07:00;13;001272;805;Torino - Rebaudengo;04;Biossido di azoto (NO2);23;microgrammi / metro cubo;56.0;V;
04/04/2015;08:00;13;001272;805;Torino - Rebaudengo;04;Biossido di azoto (NO2);23;microgrammi / metro cubo;64.0;V;
04/04/2015;09:00;13;001272;805;Torino - Rebaudengo;04;Biossido di azoto (NO2);23;microgrammi / metro cubo;64.0;V;
04/04/2015;10:00;13;001272;805;Torino - Rebaudengo;04;Biossido di azoto (NO2);23;microgrammi / metro cubo;52.0;V;
04/04/2015;11:00;13;001272;805;Torino - Rebaudengo;04;Biossido di azoto (NO2);23;microgrammi / metro cubo;46.0;V;
04/04/2015;12:00;13;001272;805;Torino - Rebaudengo;04;Biossido di azoto (NO2);23;microgrammi / metro cubo;42.0;V;
04/04/2015;13:00;13;001272;805;Torino - Rebaudengo;04;Biossido di azoto (NO2);23;microgrammi / metro cubo;50.0;V;
04/04/2015;14:00;13;001272;805;Torino - Rebaudengo;04;Biossido di azoto (NO2);23;microgrammi / metro cubo;36.0;V;
04/04/2015;15:00;13;001272;805;Torino - Rebaudengo;04;Biossido di azoto (NO2);23;microgrammi / metro cubo;43.0;V;
04/04/2015;16:00;13;001272;805;Torino - Rebaudengo;04;Biossido di azoto (NO2);23;microgrammi / metro cubo;48.0;V;
04/04/2015;17:00;13;001272;805;Torino - Rebaudengo;04;Biossido di azoto (NO2);23;microgrammi / metro cubo;53.0;V;
04/04/2015;18:00;13;001272;805;Torino - Rebaudengo;04;Biossido di azoto (NO2);23;microgrammi / metro cubo;56.0;V;
04/04/2015;19:00;13;001272;805;Torino - Rebaudengo;04;Biossido di azoto (NO2);23;microgrammi / metro cubo;65.0;V;
04/04/2015;20:00;13;001272;805;Torino - Rebaudengo;04;Biossido di azoto (NO2);23;microgrammi / metro cubo;46.0;V;
04/04/2015;21:00;13;001272;805;Torino - Rebaudengo;04;Biossido di azoto (NO2);23;microgrammi / metro cubo;40.0;V;
04/04/2015;22:00;13;001272;805;Torino - Rebaudengo;04;Biossido di azoto (NO2);23;microgrammi / metro cubo;43.0;V;
04/04/2015;23:00;13;001272;805;Torino - Rebaudengo;04;Biossido di azoto (NO2);23;microgrammi / metro cubo;39.0;V;
04/04/2015;23:59;13;001272;805;Torino - Rebaudengo;04;Biossido di azoto (NO2);23;microgrammi / metro cubo;30.0;V;
05/04/2015;01:00;13;001272;805;Torino - Rebaudengo;04;Biossido di azoto (NO2);23;microgrammi / metro cubo;26.0;V;
05/04/2015;02:00;13;001272;805;Torino - Rebaudengo;04;Biossido di azoto (NO2);23;microgrammi / metro cubo;27.0;V;
05/04/2015;03:00;13;001272;805;Torino - Rebaudengo;04;Biossido di azoto (NO2);23;microgrammi / metro cubo;30.0;V;
05/04/2015;04:00;13;001272;805;Torino - Rebaudengo;04;Biossido di azoto (NO2);23;microgrammi / metro cubo;30.0;V;
05/04/2015;05:00;13;001272;805;Torino - Rebaudengo;04;Biossido di azoto (NO2);23;microgrammi / metro cubo;38.0;V;
05/04/2015;06:00;13;001272;805;Torino - Rebaudengo;04;Biossido di azoto (NO2);23;microgrammi / metro cubo;50.0;V;
05/04/2015;07:00;13;001272;805;Torino - Rebaudengo;04;Biossido di azoto (NO2);23;microgrammi / metro cubo;72.0;V;
05/04/2015;08:00;13;001272;805;Torino - Rebaudengo;04;Biossido di azoto (NO2);23;microgrammi / metro cubo;65.0;V;
05/04/2015;09:00;13;001272;805;Torino - Rebaudengo;04;Biossido di azoto (NO2);23;microgrammi / metro cubo;55.0;V;
05/04/2015;10:00;13;001272;805;Torino - Rebaudengo;04;Biossido di azoto (NO2);23;microgrammi / metro cubo;41.0;V;
05/04/2015;11:00;13;001272;805;Torino - Rebaudengo;04;Biossido di azoto (NO2);23;microgrammi / metro cubo;42.0;V;
05/04/2015;12:00;13;001272;805;Torino - Rebaudengo;04;Biossido di azoto (NO2);23;microgrammi / metro cubo;41.0;V;
05/04/2015;13:00;13;001272;805;Torino - Rebaudengo;04;Biossido di azoto (NO2);23;microgrammi / metro cubo;33.0;V;
05/04/2015;14:00;13;001272;805;Torino - Rebaudengo;04;Biossido di azoto (NO2);23;microgrammi / metro cubo;27.0;V;
05/04/2015;15:00;13;001272;805;Torino - Rebaudengo;04;Biossido di azoto (NO2);23;microgrammi / metro cubo;31.0;V;
05/04/2015;16:00;13;001272;805;Torino - Rebaudengo;04;Biossido di azoto (NO2);23;microgrammi / metro cubo;35.0;V;
05/04/2015;17:00;13;001272;805;Torino - Rebaudengo;04;Biossido di azoto (NO2);23;microgrammi / metro cubo;59.0;V;
05/04/2015;18:00;13;001272;805;Torino - Rebaudengo;04;Biossido di azoto (NO2);23;microgrammi / metro cubo;46.0;V;
05/04/2015;19:00;13;001272;805;Torino - Rebaudengo;04;Biossido di azoto (NO2);23;microgrammi / metro cubo;37.0;V;
05/04/2015;20:00;13;001272;805;Torino - Rebaudengo;04;Biossido di azoto (NO2);23;microgrammi / metro cubo;57.0;V;
05/04/2015;21:00;13;001272;805;Torino - Rebaudengo;04;Biossido di azoto (NO2);23;microgrammi / metro cubo;55.0;V;
05/04/2015;22:00;13;001272;805;Torino - Rebaudengo;04;Biossido di azoto (NO2);23;microgrammi / metro cubo;72.0;V;
05/04/2015;23:00;13;001272;805;Torino - Rebaudengo;04;Biossido di azoto (NO2);23;microgrammi / metro cubo;81.0;V;
05/04/2015;23:59;13;001272;805;Torino - Rebaudengo;04;Biossido di azoto (NO2);23;microgrammi / metro cubo;76.0;V;
06/04/2015;01:00;13;001272;805;Torino - Rebaudengo;04;Biossido di azoto (NO2);23;microgrammi / metro cubo;81.0;V;
06/04/2015;02:00;13;001272;805;Torino - Rebaudengo;04;Biossido di azoto (NO2);23;microgrammi / metro cubo;53.0;V;
06/04/2015;03:00;13;001272;805;Torino - Rebaudengo;04;Biossido di azoto (NO2);23;microgrammi / metro cubo;57.0;V;
06/04/2015;04:00;13;001272;805;Torino - Rebaudengo;04;Biossido di azoto (NO2);23;microgrammi / metro cubo;54.0;V;
06/04/2015;05:00;13;001272;805;Torino - Rebaudengo;04;Biossido di azoto (NO2);23;microgrammi / metro cubo;50.0;V;
06/04/2015;06:00;13;001272;805;Torino - Rebaudengo;04;Biossido di azoto (NO2);23;microgrammi / metro cubo;60.0;V;
06/04/2015;07:00;13;001272;805;Torino - Rebaudengo;04;Biossido di azoto (NO2);23;microgrammi / metro cubo;68.0;V;
06/04/2015;08:00;13;001272;805;Torino - Rebaudengo;04;Biossido di azoto (NO2);23;microgrammi / metro cubo;67.0;V;
06/04/2015;09:00;13;001272;805;Torino - Rebaudengo;04;Biossido di azoto (NO2);23;microgrammi / metro cubo;68.0;V;
06/04/2015;10:00;13;001272;805;Torino - Rebaudengo;04;Biossido di azoto (NO2);23;microgrammi / metro cubo;55.0;V;
06/04/2015;11:00;13;001272;805;Torino - Rebaudengo;04;Biossido di azoto (NO2);23;microgrammi / metro cubo;44.0;V;
06/04/2015;12:00;13;001272;805;Torino - Rebaudengo;04;Biossido di azoto (NO2);23;microgrammi / metro cubo;43.0;V;
06/04/2015;13:00;13;001272;805;Torino - Rebaudengo;04;Biossido di azoto (NO2);23;microgrammi / metro cubo;35.0;V;
06/04/2015;14:00;13;001272;805;Torino - Rebaudengo;04;Biossido di azoto (NO2);23;microgrammi / metro cubo;36.0;V;
06/04/2015;15:00;13;001272;805;Torino - Rebaudengo;04;Biossido di azoto (NO2);23;microgrammi / metro cubo;34.0;V;
06/04/2015;16:00;13;001272;805;Torino - Rebaudengo;04;Biossido di azoto (NO2);23;microgrammi / metro cubo;34.0;V;
06/04/2015;17:00;13;001272;805;Torino - Rebaudengo;04;Biossido di azoto (NO2);23;microgrammi / metro cubo;38.0;V;
06/04/2015;18:00;13;001272;805;Torino - Rebaudengo;04;Biossido di azoto (NO2);23;microgrammi / metro cubo;49.0;V;
06/04/2015;19:00;13;001272;805;Torino - Rebaudengo;04;Biossido di azoto (NO2);23;microgrammi / metro cubo;70.0;V;
06/04/2015;20:00;13;001272;805;Torino - Rebaudengo;04;Biossido di azoto (NO2);23;microgrammi / metro cubo;96.0;V;
06/04/2015;21:00;13;001272;805;Torino - Rebaudengo;04;Biossido di azoto (NO2);23;microgrammi / metro cubo;116.0;V;
06/04/2015;22:00;13;001272;805;Torino - Rebaudengo;04;Biossido di azoto (NO2);23;microgrammi / metro cubo;111.0;V;
06/04/2015;23:00;13;001272;805;Torino - Rebaudengo;04;Biossido di azoto (NO2);23;microgrammi / metro cubo;98.0;V;
06/04/2015;23:59;13;001272;805;Torino - Rebaudengo;04;Biossido di azoto (NO2);23;microgrammi / metro cubo;71.0;V;
07/04/2015;01:00;13;001272;805;Torino - Rebaudengo;04;Biossido di azoto (NO2);23;microgrammi / metro cubo;66.0;V;
07/04/2015;02:00;13;001272;805;Torino - Rebaudengo;04;Biossido di azoto (NO2);23;microgrammi / metro cubo;72.0;V;
07/04/2015;03:00;13;001272;805;Torino - Rebaudengo;04;Biossido di azoto (NO2);23;microgrammi / metro cubo;49.0;V;
07/04/2015;04:00;13;001272;805;Torino - Rebaudengo;04;Biossido di azoto (NO2);23;microgrammi / metro cubo;56.0;V;
07/04/2015;05:00;13;001272;805;Torino - Rebaudengo;04;Biossido di azoto (NO2);23;microgrammi / metro cubo;71.0;V;
07/04/2015;06:00;13;001272;805;Torino - Rebaudengo;04;Biossido di azoto (NO2);23;microgrammi / metro cubo;93.0;V;
07/04/2015;07:00;13;001272;805;Torino - Rebaudengo;04;Biossido di azoto (NO2);23;microgrammi / metro cubo;115.0;V;
07/04/2015;08:00;13;001272;805;Torino - Rebaudengo;04;Biossido di azoto (NO2);23;microgrammi / metro cubo;114.0;V;
07/04/2015;09:00;13;001272;805;Torino - Rebaudengo;04;Biossido di azoto (NO2);23;microgrammi / metro cubo;90.0;V;
07/04/2015;10:00;13;001272;805;Torino - Rebaudengo;04;Biossido di azoto (NO2);23;microgrammi / metro cubo;86.0;V;
07/04/2015;11:00;13;001272;805;Torino - Rebaudengo;04;Biossido di azoto (NO2);23;microgrammi / metro cubo;64.0;V;
07/04/2015;12:00;13;001272;805;Torino - Rebaudengo;04;Biossido di azoto (NO2);23;microgrammi / metro cubo;51.0;V;
07/04/2015;13:00;13;001272;805;Torino - Rebaudengo;04;Biossido di azoto (NO2);23;microgrammi / metro cubo;44.0;V;
07/04/2015;14:00;13;001272;805;Torino - Rebaudengo;04;Biossido di azoto (NO2);23;microgrammi / metro cubo;53.0;V;
07/04/2015;15:00;13;001272;805;Torino - Rebaudengo;04;Biossido di azoto (NO2);23;microgrammi / metro cubo;58.0;V;
07/04/2015;16:00;13;001272;805;Torino - Rebaudengo;04;Biossido di azoto (NO2);23;microgrammi / metro cubo;66.0;V;
07/04/2015;17:00;13;001272;805;Torino - Rebaudengo;04;Biossido di azoto (NO2);23;microgrammi / metro cubo;58.0;V;
07/04/2015;18:00;13;001272;805;Torino - Rebaudengo;04;Biossido di azoto (NO2);23;microgrammi / metro cubo;81.0;V;
07/04/2015;19:00;13;001272;805;Torino - Rebaudengo;04;Biossido di azoto (NO2);23;microgrammi / metro cubo;86.0;V;
07/04/2015;20:00;13;001272;805;Torino - Rebaudengo;04;Biossido di azoto (NO2);23;microgrammi / metro cubo;95.0;V;
07/04/2015;21:00;13;001272;805;Torino - Rebaudengo;04;Biossido di azoto (NO2);23;microgrammi / metro cubo;129.0;V;
07/04/2015;22:00;13;001272;805;Torino - Rebaudengo;04;Biossido di azoto (NO2);23;microgrammi / metro cubo;122.0;V;
07/04/2015;23:00;13;001272;805;Torino - Rebaudengo;04;Biossido di azoto (NO2);23;microgrammi / metro cubo;109.0;V;
07/04/2015;23:59;13;001272;805;Torino - Rebaudengo;04;Biossido di azoto (NO2);23;microgrammi / metro cubo;94.0;V;
08/04/2015;01:00;13;001272;805;Torino - Rebaudengo;04;Biossido di azoto (NO2);23;microgrammi / metro cubo;86.0;V;
08/04/2015;02:00;13;001272;805;Torino - Rebaudengo;04;Biossido di azoto (NO2);23;microgrammi / metro cubo;72.0;V;
08/04/2015;03:00;13;001272;805;Torino - Rebaudengo;04;Biossido di azoto (NO2);23;microgrammi / metro cubo;69.0;V;
08/04/2015;04:00;13;001272;805;Torino - Rebaudengo;04;Biossido di azoto (NO2);23;microgrammi / metro cubo;66.0;V;
08/04/2015;05:00;13;001272;805;Torino - Rebaudengo;04;Biossido di azoto (NO2);23;microgrammi / metro cubo;67.0;V;
08/04/2015;06:00;13;001272;805;Torino - Rebaudengo;04;Biossido di azoto (NO2);23;microgrammi / metro cubo;90.0;V;
08/04/2015;07:00;13;001272;805;Torino - Rebaudengo;04;Biossido di azoto (NO2);23;microgrammi / metro cubo;89.0;V;
08/04/2015;08:00;13;001272;805;Torino - Rebaudengo;04;Biossido di azoto (NO2);23;microgrammi / metro cubo;113.0;V;
08/04/2015;09:00;13;001272;805;Torino - Rebaudengo;04;Biossido di azoto (NO2);23;microgrammi / metro cubo;122.0;V;
08/04/2015;10:00;13;001272;805;Torino - Rebaudengo;04;Biossido di azoto (NO2);23;microgrammi / metro cubo;104.0;V;
08/04/2015;11:00;13;001272;805;Torino - Rebaudengo;04;Biossido di azoto (NO2);23;microgrammi / metro cubo;81.0;V;
08/04/2015;12:00;13;001272;805;Torino - Rebaudengo;04;Biossido di azoto (NO2);23;microgrammi / metro cubo;66.0;V;
08/04/2015;13:00;13;001272;805;Torino - Rebaudengo;04;Biossido di azoto (NO2);23;microgrammi / metro cubo;88.0;V;
08/04/2015;14:00;13;001272;805;Torino - Rebaudengo;04;Biossido di azoto (NO2);23;microgrammi / metro cubo;76.0;V;
08/04/2015;15:00;13;001272;805;Torino - Rebaudengo;04;Biossido di azoto (NO2);23;microgrammi / metro cubo;66.0;V;
08/04/2015;16:00;13;001272;805;Torino - Rebaudengo;04;Biossido di azoto (NO2);23;microgrammi / metro cubo;67.0;V;
08/04/2015;17:00;13;001272;805;Torino - Rebaudengo;04;Biossido di azoto (NO2);23;microgrammi / metro cubo;87.0;V;
08/04/2015;18:00;13;001272;805;Torino - Rebaudengo;04;Biossido di azoto (NO2);23;microgrammi / metro cubo;92.0;V;
08/04/2015;19:00;13;001272;805;Torino - Rebaudengo;04;Biossido di azoto (NO2);23;microgrammi / metro cubo;112.0;V;
08/04/2015;20:00;13;001272;805;Torino - Rebaudengo;04;Biossido di azoto (NO2);23;microgrammi / metro cubo;152.0;V;
08/04/2015;21:00;13;001272;805;Torino - Rebaudengo;04;Biossido di azoto (NO2);23;microgrammi / metro cubo;138.0;V;
08/04/2015;22:00;13;001272;805;Torino - Rebaudengo;04;Biossido di azoto (NO2);23;microgrammi / metro cubo;109.0;V;
08/04/2015;23:00;13;001272;805;Torino - Rebaudengo;04;Biossido di azoto (NO2);23;microgrammi / metro cubo;88.0;V;
08/04/2015;23:59;13;001272;805;Torino - Rebaudengo;04;Biossido di azoto (NO2);23;microgrammi / metro cubo;73.0;V;
09/04/2015;01:00;13;001272;805;Torino - Rebaudengo;04;Biossido di azoto (NO2);23;microgrammi / metro cubo;74.0;V;
09/04/2015;02:00;13;001272;805;Torino - Rebaudengo;04;Biossido di azoto (NO2);23;microgrammi / metro cubo;75.0;V;
09/04/2015;03:00;13;001272;805;Torino - Rebaudengo;04;Biossido di azoto (NO2);23;microgrammi / metro cubo;62.0;V;
09/04/2015;04:00;13;001272;805;Torino - Rebaudengo;04;Biossido di azoto (NO2);23;microgrammi / metro cubo;59.0;V;
09/04/2015;05:00;13;001272;805;Torino - Rebaudengo;04;Biossido di azoto (NO2);23;microgrammi / metro cubo;69.0;V;
09/04/2015;06:00;13;001272;805;Torino - Rebaudengo;04;Biossido di azoto (NO2);23;microgrammi / metro cubo;76.0;V;
09/04/2015;07:00;13;001272;805;Torino - Rebaudengo;04;Biossido di azoto (NO2);23;microgrammi / metro cubo;95.0;V;
09/04/2015;08:00;13;001272;805;Torino - Rebaudengo;04;Biossido di azoto (NO2);23;microgrammi / metro cubo;119.0;V;
09/04/2015;09:00;13;001272;805;Torino - Rebaudengo;04;Biossido di azoto (NO2);23;microgrammi / metro cubo;120.0;V;
09/04/2015;10:00;13;001272;805;Torino - Rebaudengo;04;Biossido di azoto (NO2);23;microgrammi / metro cubo;101.0;V;
09/04/2015;11:00;13;001272;805;Torino - Rebaudengo;04;Biossido di azoto (NO2);23;microgrammi / metro cubo;77.0;V;
09/04/2015;12:00;13;001272;805;Torino - Rebaudengo;04;Biossido di azoto (NO2);23;microgrammi / metro cubo;61.0;V;
09/04/2015;13:00;13;001272;805;Torino - Rebaudengo;04;Biossido di azoto (NO2);23;microgrammi / metro cubo;56.0;V;
09/04/2015;14:00;13;001272;805;Torino - Rebaudengo;04;Biossido di azoto (NO2);23;microgrammi / metro cubo;52.0;V;
09/04/2015;15:00;13;001272;805;Torino - Rebaudengo;04;Biossido di azoto (NO2);23;microgrammi / metro cubo;54.0;V;
09/04/2015;16:00;13;001272;805;Torino - Rebaudengo;04;Biossido di azoto (NO2);23;microgrammi / metro cubo;56.0;V;
09/04/2015;17:00;13;001272;805;Torino - Rebaudengo;04;Biossido di azoto (NO2);23;microgrammi / metro cubo;65.0;V;
09/04/2015;18:00;13;001272;805;Torino - Rebaudengo;04;Biossido di azoto (NO2);23;microgrammi / metro cubo;63.0;V;
09/04/2015;19:00;13;001272;805;Torino - Rebaudengo;04;Biossido di azoto (NO2);23;microgrammi / metro cubo;85.0;V;
09/04/2015;20:00;13;001272;805;Torino - Rebaudengo;04;Biossido di azoto (NO2);23;microgrammi / metro cubo;125.0;V;
09/04/2015;21:00;13;001272;805;Torino - Rebaudengo;04;Biossido di azoto (NO2);23;microgrammi / metro cubo;147.0;V;
09/04/2015;22:00;13;001272;805;Torino - Rebaudengo;04;Biossido di azoto (NO2);23;microgrammi / metro cubo;121.0;V;
09/04/2015;23:00;13;001272;805;Torino - Rebaudengo;04;Biossido di azoto (NO2);23;microgrammi / metro cubo;98.0;V;
09/04/2015;23:59;13;001272;805;Torino - Rebaudengo;04;Biossido di azoto (NO2);23;microgrammi / metro cubo;86.0;V;
10/04/2015;01:00;13;001272;805;Torino - Rebaudengo;04;Biossido di azoto (NO2);23;microgrammi / metro cubo;79.0;V;
10/04/2015;02:00;13;001272;805;Torino - Rebaudengo;04;Biossido di azoto (NO2);23;microgrammi / metro cubo;64.0;V;
10/04/2015;03:00;13;001272;805;Torino - Rebaudengo;04;Biossido di azoto (NO2);23;microgrammi / metro cubo;59.0;V;
10/04/2015;04:00;13;001272;805;Torino - Rebaudengo;04;Biossido di azoto (NO2);23;microgrammi / metro cubo;51.0;V;
10/04/2015;05:00;13;001272;805;Torino - Rebaudengo;04;Biossido di azoto (NO2);23;microgrammi / metro cubo;77.0;V;
10/04/2015;06:00;13;001272;805;Torino - Rebaudengo;04;Biossido di azoto (NO2);23;microgrammi / metro cubo;85.0;V;
10/04/2015;07:00;13;001272;805;Torino - Rebaudengo;04;Biossido di azoto (NO2);23;microgrammi / metro cubo;93.0;V;
10/04/2015;08:00;13;001272;805;Torino - Rebaudengo;04;Biossido di azoto (NO2);23;microgrammi / metro cubo;120.0;V;
10/04/2015;09:00;13;001272;805;Torino - Rebaudengo;04;Biossido di azoto (NO2);23;microgrammi / metro cubo;118.0;V;
10/04/2015;10:00;13;001272;805;Torino - Rebaudengo;04;Biossido di azoto (NO2);23;microgrammi / metro cubo;80.0;V;
10/04/2015;11:00;13;001272;805;Torino - Rebaudengo;04;Biossido di azoto (NO2);23;microgrammi / metro cubo;82.0;V;
10/04/2015;12:00;13;001272;805;Torino - Rebaudengo;04;Biossido di azoto (NO2);23;microgrammi / metro cubo;65.0;V;
10/04/2015;13:00;13;001272;805;Torino - Rebaudengo;04;Biossido di azoto (NO2);23;microgrammi / metro cubo;59.0;V;
10/04/2015;14:00;13;001272;805;Torino - Rebaudengo;04;Biossido di azoto (NO2);23;microgrammi / metro cubo;53.0;V;
10/04/2015;15:00;13;001272;805;Torino - Rebaudengo;04;Biossido di azoto (NO2);23;microgrammi / metro cubo;55.0;V;
10/04/2015;16:00;13;001272;805;Torino - Rebaudengo;04;Biossido di azoto (NO2);23;microgrammi / metro cubo;61.0;V;
10/04/2015;17:00;13;001272;805;Torino - Rebaudengo;04;Biossido di azoto (NO2);23;microgrammi / metro cubo;68.0;V;
10/04/2015;18:00;13;001272;805;Torino - Rebaudengo;04;Biossido di azoto (NO2);23;microgrammi / metro cubo;69.0;V;
10/04/2015;19:00;13;001272;805;Torino - Rebaudengo;04;Biossido di azoto (NO2);23;microgrammi / metro cubo;79.0;V;
10/04/2015;20:00;13;001272;805;Torino - Rebaudengo;04;Biossido di azoto (NO2);23;microgrammi / metro cubo;83.0;V;
10/04/2015;21:00;13;001272;805;Torino - Rebaudengo;04;Biossido di azoto (NO2);23;microgrammi / metro cubo;84.0;V;
10/04/2015;22:00;13;001272;805;Torino - Rebaudengo;04;Biossido di azoto (NO2);23;microgrammi / metro cubo;91.0;V;
10/04/2015;23:00;13;001272;805;Torino - Rebaudengo;04;Biossido di azoto (NO2);23;microgrammi / metro cubo;95.0;V;
10/04/2015;23:59;13;001272;805;Torino - Rebaudengo;04;Biossido di azoto (NO2);23;microgrammi / metro cubo;65.0;V;
11/04/2015;01:00;13;001272;805;Torino - Rebaudengo;04;Biossido di azoto (NO2);23;microgrammi / metro cubo;54.0;V;
11/04/2015;02:00;13;001272;805;Torino - Rebaudengo;04;Biossido di azoto (NO2);23;microgrammi / metro cubo;48.0;V;
11/04/2015;03:00;13;001272;805;Torino - Rebaudengo;04;Biossido di azoto (NO2);23;microgrammi / metro cubo;52.0;V;
11/04/2015;04:00;13;001272;805;Torino - Rebaudengo;04;Biossido di azoto (NO2);23;microgrammi / metro cubo;67.0;V;
11/04/2015;05:00;13;001272;805;Torino - Rebaudengo;04;Biossido di azoto (NO2);23;microgrammi / metro cubo;83.0;V;
11/04/2015;06:00;13;001272;805;Torino - Rebaudengo;04;Biossido di azoto (NO2);23;microgrammi / metro cubo;91.0;V;
11/04/2015;07:00;13;001272;805;Torino - Rebaudengo;04;Biossido di azoto (NO2);23;microgrammi / metro cubo;104.0;V;
11/04/2015;08:00;13;001272;805;Torino - Rebaudengo;04;Biossido di azoto (NO2);23;microgrammi / metro cubo;94.0;V;
11/04/2015;09:00;13;001272;805;Torino - Rebaudengo;04;Biossido di azoto (NO2);23;microgrammi / metro cubo;85.0;V;
11/04/2015;10:00;13;001272;805;Torino - Rebaudengo;04;Biossido di azoto (NO2);23;microgrammi / metro cubo;69.0;V;
11/04/2015;11:00;13;001272;805;Torino - Rebaudengo;04;Biossido di azoto (NO2);23;microgrammi / metro cubo;53.0;V;
11/04/2015;12:00;13;001272;805;Torino - Rebaudengo;04;Biossido di azoto (NO2);23;microgrammi / metro cubo;44.0;V;
11/04/2015;13:00;13;001272;805;Torino - Rebaudengo;04;Biossido di azoto (NO2);23;microgrammi / metro cubo;50.0;V;
11/04/2015;14:00;13;001272;805;Torino - Rebaudengo;04;Biossido di azoto (NO2);23;microgrammi / metro cubo;43.0;V;
11/04/2015;15:00;13;001272;805;Torino - Rebaudengo;04;Biossido di azoto (NO2);23;microgrammi / metro cubo;64.0;V;
11/04/2015;16:00;13;001272;805;Torino - Rebaudengo;04;Biossido di azoto (NO2);23;microgrammi / metro cubo;65.0;V;
11/04/2015;17:00;13;001272;805;Torino - Rebaudengo;04;Biossido di azoto (NO2);23;microgrammi / metro cubo;54.0;V;
11/04/2015;18:00;13;001272;805;Torino - Rebaudengo;04;Biossido di azoto (NO2);23;microgrammi / metro cubo;63.0;V;
11/04/2015;19:00;13;001272;805;Torino - Rebaudengo;04;Biossido di azoto (NO2);23;microgrammi / metro cubo;81.0;V;
11/04/2015;20:00;13;001272;805;Torino - Rebaudengo;04;Biossido di azoto (NO2);23;microgrammi / metro cubo;77.0;V;
11/04/2015;21:00;13;001272;805;Torino - Rebaudengo;04;Biossido di azoto (NO2);23;microgrammi / metro cubo;89.0;V;
11/04/2015;22:00;13;001272;805;Torino - Rebaudengo;04;Biossido di azoto (NO2);23;microgrammi / metro cubo;78.0;V;
11/04/2015;23:00;13;001272;805;Torino - Rebaudengo;04;Biossido di azoto (NO2);23;microgrammi / metro cubo;63.0;V;
11/04/2015;23:59;13;001272;805;Torino - Rebaudengo;04;Biossido di azoto (NO2);23;microgrammi / metro cubo;73.0;V;
12/04/2015;01:00;13;001272;805;Torino - Rebaudengo;04;Biossido di azoto (NO2);23;microgrammi / metro cubo;83.0;V;
12/04/2015;02:00;13;001272;805;Torino - Rebaudengo;04;Biossido di azoto (NO2);23;microgrammi / metro cubo;72.0;V;
12/04/2015;03:00;13;001272;805;Torino - Rebaudengo;04;Biossido di azoto (NO2);23;microgrammi / metro cubo;74.0;V;
12/04/2015;04:00;13;001272;805;Torino - Rebaudengo;04;Biossido di azoto (NO2);23;microgrammi / metro cubo;68.0;V;
12/04/2015;05:00;13;001272;805;Torino - Rebaudengo;04;Biossido di azoto (NO2);23;microgrammi / metro cubo;57.0;V;
12/04/2015;06:00;13;001272;805;Torino - Rebaudengo;04;Biossido di azoto (NO2);23;microgrammi / metro cubo;60.0;V;
12/04/2015;07:00;13;001272;805;Torino - Rebaudengo;04;Biossido di azoto (NO2);23;microgrammi / metro cubo;68.0;V;
12/04/2015;08:00;13;001272;805;Torino - Rebaudengo;04;Biossido di azoto (NO2);23;microgrammi / metro cubo;70.0;V;
12/04/2015;09:00;13;001272;805;Torino - Rebaudengo;04;Biossido di azoto (NO2);23;microgrammi / metro cubo;77.0;V;
12/04/2015;10:00;13;001272;805;Torino - Rebaudengo;04;Biossido di azoto (NO2);23;microgrammi / metro cubo;61.0;V;
12/04/2015;11:00;13;001272;805;Torino - Rebaudengo;04;Biossido di azoto (NO2);23;microgrammi / metro cubo;44.0;V;
12/04/2015;12:00;13;001272;805;Torino - Rebaudengo;04;Biossido di azoto (NO2);23;microgrammi / metro cubo;39.0;V;
12/04/2015;13:00;13;001272;805;Torino - Rebaudengo;04;Biossido di azoto (NO2);23;microgrammi / metro cubo;34.0;V;
12/04/2015;14:00;13;001272;805;Torino - Rebaudengo;04;Biossido di azoto (NO2);23;microgrammi / metro cubo;32.0;V;
12/04/2015;15:00;13;001272;805;Torino - Rebaudengo;04;Biossido di azoto (NO2);23;microgrammi / metro cubo;34.0;V;
12/04/2015;16:00;13;001272;805;Torino - Rebaudengo;04;Biossido di azoto (NO2);23;microgrammi / metro cubo;26.0;V;
12/04/2015;17:00;13;001272;805;Torino - Rebaudengo;04;Biossido di azoto (NO2);23;microgrammi / metro cubo;32.0;V;
12/04/2015;18:00;13;001272;805;Torino - Rebaudengo;04;Biossido di azoto (NO2);23;microgrammi / metro cubo;57.0;V;
12/04/2015;19:00;13;001272;805;Torino - Rebaudengo;04;Biossido di azoto (NO2);23;microgrammi / metro cubo;62.0;V;
12/04/2015;20:00;13;001272;805;Torino - Rebaudengo;04;Biossido di azoto (NO2);23;microgrammi / metro cubo;92.0;V;
12/04/2015;21:00;13;001272;805;Torino - Rebaudengo;04;Biossido di azoto (NO2);23;microgrammi / metro cubo;124.0;V;
12/04/2015;22:00;13;001272;805;Torino - Rebaudengo;04;Biossido di azoto (NO2);23;microgrammi / metro cubo;89.0;V;
12/04/2015;23:00;13;001272;805;Torino - Rebaudengo;04;Biossido di azoto (NO2);23;microgrammi / metro cubo;67.0;V;
12/04/2015;23:59;13;001272;805;Torino - Rebaudengo;04;Biossido di azoto (NO2);23;microgrammi / metro cubo;82.0;V;
13/04/2015;01:00;13;001272;805;Torino - Rebaudengo;04;Biossido di azoto (NO2);23;microgrammi / metro cubo;84.0;V;
13/04/2015;02:00;13;001272;805;Torino - Rebaudengo;04;Biossido di azoto (NO2);23;microgrammi / metro cubo;71.0;V;
13/04/2015;03:00;13;001272;805;Torino - Rebaudengo;04;Biossido di azoto (NO2);23;microgrammi / metro cubo;64.0;V;
13/04/2015;04:00;13;001272;805;Torino - Rebaudengo;04;Biossido di azoto (NO2);23;microgrammi / metro cubo;67.0;V;
13/04/2015;05:00;13;001272;805;Torino - Rebaudengo;04;Biossido di azoto (NO2);23;microgrammi / metro cubo;74.0;V;
13/04/2015;06:00;13;001272;805;Torino - Rebaudengo;04;Biossido di azoto (NO2);23;microgrammi / metro cubo;82.0;V;
13/04/2015;07:00;13;001272;805;Torino - Rebaudengo;04;Biossido di azoto (NO2);23;microgrammi / metro cubo;92.0;V;
13/04/2015;08:00;13;001272;805;Torino - Rebaudengo;04;Biossido di azoto (NO2);23;microgrammi / metro cubo;107.0;V;
13/04/2015;09:00;13;001272;805;Torino - Rebaudengo;04;Biossido di azoto (NO2);23;microgrammi / metro cubo;114.0;V;
13/04/2015;10:00;13;001272;805;Torino - Rebaudengo;04;Biossido di azoto (NO2);23;microgrammi / metro cubo;93.0;V;
13/04/2015;11:00;13;001272;805;Torino - Rebaudengo;04;Biossido di azoto (NO2);23;microgrammi / metro cubo;113.0;V;
13/04/2015;12:00;13;001272;805;Torino - Rebaudengo;04;Biossido di azoto (NO2);23;microgrammi / metro cubo;73.0;V;
13/04/2015;13:00;13;001272;805;Torino - Rebaudengo;04;Biossido di azoto (NO2);23;microgrammi / metro cubo;70.0;V;
13/04/2015;14:00;13;001272;805;Torino - Rebaudengo;04;Biossido di azoto (NO2);23;microgrammi / metro cubo;56.0;V;
13/04/2015;15:00;13;001272;805;Torino - Rebaudengo;04;Biossido di azoto (NO2);23;microgrammi / metro cubo;64.0;V;
13/04/2015;16:00;13;001272;805;Torino - Rebaudengo;04;Biossido di azoto (NO2);23;microgrammi / metro cubo;70.0;V;
13/04/2015;17:00;13;001272;805;Torino - Rebaudengo;04;Biossido di azoto (NO2);23;microgrammi / metro cubo;76.0;V;
13/04/2015;18:00;13;001272;805;Torino - Rebaudengo;04;Biossido di azoto (NO2);23;microgrammi / metro cubo;73.0;V;
13/04/2015;19:00;13;001272;805;Torino - Rebaudengo;04;Biossido di azoto (NO2);23;microgrammi / metro cubo;125.0;V;
13/04/2015;20:00;13;001272;805;Torino - Rebaudengo;04;Biossido di azoto (NO2);23;microgrammi / metro cubo;146.0;V;
13/04/2015;21:00;13;001272;805;Torino - Rebaudengo;04;Biossido di azoto (NO2);23;microgrammi / metro cubo;142.0;V;
13/04/2015;22:00;13;001272;805;Torino - Rebaudengo;04;Biossido di azoto (NO2);23;microgrammi / metro cubo;103.0;V;
13/04/2015;23:00;13;001272;805;Torino - Rebaudengo;04;Biossido di azoto (NO2);23;microgrammi / metro cubo;72.0;V;
13/04/2015;23:59;13;001272;805;Torino - Rebaudengo;04;Biossido di azoto (NO2);23;microgrammi / metro cubo;88.0;V;
14/04/2015;01:00;13;001272;805;Torino - Rebaudengo;04;Biossido di azoto (NO2);23;microgrammi / metro cubo;79.0;V;
14/04/2015;02:00;13;001272;805;Torino - Rebaudengo;04;Biossido di azoto (NO2);23;microgrammi / metro cubo;76.0;V;
14/04/2015;03:00;13;001272;805;Torino - Rebaudengo;04;Biossido di azoto (NO2);23;microgrammi / metro cubo;51.0;V;
14/04/2015;04:00;13;001272;805;Torino - Rebaudengo;04;Biossido di azoto (NO2);23;microgrammi / metro cubo;61.0;V;
14/04/2015;05:00;13;001272;805;Torino - Rebaudengo;04;Biossido di azoto (NO2);23;microgrammi / metro cubo;81.0;V;
14/04/2015;06:00;13;001272;805;Torino - Rebaudengo;04;Biossido di azoto (NO2);23;microgrammi / metro cubo;86.0;V;
14/04/2015;07:00;13;001272;805;Torino - Rebaudengo;04;Biossido di azoto (NO2);23;microgrammi / metro cubo;93.0;V;
14/04/2015;08:00;13;001272;805;Torino - Rebaudengo;04;Biossido di azoto (NO2);23;microgrammi / metro cubo;124.0;V;
14/04/2015;09:00;13;001272;805;Torino - Rebaudengo;04;Biossido di azoto (NO2);23;microgrammi / metro cubo;116.0;V;
14/04/2015;10:00;13;001272;805;Torino - Rebaudengo;04;Biossido di azoto (NO2);23;microgrammi / metro cubo;91.0;V;
14/04/2015;11:00;13;001272;805;Torino - Rebaudengo;04;Biossido di azoto (NO2);23;microgrammi / metro cubo;64.0;V;
14/04/2015;12:00;13;001272;805;Torino - Rebaudengo;04;Biossido di azoto (NO2);23;microgrammi / metro cubo;53.0;V;
14/04/2015;13:00;13;001272;805;Torino - Rebaudengo;04;Biossido di azoto (NO2);23;microgrammi / metro cubo;56.0;V;
14/04/2015;14:00;13;001272;805;Torino - Rebaudengo;04;Biossido di azoto (NO2);23;microgrammi / metro cubo;55.0;V;
14/04/2015;15:00;13;001272;805;Torino - Rebaudengo;04;Biossido di azoto (NO2);23;microgrammi / metro cubo;51.0;V;
14/04/2015;16:00;13;001272;805;Torino - Rebaudengo;04;Biossido di azoto (NO2);23;microgrammi / metro cubo;53.0;V;
14/04/2015;17:00;13;001272;805;Torino - Rebaudengo;04;Biossido di azoto (NO2);23;microgrammi / metro cubo;73.0;V;
14/04/2015;18:00;13;001272;805;Torino - Rebaudengo;04;Biossido di azoto (NO2);23;microgrammi / metro cubo;87.0;V;
14/04/2015;19:00;13;001272;805;Torino - Rebaudengo;04;Biossido di azoto (NO2);23;microgrammi / metro cubo;105.0;V;
14/04/2015;20:00;13;001272;805;Torino - Rebaudengo;04;Biossido di azoto (NO2);23;microgrammi / metro cubo;140.0;V;
14/04/2015;21:00;13;001272;805;Torino - Rebaudengo;04;Biossido di azoto (NO2);23;microgrammi / metro cubo;130.0;V;
14/04/2015;22:00;13;001272;805;Torino - Rebaudengo;04;Biossido di azoto (NO2);23;microgrammi / metro cubo;102.0;V;
14/04/2015;23:00;13;001272;805;Torino - Rebaudengo;04;Biossido di azoto (NO2);23;microgrammi / metro cubo;109.0;V;
14/04/2015;23:59;13;001272;805;Torino - Rebaudengo;04;Biossido di azoto (NO2);23;microgrammi / metro cubo;122.0;V;
15/04/2015;01:00;13;001272;805;Torino - Rebaudengo;04;Biossido di azoto (NO2);23;microgrammi / metro cubo;108.0;V;
15/04/2015;02:00;13;001272;805;Torino - Rebaudengo;04;Biossido di azoto (NO2);23;microgrammi / metro cubo;90.0;V;
15/04/2015;03:00;13;001272;805;Torino - Rebaudengo;04;Biossido di azoto (NO2);23;microgrammi / metro cubo;72.0;V;
15/04/2015;04:00;13;001272;805;Torino - Rebaudengo;04;Biossido di azoto (NO2);23;microgrammi / metro cubo;71.0;V;
15/04/2015;05:00;13;001272;805;Torino - Rebaudengo;04;Biossido di azoto (NO2);23;microgrammi / metro cubo;79.0;V;
15/04/2015;06:00;13;001272;805;Torino - Rebaudengo;04;Biossido di azoto (NO2);23;microgrammi / metro cubo;82.0;V;
15/04/2015;07:00;13;001272;805;Torino - Rebaudengo;04;Biossido di azoto (NO2);23;microgrammi / metro cubo;94.0;V;
15/04/2015;08:00;13;001272;805;Torino - Rebaudengo;04;Biossido di azoto (NO2);23;microgrammi / metro cubo;109.0;V;
15/04/2015;09:00;13;001272;805;Torino - Rebaudengo;04;Biossido di azoto (NO2);23;microgrammi / metro cubo;94.0;V;
15/04/2015;10:00;13;001272;805;Torino - Rebaudengo;04;Biossido di azoto (NO2);23;microgrammi / metro cubo;63.0;V;
15/04/2015;11:00;13;001272;805;Torino - Rebaudengo;04;Biossido di azoto (NO2);23;microgrammi / metro cubo;63.0;V;
15/04/2015;12:00;13;001272;805;Torino - Rebaudengo;04;Biossido di azoto (NO2);23;microgrammi / metro cubo;52.0;V;
15/04/2015;13:00;13;001272;805;Torino - Rebaudengo;04;Biossido di azoto (NO2);23;microgrammi / metro cubo;47.0;V;
15/04/2015;14:00;13;001272;805;Torino - Rebaudengo;04;Biossido di azoto (NO2);23;microgrammi / metro cubo;58.0;V;
15/04/2015;15:00;13;001272;805;Torino - Rebaudengo;04;Biossido di azoto (NO2);23;microgrammi / metro cubo;53.0;V;
15/04/2015;16:00;13;001272;805;Torino - Rebaudengo;04;Biossido di azoto (NO2);23;microgrammi / metro cubo;54.0;V;
15/04/2015;17:00;13;001272;805;Torino - Rebaudengo;04;Biossido di azoto (NO2);23;microgrammi / metro cubo;68.0;V;
15/04/2015;18:00;13;001272;805;Torino - Rebaudengo;04;Biossido di azoto (NO2);23;microgrammi / metro cubo;64.0;V;
15/04/2015;19:00;13;001272;805;Torino - Rebaudengo;04;Biossido di azoto (NO2);23;microgrammi / metro cubo;77.0;V;
15/04/2015;20:00;13;001272;805;Torino - Rebaudengo;04;Biossido di azoto (NO2);23;microgrammi / metro cubo;118.0;V;
15/04/2015;21:00;13;001272;805;Torino - Rebaudengo;04;Biossido di azoto (NO2);23;microgrammi / metro cubo;145.0;V;
15/04/2015;22:00;13;001272;805;Torino - Rebaudengo;04;Biossido di azoto (NO2);23;microgrammi / metro cubo;82.0;V;
15/04/2015;23:00;13;001272;805;Torino - Rebaudengo;04;Biossido di azoto (NO2);23;microgrammi / metro cubo;79.0;V;
15/04/2015;23:59;13;001272;805;Torino - Rebaudengo;04;Biossido di azoto (NO2);23;microgrammi / metro cubo;63.0;V;
16/04/2015;01:00;13;001272;805;Torino - Rebaudengo;04;Biossido di azoto (NO2);23;microgrammi / metro cubo;83.0;V;
16/04/2015;02:00;13;001272;805;Torino - Rebaudengo;04;Biossido di azoto (NO2);23;microgrammi / metro cubo;83.0;V;
16/04/2015;03:00;13;001272;805;Torino - Rebaudengo;04;Biossido di azoto (NO2);23;microgrammi / metro cubo;67.0;V;
16/04/2015;04:00;13;001272;805;Torino - Rebaudengo;04;Biossido di azoto (NO2);23;microgrammi / metro cubo;64.0;V;
16/04/2015;05:00;13;001272;805;Torino - Rebaudengo;04;Biossido di azoto (NO2);23;microgrammi / metro cubo;77.0;V;
16/04/2015;06:00;13;001272;805;Torino - Rebaudengo;04;Biossido di azoto (NO2);23;microgrammi / metro cubo;85.0;V;
16/04/2015;07:00;13;001272;805;Torino - Rebaudengo;04;Biossido di azoto (NO2);23;microgrammi / metro cubo;101.0;V;
16/04/2015;08:00;13;001272;805;Torino - Rebaudengo;04;Biossido di azoto (NO2);23;microgrammi / metro cubo;119.0;V;
16/04/2015;09:00;13;001272;805;Torino - Rebaudengo;04;Biossido di azoto (NO2);23;microgrammi / metro cubo;127.0;V;
16/04/2015;10:00;13;001272;805;Torino - Rebaudengo;04;Biossido di azoto (NO2);23;microgrammi / metro cubo;117.0;V;
16/04/2015;11:00;13;001272;805;Torino - Rebaudengo;04;Biossido di azoto (NO2);23;microgrammi / metro cubo;90.0;V;
16/04/2015;12:00;13;001272;805;Torino - Rebaudengo;04;Biossido di azoto (NO2);23;microgrammi / metro cubo;99.0;V;
16/04/2015;13:00;13;001272;805;Torino - Rebaudengo;04;Biossido di azoto (NO2);23;microgrammi / metro cubo;90.0;V;
16/04/2015;14:00;13;001272;805;Torino - Rebaudengo;04;Biossido di azoto (NO2);23;microgrammi / metro cubo;75.0;V;
16/04/2015;15:00;13;001272;805;Torino - Rebaudengo;04;Biossido di azoto (NO2);23;microgrammi / metro cubo;73.0;V;
16/04/2015;16:00;13;001272;805;Torino - Rebaudengo;04;Biossido di azoto (NO2);23;microgrammi / metro cubo;96.0;V;
16/04/2015;17:00;13;001272;805;Torino - Rebaudengo;04;Biossido di azoto (NO2);23;microgrammi / metro cubo;64.0;V;
16/04/2015;18:00;13;001272;805;Torino - Rebaudengo;04;Biossido di azoto (NO2);23;microgrammi / metro cubo;65.0;V;
16/04/2015;19:00;13;001272;805;Torino - Rebaudengo;04;Biossido di azoto (NO2);23;microgrammi / metro cubo;73.0;V;
16/04/2015;20:00;13;001272;805;Torino - Rebaudengo;04;Biossido di azoto (NO2);23;microgrammi / metro cubo;84.0;V;
16/04/2015;21:00;13;001272;805;Torino - Rebaudengo;04;Biossido di azoto (NO2);23;microgrammi / metro cubo;95.0;V;
16/04/2015;22:00;13;001272;805;Torino - Rebaudengo;04;Biossido di azoto (NO2);23;microgrammi / metro cubo;87.0;V;
16/04/2015;23:00;13;001272;805;Torino - Rebaudengo;04;Biossido di azoto (NO2);23;microgrammi / metro cubo;96.0;V;
16/04/2015;23:59;13;001272;805;Torino - Rebaudengo;04;Biossido di azoto (NO2);23;microgrammi / metro cubo;81.0;V;
17/04/2015;01:00;13;001272;805;Torino - Rebaudengo;04;Biossido di azoto (NO2);23;microgrammi / metro cubo;63.0;V;
17/04/2015;02:00;13;001272;805;Torino - Rebaudengo;04;Biossido di azoto (NO2);23;microgrammi / metro cubo;45.0;V;
17/04/2015;03:00;13;001272;805;Torino - Rebaudengo;04;Biossido di azoto (NO2);23;microgrammi / metro cubo;53.0;V;
17/04/2015;04:00;13;001272;805;Torino - Rebaudengo;04;Biossido di azoto (NO2);23;microgrammi / metro cubo;58.0;V;
17/04/2015;05:00;13;001272;805;Torino - Rebaudengo;04;Biossido di azoto (NO2);23;microgrammi / metro cubo;56.0;V;
17/04/2015;06:00;13;001272;805;Torino - Rebaudengo;04;Biossido di azoto (NO2);23;microgrammi / metro cubo;71.0;V;
17/04/2015;07:00;13;001272;805;Torino - Rebaudengo;04;Biossido di azoto (NO2);23;microgrammi / metro cubo;91.0;V;
17/04/2015;08:00;13;001272;805;Torino - Rebaudengo;04;Biossido di azoto (NO2);23;microgrammi / metro cubo;84.0;V;
17/04/2015;09:00;13;001272;805;Torino - Rebaudengo;04;Biossido di azoto (NO2);23;microgrammi / metro cubo;74.0;V;
17/04/2015;10:00;13;001272;805;Torino - Rebaudengo;04;Biossido di azoto (NO2);23;microgrammi / metro cubo;77.0;V;
17/04/2015;11:00;13;001272;805;Torino - Rebaudengo;04;Biossido di azoto (NO2);23;microgrammi / metro cubo;63.0;V;
17/04/2015;12:00;13;001272;805;Torino - Rebaudengo;04;Biossido di azoto (NO2);23;microgrammi / metro cubo;52.0;V;
17/04/2015;13:00;13;001272;805;Torino - Rebaudengo;04;Biossido di azoto (NO2);23;microgrammi / metro cubo;54.0;V;
17/04/2015;14:00;13;001272;805;Torino - Rebaudengo;04;Biossido di azoto (NO2);23;microgrammi / metro cubo;76.0;V;
17/04/2015;15:00;13;001272;805;Torino - Rebaudengo;04;Biossido di azoto (NO2);23;microgrammi / metro cubo;68.0;V;
17/04/2015;16:00;13;001272;805;Torino - Rebaudengo;04;Biossido di azoto (NO2);23;microgrammi / metro cubo;53.0;V;
17/04/2015;17:00;13;001272;805;Torino - Rebaudengo;04;Biossido di azoto (NO2);23;microgrammi / metro cubo;63.0;V;
17/04/2015;18:00;13;001272;805;Torino - Rebaudengo;04;Biossido di azoto (NO2);23;microgrammi / metro cubo;62.0;V;
17/04/2015;19:00;13;001272;805;Torino - Rebaudengo;04;Biossido di azoto (NO2);23;microgrammi / metro cubo;80.0;V;
17/04/2015;20:00;13;001272;805;Torino - Rebaudengo;04;Biossido di azoto (NO2);23;microgrammi / metro cubo;80.0;V;
17/04/2015;21:00;13;001272;805;Torino - Rebaudengo;04;Biossido di azoto (NO2);23;microgrammi / metro cubo;69.0;V;
17/04/2015;22:00;13;001272;805;Torino - Rebaudengo;04;Biossido di azoto (NO2);23;microgrammi / metro cubo;74.0;V;
17/04/2015;23:00;13;001272;805;Torino - Rebaudengo;04;Biossido di azoto (NO2);23;microgrammi / metro cubo;75.0;V;
17/04/2015;23:59;13;001272;805;Torino - Rebaudengo;04;Biossido di azoto (NO2);23;microgrammi / metro cubo;82.0;V;
18/04/2015;01:00;13;001272;805;Torino - Rebaudengo;04;Biossido di azoto (NO2);23;microgrammi / metro cubo;80.0;V;
18/04/2015;02:00;13;001272;805;Torino - Rebaudengo;04;Biossido di azoto (NO2);23;microgrammi / metro cubo;61.0;V;
18/04/2015;03:00;13;001272;805;Torino - Rebaudengo;04;Biossido di azoto (NO2);23;microgrammi / metro cubo;50.0;V;
18/04/2015;04:00;13;001272;805;Torino - Rebaudengo;04;Biossido di azoto (NO2);23;microgrammi / metro cubo;53.0;V;
18/04/2015;05:00;13;001272;805;Torino - Rebaudengo;04;Biossido di azoto (NO2);23;microgrammi / metro cubo;57.0;V;
18/04/2015;06:00;13;001272;805;Torino - Rebaudengo;04;Biossido di azoto (NO2);23;microgrammi / metro cubo;54.0;V;
18/04/2015;07:00;13;001272;805;Torino - Rebaudengo;04;Biossido di azoto (NO2);23;microgrammi / metro cubo;54.0;V;
18/04/2015;08:00;13;001272;805;Torino - Rebaudengo;04;Biossido di azoto (NO2);23;microgrammi / metro cubo;64.0;V;
18/04/2015;09:00;13;001272;805;Torino - Rebaudengo;04;Biossido di azoto (NO2);23;microgrammi / metro cubo;71.0;V;
18/04/2015;10:00;13;001272;805;Torino - Rebaudengo;04;Biossido di azoto (NO2);23;microgrammi / metro cubo;77.0;V;
18/04/2015;11:00;13;001272;805;Torino - Rebaudengo;04;Biossido di azoto (NO2);23;microgrammi / metro cubo;53.0;V;
18/04/2015;12:00;13;001272;805;Torino - Rebaudengo;04;Biossido di azoto (NO2);23;microgrammi / metro cubo;59.0;V;
18/04/2015;13:00;13;001272;805;Torino - Rebaudengo;04;Biossido di azoto (NO2);23;microgrammi / metro cubo;54.0;V;
18/04/2015;14:00;13;001272;805;Torino - Rebaudengo;04;Biossido di azoto (NO2);23;microgrammi / metro cubo;44.0;V;
18/04/2015;15:00;13;001272;805;Torino - Rebaudengo;04;Biossido di azoto (NO2);23;microgrammi / metro cubo;44.0;V;
18/04/2015;16:00;13;001272;805;Torino - Rebaudengo;04;Biossido di azoto (NO2);23;microgrammi / metro cubo;38.0;V;
18/04/2015;17:00;13;001272;805;Torino - Rebaudengo;04;Biossido di azoto (NO2);23;microgrammi / metro cubo;45.0;V;
18/04/2015;18:00;13;001272;805;Torino - Rebaudengo;04;Biossido di azoto (NO2);23;microgrammi / metro cubo;61.0;V;
18/04/2015;19:00;13;001272;805;Torino - Rebaudengo;04;Biossido di azoto (NO2);23;microgrammi / metro cubo;71.0;V;
18/04/2015;20:00;13;001272;805;Torino - Rebaudengo;04;Biossido di azoto (NO2);23;microgrammi / metro cubo;98.0;V;
18/04/2015;21:00;13;001272;805;Torino - Rebaudengo;04;Biossido di azoto (NO2);23;microgrammi / metro cubo;55.0;V;
18/04/2015;22:00;13;001272;805;Torino - Rebaudengo;04;Biossido di azoto (NO2);23;microgrammi / metro cubo;23.0;V;
18/04/2015;23:00;13;001272;805;Torino - Rebaudengo;04;Biossido di azoto (NO2);23;microgrammi / metro cubo;24.0;V;
18/04/2015;23:59;13;001272;805;Torino - Rebaudengo;04;Biossido di azoto (NO2);23;microgrammi / metro cubo;21.0;V;
19/04/2015;01:00;13;001272;805;Torino - Rebaudengo;04;Biossido di azoto (NO2);23;microgrammi / metro cubo;19.0;V;
19/04/2015;02:00;13;001272;805;Torino - Rebaudengo;04;Biossido di azoto (NO2);23;microgrammi / metro cubo;19.0;V;
19/04/2015;03:00;13;001272;805;Torino - Rebaudengo;04;Biossido di azoto (NO2);23;microgrammi / metro cubo;24.0;V;
19/04/2015;04:00;13;001272;805;Torino - Rebaudengo;04;Biossido di azoto (NO2);23;microgrammi / metro cubo;26.0;V;
19/04/2015;05:00;13;001272;805;Torino - Rebaudengo;04;Biossido di azoto (NO2);23;microgrammi / metro cubo;30.0;V;
19/04/2015;06:00;13;001272;805;Torino - Rebaudengo;04;Biossido di azoto (NO2);23;microgrammi / metro cubo;32.0;V;
19/04/2015;07:00;13;001272;805;Torino - Rebaudengo;04;Biossido di azoto (NO2);23;microgrammi / metro cubo;36.0;V;
19/04/2015;08:00;13;001272;805;Torino - Rebaudengo;04;Biossido di azoto (NO2);23;microgrammi / metro cubo;32.0;V;
19/04/2015;09:00;13;001272;805;Torino - Rebaudengo;04;Biossido di azoto (NO2);23;microgrammi / metro cubo;36.0;V;
19/04/2015;10:00;13;001272;805;Torino - Rebaudengo;04;Biossido di azoto (NO2);23;microgrammi / metro cubo;50.0;V;
19/04/2015;11:00;13;001272;805;Torino - Rebaudengo;04;Biossido di azoto (NO2);23;microgrammi / metro cubo;44.0;V;
19/04/2015;12:00;13;001272;805;Torino - Rebaudengo;04;Biossido di azoto (NO2);23;microgrammi / metro cubo;44.0;V;
19/04/2015;13:00;13;001272;805;Torino - Rebaudengo;04;Biossido di azoto (NO2);23;microgrammi / metro cubo;38.0;V;
19/04/2015;14:00;13;001272;805;Torino - Rebaudengo;04;Biossido di azoto (NO2);23;microgrammi / metro cubo;39.0;V;
19/04/2015;15:00;13;001272;805;Torino - Rebaudengo;04;Biossido di azoto (NO2);23;microgrammi / metro cubo;33.0;V;
19/04/2015;16:00;13;001272;805;Torino - Rebaudengo;04;Biossido di azoto (NO2);23;microgrammi / metro cubo;31.0;V;
19/04/2015;17:00;13;001272;805;Torino - Rebaudengo;04;Biossido di azoto (NO2);23;microgrammi / metro cubo;31.0;V;
19/04/2015;18:00;13;001272;805;Torino - Rebaudengo;04;Biossido di azoto (NO2);23;microgrammi / metro cubo;39.0;V;
19/04/2015;19:00;13;001272;805;Torino - Rebaudengo;04;Biossido di azoto (NO2);23;microgrammi / metro cubo;46.0;V;
19/04/2015;20:00;13;001272;805;Torino - Rebaudengo;04;Biossido di azoto (NO2);23;microgrammi / metro cubo;60.0;V;
19/04/2015;21:00;13;001272;805;Torino - Rebaudengo;04;Biossido di azoto (NO2);23;microgrammi / metro cubo;93.0;V;
19/04/2015;22:00;13;001272;805;Torino - Rebaudengo;04;Biossido di azoto (NO2);23;microgrammi / metro cubo;86.0;V;
19/04/2015;23:00;13;001272;805;Torino - Rebaudengo;04;Biossido di azoto (NO2);23;microgrammi / metro cubo;93.0;V;
19/04/2015;23:59;13;001272;805;Torino - Rebaudengo;04;Biossido di azoto (NO2);23;microgrammi / metro cubo;83.0;V;
20/04/2015;01:00;13;001272;805;Torino - Rebaudengo;04;Biossido di azoto (NO2);23;microgrammi / metro cubo;64.0;V;
20/04/2015;02:00;13;001272;805;Torino - Rebaudengo;04;Biossido di azoto (NO2);23;microgrammi / metro cubo;57.0;V;
20/04/2015;03:00;13;001272;805;Torino - Rebaudengo;04;Biossido di azoto (NO2);23;microgrammi / metro cubo;54.0;V;
20/04/2015;04:00;13;001272;805;Torino - Rebaudengo;04;Biossido di azoto (NO2);23;microgrammi / metro cubo;54.0;V;
20/04/2015;05:00;13;001272;805;Torino - Rebaudengo;04;Biossido di azoto (NO2);23;microgrammi / metro cubo;58.0;V;
20/04/2015;06:00;13;001272;805;Torino - Rebaudengo;04;Biossido di azoto (NO2);23;microgrammi / metro cubo;65.0;V;
20/04/2015;07:00;13;001272;805;Torino - Rebaudengo;04;Biossido di azoto (NO2);23;microgrammi / metro cubo;68.0;V;
20/04/2015;08:00;13;001272;805;Torino - Rebaudengo;04;Biossido di azoto (NO2);23;microgrammi / metro cubo;102.0;V;
20/04/2015;09:00;13;001272;805;Torino - Rebaudengo;04;Biossido di azoto (NO2);23;microgrammi / metro cubo;95.0;V;
20/04/2015;10:00;13;001272;805;Torino - Rebaudengo;04;Biossido di azoto (NO2);23;microgrammi / metro cubo;86.0;V;
20/04/2015;11:00;13;001272;805;Torino - Rebaudengo;04;Biossido di azoto (NO2);23;microgrammi / metro cubo;88.0;V;
20/04/2015;12:00;13;001272;805;Torino - Rebaudengo;04;Biossido di azoto (NO2);23;microgrammi / metro cubo;90.0;V;
20/04/2015;13:00;13;001272;805;Torino - Rebaudengo;04;Biossido di azoto (NO2);23;microgrammi / metro cubo;67.0;V;
20/04/2015;14:00;13;001272;805;Torino - Rebaudengo;04;Biossido di azoto (NO2);23;microgrammi / metro cubo;64.0;V;
20/04/2015;15:00;13;001272;805;Torino - Rebaudengo;04;Biossido di azoto (NO2);23;microgrammi / metro cubo;81.0;V;
20/04/2015;16:00;13;001272;805;Torino - Rebaudengo;04;Biossido di azoto (NO2);23;microgrammi / metro cubo;72.0;V;
20/04/2015;17:00;13;001272;805;Torino - Rebaudengo;04;Biossido di azoto (NO2);23;microgrammi / metro cubo;79.0;V;
20/04/2015;18:00;13;001272;805;Torino - Rebaudengo;04;Biossido di azoto (NO2);23;microgrammi / metro cubo;87.0;V;
20/04/2015;19:00;13;001272;805;Torino - Rebaudengo;04;Biossido di azoto (NO2);23;microgrammi / metro cubo;85.0;V;
20/04/2015;20:00;13;001272;805;Torino - Rebaudengo;04;Biossido di azoto (NO2);23;microgrammi / metro cubo;122.0;V;
20/04/2015;21:00;13;001272;805;Torino - Rebaudengo;04;Biossido di azoto (NO2);23;microgrammi / metro cubo;115.0;V;
20/04/2015;22:00;13;001272;805;Torino - Rebaudengo;04;Biossido di azoto (NO2);23;microgrammi / metro cubo;119.0;V;
20/04/2015;23:00;13;001272;805;Torino - Rebaudengo;04;Biossido di azoto (NO2);23;microgrammi / metro cubo;92.0;V;
20/04/2015;23:59;13;001272;805;Torino - Rebaudengo;04;Biossido di azoto (NO2);23;microgrammi / metro cubo;81.0;V;
21/04/2015;01:00;13;001272;805;Torino - Rebaudengo;04;Biossido di azoto (NO2);23;microgrammi / metro cubo;75.0;V;
21/04/2015;02:00;13;001272;805;Torino - Rebaudengo;04;Biossido di azoto (NO2);23;microgrammi / metro cubo;73.0;V;
21/04/2015;03:00;13;001272;805;Torino - Rebaudengo;04;Biossido di azoto (NO2);23;microgrammi / metro cubo;55.0;V;
21/04/2015;04:00;13;001272;805;Torino - Rebaudengo;04;Biossido di azoto (NO2);23;microgrammi / metro cubo;55.0;V;
21/04/2015;05:00;13;001272;805;Torino - Rebaudengo;04;Biossido di azoto (NO2);23;microgrammi / metro cubo;61.0;V;
21/04/2015;06:00;13;001272;805;Torino - Rebaudengo;04;Biossido di azoto (NO2);23;microgrammi / metro cubo;74.0;V;
21/04/2015;07:00;13;001272;805;Torino - Rebaudengo;04;Biossido di azoto (NO2);23;microgrammi / metro cubo;84.0;V;
21/04/2015;08:00;13;001272;805;Torino - Rebaudengo;04;Biossido di azoto (NO2);23;microgrammi / metro cubo;115.0;V;
21/04/2015;09:00;13;001272;805;Torino - Rebaudengo;04;Biossido di azoto (NO2);23;microgrammi / metro cubo;116.0;V;
21/04/2015;10:00;13;001272;805;Torino - Rebaudengo;04;Biossido di azoto (NO2);23;microgrammi / metro cubo;92.0;V;
21/04/2015;11:00;13;001272;805;Torino - Rebaudengo;04;Biossido di azoto (NO2);23;microgrammi / metro cubo;93.0;V;
21/04/2015;12:00;13;001272;805;Torino - Rebaudengo;04;Biossido di azoto (NO2);23;microgrammi / metro cubo;86.0;V;
21/04/2015;13:00;13;001272;805;Torino - Rebaudengo;04;Biossido di azoto (NO2);23;microgrammi / metro cubo;66.0;V;
21/04/2015;14:00;13;001272;805;Torino - Rebaudengo;04;Biossido di azoto (NO2);23;microgrammi / metro cubo;70.0;V;
21/04/2015;15:00;13;001272;805;Torino - Rebaudengo;04;Biossido di azoto (NO2);23;microgrammi / metro cubo;57.0;V;
21/04/2015;16:00;13;001272;805;Torino - Rebaudengo;04;Biossido di azoto (NO2);23;microgrammi / metro cubo;77.0;V;
21/04/2015;17:00;13;001272;805;Torino - Rebaudengo;04;Biossido di azoto (NO2);23;microgrammi / metro cubo;71.0;V;
21/04/2015;18:00;13;001272;805;Torino - Rebaudengo;04;Biossido di azoto (NO2);23;microgrammi / metro cubo;73.0;V;
21/04/2015;19:00;13;001272;805;Torino - Rebaudengo;04;Biossido di azoto (NO2);23;microgrammi / metro cubo;119.0;V;
21/04/2015;20:00;13;001272;805;Torino - Rebaudengo;04;Biossido di azoto (NO2);23;microgrammi / metro cubo;139.0;V;
21/04/2015;21:00;13;001272;805;Torino - Rebaudengo;04;Biossido di azoto (NO2);23;microgrammi / metro cubo;147.0;V;
21/04/2015;22:00;13;001272;805;Torino - Rebaudengo;04;Biossido di azoto (NO2);23;microgrammi / metro cubo;119.0;V;
21/04/2015;23:00;13;001272;805;Torino - Rebaudengo;04;Biossido di azoto (NO2);23;microgrammi / metro cubo;108.0;V;
21/04/2015;23:59;13;001272;805;Torino - Rebaudengo;04;Biossido di azoto (NO2);23;microgrammi / metro cubo;110.0;V;
22/04/2015;01:00;13;001272;805;Torino - Rebaudengo;04;Biossido di azoto (NO2);23;microgrammi / metro cubo;90.0;V;
22/04/2015;02:00;13;001272;805;Torino - Rebaudengo;04;Biossido di azoto (NO2);23;microgrammi / metro cubo;78.0;V;
22/04/2015;03:00;13;001272;805;Torino - Rebaudengo;04;Biossido di azoto (NO2);23;microgrammi / metro cubo;76.0;V;
22/04/2015;04:00;13;001272;805;Torino - Rebaudengo;04;Biossido di azoto (NO2);23;microgrammi / metro cubo;59.0;V;
22/04/2015;05:00;13;001272;805;Torino - Rebaudengo;04;Biossido di azoto (NO2);23;microgrammi / metro cubo;76.0;V;
22/04/2015;06:00;13;001272;805;Torino - Rebaudengo;04;Biossido di azoto (NO2);23;microgrammi / metro cubo;76.0;V;
22/04/2015;07:00;13;001272;805;Torino - Rebaudengo;04;Biossido di azoto (NO2);23;microgrammi / metro cubo;93.0;V;
22/04/2015;08:00;13;001272;805;Torino - Rebaudengo;04;Biossido di azoto (NO2);23;microgrammi / metro cubo;116.0;V;
22/04/2015;09:00;13;001272;805;Torino - Rebaudengo;04;Biossido di azoto (NO2);23;microgrammi / metro cubo;115.0;V;
22/04/2015;10:00;13;001272;805;Torino - Rebaudengo;04;Biossido di azoto (NO2);23;microgrammi / metro cubo;96.0;V;
22/04/2015;11:00;13;001272;805;Torino - Rebaudengo;04;Biossido di azoto (NO2);23;microgrammi / metro cubo;75.0;V;
22/04/2015;12:00;13;001272;805;Torino - Rebaudengo;04;Biossido di azoto (NO2);23;microgrammi / metro cubo;56.0;V;
22/04/2015;13:00;13;001272;805;Torino - Rebaudengo;04;Biossido di azoto (NO2);23;microgrammi / metro cubo;66.0;V;
22/04/2015;14:00;13;001272;805;Torino - Rebaudengo;04;Biossido di azoto (NO2);23;microgrammi / metro cubo;78.0;V;
22/04/2015;15:00;13;001272;805;Torino - Rebaudengo;04;Biossido di azoto (NO2);23;microgrammi / metro cubo;73.0;V;
22/04/2015;16:00;13;001272;805;Torino - Rebaudengo;04;Biossido di azoto (NO2);23;microgrammi / metro cubo;69.0;V;
22/04/2015;17:00;13;001272;805;Torino - Rebaudengo;04;Biossido di azoto (NO2);23;microgrammi / metro cubo;60.0;V;
22/04/2015;18:00;13;001272;805;Torino - Rebaudengo;04;Biossido di azoto (NO2);23;microgrammi / metro cubo;45.0;V;
22/04/2015;19:00;13;001272;805;Torino - Rebaudengo;04;Biossido di azoto (NO2);23;microgrammi / metro cubo;77.0;V;
22/04/2015;20:00;13;001272;805;Torino - Rebaudengo;04;Biossido di azoto (NO2);23;microgrammi / metro cubo;93.0;V;
22/04/2015;21:00;13;001272;805;Torino - Rebaudengo;04;Biossido di azoto (NO2);23;microgrammi / metro cubo;74.0;V;
22/04/2015;22:00;13;001272;805;Torino - Rebaudengo;04;Biossido di azoto (NO2);23;microgrammi / metro cubo;73.0;V;
22/04/2015;23:00;13;001272;805;Torino - Rebaudengo;04;Biossido di azoto (NO2);23;microgrammi / metro cubo;84.0;V;
22/04/2015;23:59;13;001272;805;Torino - Rebaudengo;04;Biossido di azoto (NO2);23;microgrammi / metro cubo;84.0;V;
23/04/2015;01:00;13;001272;805;Torino - Rebaudengo;04;Biossido di azoto (NO2);23;microgrammi / metro cubo;52.0;V;
23/04/2015;02:00;13;001272;805;Torino - Rebaudengo;04;Biossido di azoto (NO2);23;microgrammi / metro cubo;53.0;V;
23/04/2015;03:00;13;001272;805;Torino - Rebaudengo;04;Biossido di azoto (NO2);23;microgrammi / metro cubo;56.0;V;
23/04/2015;04:00;13;001272;805;Torino - Rebaudengo;04;Biossido di azoto (NO2);23;microgrammi / metro cubo;61.0;V;
23/04/2015;05:00;13;001272;805;Torino - Rebaudengo;04;Biossido di azoto (NO2);23;microgrammi / metro cubo;66.0;V;
23/04/2015;06:00;13;001272;805;Torino - Rebaudengo;04;Biossido di azoto (NO2);23;microgrammi / metro cubo;71.0;V;
23/04/2015;07:00;13;001272;805;Torino - Rebaudengo;04;Biossido di azoto (NO2);23;microgrammi / metro cubo;84.0;V;
23/04/2015;08:00;13;001272;805;Torino - Rebaudengo;04;Biossido di azoto (NO2);23;microgrammi / metro cubo;101.0;V;
23/04/2015;09:00;13;001272;805;Torino - Rebaudengo;04;Biossido di azoto (NO2);23;microgrammi / metro cubo;103.0;V;
23/04/2015;10:00;13;001272;805;Torino - Rebaudengo;04;Biossido di azoto (NO2);23;microgrammi / metro cubo;89.0;V;
23/04/2015;11:00;13;001272;805;Torino - Rebaudengo;04;Biossido di azoto (NO2);23;microgrammi / metro cubo;70.0;V;
23/04/2015;12:00;13;001272;805;Torino - Rebaudengo;04;Biossido di azoto (NO2);23;microgrammi / metro cubo;57.0;V;
23/04/2015;13:00;13;001272;805;Torino - Rebaudengo;04;Biossido di azoto (NO2);23;microgrammi / metro cubo;49.0;V;
23/04/2015;14:00;13;001272;805;Torino - Rebaudengo;04;Biossido di azoto (NO2);23;microgrammi / metro cubo;58.0;V;
23/04/2015;15:00;13;001272;805;Torino - Rebaudengo;04;Biossido di azoto (NO2);23;microgrammi / metro cubo;63.0;V;
23/04/2015;16:00;13;001272;805;Torino - Rebaudengo;04;Biossido di azoto (NO2);23;microgrammi / metro cubo;69.0;V;
23/04/2015;17:00;13;001272;805;Torino - Rebaudengo;04;Biossido di azoto (NO2);23;microgrammi / metro cubo;53.0;V;
23/04/2015;18:00;13;001272;805;Torino - Rebaudengo;04;Biossido di azoto (NO2);23;microgrammi / metro cubo;61.0;V;
23/04/2015;19:00;13;001272;805;Torino - Rebaudengo;04;Biossido di azoto (NO2);23;microgrammi / metro cubo;76.0;V;
23/04/2015;20:00;13;001272;805;Torino - Rebaudengo;04;Biossido di azoto (NO2);23;microgrammi / metro cubo;63.0;V;
23/04/2015;21:00;13;001272;805;Torino - Rebaudengo;04;Biossido di azoto (NO2);23;microgrammi / metro cubo;53.0;V;
23/04/2015;22:00;13;001272;805;Torino - Rebaudengo;04;Biossido di azoto (NO2);23;microgrammi / metro cubo;59.0;V;
23/04/2015;23:00;13;001272;805;Torino - Rebaudengo;04;Biossido di azoto (NO2);23;microgrammi / metro cubo;66.0;V;
23/04/2015;23:59;13;001272;805;Torino - Rebaudengo;04;Biossido di azoto (NO2);23;microgrammi / metro cubo;70.0;V;
24/04/2015;01:00;13;001272;805;Torino - Rebaudengo;04;Biossido di azoto (NO2);23;microgrammi / metro cubo;56.0;V;
24/04/2015;02:00;13;001272;805;Torino - Rebaudengo;04;Biossido di azoto (NO2);23;microgrammi / metro cubo;56.0;V;
24/04/2015;03:00;13;001272;805;Torino - Rebaudengo;04;Biossido di azoto (NO2);23;microgrammi / metro cubo;64.0;V;
24/04/2015;04:00;13;001272;805;Torino - Rebaudengo;04;Biossido di azoto (NO2);23;microgrammi / metro cubo;61.0;V;
24/04/2015;05:00;13;001272;805;Torino - Rebaudengo;04;Biossido di azoto (NO2);23;microgrammi / metro cubo;64.0;V;
24/04/2015;06:00;13;001272;805;Torino - Rebaudengo;04;Biossido di azoto (NO2);23;microgrammi / metro cubo;62.0;V;
24/04/2015;07:00;13;001272;805;Torino - Rebaudengo;04;Biossido di azoto (NO2);23;microgrammi / metro cubo;72.0;V;
24/04/2015;08:00;13;001272;805;Torino - Rebaudengo;04;Biossido di azoto (NO2);23;microgrammi / metro cubo;94.0;V;
24/04/2015;09:00;13;001272;805;Torino - Rebaudengo;04;Biossido di azoto (NO2);23;microgrammi / metro cubo;98.0;V;
24/04/2015;10:00;13;001272;805;Torino - Rebaudengo;04;Biossido di azoto (NO2);23;microgrammi / metro cubo;80.0;V;
24/04/2015;11:00;13;001272;805;Torino - Rebaudengo;04;Biossido di azoto (NO2);23;microgrammi / metro cubo;59.0;V;
24/04/2015;12:00;13;001272;805;Torino - Rebaudengo;04;Biossido di azoto (NO2);23;microgrammi / metro cubo;56.0;V;
24/04/2015;13:00;13;001272;805;Torino - Rebaudengo;04;Biossido di azoto (NO2);23;microgrammi / metro cubo;56.0;V;
24/04/2015;14:00;13;001272;805;Torino - Rebaudengo;04;Biossido di azoto (NO2);23;microgrammi / metro cubo;51.0;V;
24/04/2015;15:00;13;001272;805;Torino - Rebaudengo;04;Biossido di azoto (NO2);23;microgrammi / metro cubo;48.0;V;
24/04/2015;16:00;13;001272;805;Torino - Rebaudengo;04;Biossido di azoto (NO2);23;microgrammi / metro cubo;55.0;V;
24/04/2015;17:00;13;001272;805;Torino - Rebaudengo;04;Biossido di azoto (NO2);23;microgrammi / metro cubo;53.0;V;
24/04/2015;18:00;13;001272;805;Torino - Rebaudengo;04;Biossido di azoto (NO2);23;microgrammi / metro cubo;62.0;V;
24/04/2015;19:00;13;001272;805;Torino - Rebaudengo;04;Biossido di azoto (NO2);23;microgrammi / metro cubo;82.0;V;
24/04/2015;20:00;13;001272;805;Torino - Rebaudengo;04;Biossido di azoto (NO2);23;microgrammi / metro cubo;58.0;V;
24/04/2015;21:00;13;001272;805;Torino - Rebaudengo;04;Biossido di azoto (NO2);23;microgrammi / metro cubo;58.0;V;
24/04/2015;22:00;13;001272;805;Torino - Rebaudengo;04;Biossido di azoto (NO2);23;microgrammi / metro cubo;65.0;V;
24/04/2015;23:00;13;001272;805;Torino - Rebaudengo;04;Biossido di azoto (NO2);23;microgrammi / metro cubo;54.0;V;
24/04/2015;23:59;13;001272;805;Torino - Rebaudengo;04;Biossido di azoto (NO2);23;microgrammi / metro cubo;53.0;V;
25/04/2015;01:00;13;001272;805;Torino - Rebaudengo;04;Biossido di azoto (NO2);23;microgrammi / metro cubo;37.0;V;
25/04/2015;02:00;13;001272;805;Torino - Rebaudengo;04;Biossido di azoto (NO2);23;microgrammi / metro cubo;27.0;V;
25/04/2015;03:00;13;001272;805;Torino - Rebaudengo;04;Biossido di azoto (NO2);23;microgrammi / metro cubo;23.0;V;
25/04/2015;04:00;13;001272;805;Torino - Rebaudengo;04;Biossido di azoto (NO2);23;microgrammi / metro cubo;23.0;V;
25/04/2015;05:00;13;001272;805;Torino - Rebaudengo;04;Biossido di azoto (NO2);23;microgrammi / metro cubo;25.0;V;
25/04/2015;06:00;13;001272;805;Torino - Rebaudengo;04;Biossido di azoto (NO2);23;microgrammi / metro cubo;34.0;V;
25/04/2015;07:00;13;001272;805;Torino - Rebaudengo;04;Biossido di azoto (NO2);23;microgrammi / metro cubo;49.0;V;
25/04/2015;08:00;13;001272;805;Torino - Rebaudengo;04;Biossido di azoto (NO2);23;microgrammi / metro cubo;57.0;V;
25/04/2015;09:00;13;001272;805;Torino - Rebaudengo;04;Biossido di azoto (NO2);23;microgrammi / metro cubo;48.0;V;
25/04/2015;10:00;13;001272;805;Torino - Rebaudengo;04;Biossido di azoto (NO2);23;microgrammi / metro cubo;51.0;V;
25/04/2015;11:00;13;001272;805;Torino - Rebaudengo;04;Biossido di azoto (NO2);23;microgrammi / metro cubo;41.0;V;
25/04/2015;12:00;13;001272;805;Torino - Rebaudengo;04;Biossido di azoto (NO2);23;microgrammi / metro cubo;47.0;V;
25/04/2015;13:00;13;001272;805;Torino - Rebaudengo;04;Biossido di azoto (NO2);23;microgrammi / metro cubo;42.0;V;
25/04/2015;14:00;13;001272;805;Torino - Rebaudengo;04;Biossido di azoto (NO2);23;microgrammi / metro cubo;43.0;V;
25/04/2015;15:00;13;001272;805;Torino - Rebaudengo;04;Biossido di azoto (NO2);23;microgrammi / metro cubo;43.0;V;
25/04/2015;16:00;13;001272;805;Torino - Rebaudengo;04;Biossido di azoto (NO2);23;microgrammi / metro cubo;61.0;V;
25/04/2015;17:00;13;001272;805;Torino - Rebaudengo;04;Biossido di azoto (NO2);23;microgrammi / metro cubo;52.0;V;
25/04/2015;18:00;13;001272;805;Torino - Rebaudengo;04;Biossido di azoto (NO2);23;microgrammi / metro cubo;63.0;V;
25/04/2015;19:00;13;001272;805;Torino - Rebaudengo;04;Biossido di azoto (NO2);23;microgrammi / metro cubo;62.0;V;
25/04/2015;20:00;13;001272;805;Torino - Rebaudengo;04;Biossido di azoto (NO2);23;microgrammi / metro cubo;62.0;V;
25/04/2015;21:00;13;001272;805;Torino - Rebaudengo;04;Biossido di azoto (NO2);23;microgrammi / metro cubo;45.0;V;
25/04/2015;22:00;13;001272;805;Torino - Rebaudengo;04;Biossido di azoto (NO2);23;microgrammi / metro cubo;48.0;V;
25/04/2015;23:00;13;001272;805;Torino - Rebaudengo;04;Biossido di azoto (NO2);23;microgrammi / metro cubo;46.0;V;
25/04/2015;23:59;13;001272;805;Torino - Rebaudengo;04;Biossido di azoto (NO2);23;microgrammi / metro cubo;43.0;V;
26/04/2015;01:00;13;001272;805;Torino - Rebaudengo;04;Biossido di azoto (NO2);23;microgrammi / metro cubo;47.0;V;
26/04/2015;02:00;13;001272;805;Torino - Rebaudengo;04;Biossido di azoto (NO2);23;microgrammi / metro cubo;46.0;V;
26/04/2015;03:00;13;001272;805;Torino - Rebaudengo;04;Biossido di azoto (NO2);23;microgrammi / metro cubo;45.0;V;
26/04/2015;04:00;13;001272;805;Torino - Rebaudengo;04;Biossido di azoto (NO2);23;microgrammi / metro cubo;40.0;V;
26/04/2015;05:00;13;001272;805;Torino - Rebaudengo;04;Biossido di azoto (NO2);23;microgrammi / metro cubo;36.0;V;
26/04/2015;06:00;13;001272;805;Torino - Rebaudengo;04;Biossido di azoto (NO2);23;microgrammi / metro cubo;37.0;V;
26/04/2015;07:00;13;001272;805;Torino - Rebaudengo;04;Biossido di azoto (NO2);23;microgrammi / metro cubo;36.0;V;
26/04/2015;08:00;13;001272;805;Torino - Rebaudengo;04;Biossido di azoto (NO2);23;microgrammi / metro cubo;45.0;V;
26/04/2015;09:00;13;001272;805;Torino - Rebaudengo;04;Biossido di azoto (NO2);23;microgrammi / metro cubo;64.0;V;
26/04/2015;10:00;13;001272;805;Torino - Rebaudengo;04;Biossido di azoto (NO2);23;microgrammi / metro cubo;61.0;V;
26/04/2015;11:00;13;001272;805;Torino - Rebaudengo;04;Biossido di azoto (NO2);23;microgrammi / metro cubo;62.0;V;
26/04/2015;12:00;13;001272;805;Torino - Rebaudengo;04;Biossido di azoto (NO2);23;microgrammi / metro cubo;54.0;V;
26/04/2015;13:00;13;001272;805;Torino - Rebaudengo;04;Biossido di azoto (NO2);23;microgrammi / metro cubo;54.0;V;
26/04/2015;14:00;13;001272;805;Torino - Rebaudengo;04;Biossido di azoto (NO2);23;microgrammi / metro cubo;44.0;V;
26/04/2015;15:00;13;001272;805;Torino - Rebaudengo;04;Biossido di azoto (NO2);23;microgrammi / metro cubo;46.0;V;
26/04/2015;16:00;13;001272;805;Torino - Rebaudengo;04;Biossido di azoto (NO2);23;microgrammi / metro cubo;33.0;V;
26/04/2015;17:00;13;001272;805;Torino - Rebaudengo;04;Biossido di azoto (NO2);23;microgrammi / metro cubo;40.0;V;
26/04/2015;18:00;13;001272;805;Torino - Rebaudengo;04;Biossido di azoto (NO2);23;microgrammi / metro cubo;50.0;V;
26/04/2015;19:00;13;001272;805;Torino - Rebaudengo;04;Biossido di azoto (NO2);23;microgrammi / metro cubo;64.0;V;
26/04/2015;20:00;13;001272;805;Torino - Rebaudengo;04;Biossido di azoto (NO2);23;microgrammi / metro cubo;57.0;V;
26/04/2015;21:00;13;001272;805;Torino - Rebaudengo;04;Biossido di azoto (NO2);23;microgrammi / metro cubo;53.0;V;
26/04/2015;22:00;13;001272;805;Torino - Rebaudengo;04;Biossido di azoto (NO2);23;microgrammi / metro cubo;52.0;V;
26/04/2015;23:00;13;001272;805;Torino - Rebaudengo;04;Biossido di azoto (NO2);23;microgrammi / metro cubo;42.0;V;
26/04/2015;23:59;13;001272;805;Torino - Rebaudengo;04;Biossido di azoto (NO2);23;microgrammi / metro cubo;34.0;V;
27/04/2015;01:00;13;001272;805;Torino - Rebaudengo;04;Biossido di azoto (NO2);23;microgrammi / metro cubo;32.0;V;
27/04/2015;02:00;13;001272;805;Torino - Rebaudengo;04;Biossido di azoto (NO2);23;microgrammi / metro cubo;31.0;V;
27/04/2015;03:00;13;001272;805;Torino - Rebaudengo;04;Biossido di azoto (NO2);23;microgrammi / metro cubo;28.0;V;
27/04/2015;04:00;13;001272;805;Torino - Rebaudengo;04;Biossido di azoto (NO2);23;microgrammi / metro cubo;30.0;V;
27/04/2015;05:00;13;001272;805;Torino - Rebaudengo;04;Biossido di azoto (NO2);23;microgrammi / metro cubo;46.0;V;
27/04/2015;06:00;13;001272;805;Torino - Rebaudengo;04;Biossido di azoto (NO2);23;microgrammi / metro cubo;64.0;V;
27/04/2015;07:00;13;001272;805;Torino - Rebaudengo;04;Biossido di azoto (NO2);23;microgrammi / metro cubo;64.0;V;
27/04/2015;08:00;13;001272;805;Torino - Rebaudengo;04;Biossido di azoto (NO2);23;microgrammi / metro cubo;84.0;V;
27/04/2015;09:00;13;001272;805;Torino - Rebaudengo;04;Biossido di azoto (NO2);23;microgrammi / metro cubo;85.0;V;
27/04/2015;10:00;13;001272;805;Torino - Rebaudengo;04;Biossido di azoto (NO2);23;microgrammi / metro cubo;71.0;V;
27/04/2015;11:00;13;001272;805;Torino - Rebaudengo;04;Biossido di azoto (NO2);23;microgrammi / metro cubo;79.0;V;
27/04/2015;12:00;13;001272;805;Torino - Rebaudengo;04;Biossido di azoto (NO2);23;microgrammi / metro cubo;72.0;V;
27/04/2015;13:00;13;001272;805;Torino - Rebaudengo;04;Biossido di azoto (NO2);23;microgrammi / metro cubo;61.0;V;
27/04/2015;14:00;13;001272;805;Torino - Rebaudengo;04;Biossido di azoto (NO2);23;microgrammi / metro cubo;56.0;V;
27/04/2015;15:00;13;001272;805;Torino - Rebaudengo;04;Biossido di azoto (NO2);23;microgrammi / metro cubo;49.0;V;
27/04/2015;16:00;13;001272;805;Torino - Rebaudengo;04;Biossido di azoto (NO2);23;microgrammi / metro cubo;43.0;V;
27/04/2015;17:00;13;001272;805;Torino - Rebaudengo;04;Biossido di azoto (NO2);23;microgrammi / metro cubo;48.0;V;
27/04/2015;18:00;13;001272;805;Torino - Rebaudengo;04;Biossido di azoto (NO2);23;microgrammi / metro cubo;52.0;V;
27/04/2015;19:00;13;001272;805;Torino - Rebaudengo;04;Biossido di azoto (NO2);23;microgrammi / metro cubo;44.0;V;
27/04/2015;20:00;13;001272;805;Torino - Rebaudengo;04;Biossido di azoto (NO2);23;microgrammi / metro cubo;51.0;V;
27/04/2015;21:00;13;001272;805;Torino - Rebaudengo;04;Biossido di azoto (NO2);23;microgrammi / metro cubo;41.0;V;
27/04/2015;22:00;13;001272;805;Torino - Rebaudengo;04;Biossido di azoto (NO2);23;microgrammi / metro cubo;52.0;V;
27/04/2015;23:00;13;001272;805;Torino - Rebaudengo;04;Biossido di azoto (NO2);23;microgrammi / metro cubo;80.0;V;
27/04/2015;23:59;13;001272;805;Torino - Rebaudengo;04;Biossido di azoto (NO2);23;microgrammi / metro cubo;83.0;V;
28/04/2015;01:00;13;001272;805;Torino - Rebaudengo;04;Biossido di azoto (NO2);23;microgrammi / metro cubo;63.0;V;
28/04/2015;02:00;13;001272;805;Torino - Rebaudengo;04;Biossido di azoto (NO2);23;microgrammi / metro cubo;59.0;V;
28/04/2015;03:00;13;001272;805;Torino - Rebaudengo;04;Biossido di azoto (NO2);23;microgrammi / metro cubo;51.0;V;
28/04/2015;04:00;13;001272;805;Torino - Rebaudengo;04;Biossido di azoto (NO2);23;microgrammi / metro cubo;52.0;V;
28/04/2015;05:00;13;001272;805;Torino - Rebaudengo;04;Biossido di azoto (NO2);23;microgrammi / metro cubo;64.0;V;
28/04/2015;06:00;13;001272;805;Torino - Rebaudengo;04;Biossido di azoto (NO2);23;microgrammi / metro cubo;73.0;V;
28/04/2015;07:00;13;001272;805;Torino - Rebaudengo;04;Biossido di azoto (NO2);23;microgrammi / metro cubo;79.0;V;
28/04/2015;08:00;13;001272;805;Torino - Rebaudengo;04;Biossido di azoto (NO2);23;microgrammi / metro cubo;93.0;V;
28/04/2015;09:00;13;001272;805;Torino - Rebaudengo;04;Biossido di azoto (NO2);23;microgrammi / metro cubo;92.0;V;
28/04/2015;10:00;13;001272;805;Torino - Rebaudengo;04;Biossido di azoto (NO2);23;microgrammi / metro cubo;90.0;V;
28/04/2015;11:00;13;001272;805;Torino - Rebaudengo;04;Biossido di azoto (NO2);23;microgrammi / metro cubo;84.0;V;
28/04/2015;12:00;13;001272;805;Torino - Rebaudengo;04;Biossido di azoto (NO2);23;microgrammi / metro cubo;57.0;V;
28/04/2015;13:00;13;001272;805;Torino - Rebaudengo;04;Biossido di azoto (NO2);23;microgrammi / metro cubo;50.0;V;
28/04/2015;14:00;13;001272;805;Torino - Rebaudengo;04;Biossido di azoto (NO2);23;microgrammi / metro cubo;57.0;V;
28/04/2015;15:00;13;001272;805;Torino - Rebaudengo;04;Biossido di azoto (NO2);23;microgrammi / metro cubo;58.0;V;
28/04/2015;16:00;13;001272;805;Torino - Rebaudengo;04;Biossido di azoto (NO2);23;microgrammi / metro cubo;68.0;V;
28/04/2015;17:00;13;001272;805;Torino - Rebaudengo;04;Biossido di azoto (NO2);23;microgrammi / metro cubo;76.0;V;
28/04/2015;18:00;13;001272;805;Torino - Rebaudengo;04;Biossido di azoto (NO2);23;microgrammi / metro cubo;55.0;V;
28/04/2015;19:00;13;001272;805;Torino - Rebaudengo;04;Biossido di azoto (NO2);23;microgrammi / metro cubo;52.0;V;
28/04/2015;20:00;13;001272;805;Torino - Rebaudengo;04;Biossido di azoto (NO2);23;microgrammi / metro cubo;71.0;V;
28/04/2015;21:00;13;001272;805;Torino - Rebaudengo;04;Biossido di azoto (NO2);23;microgrammi / metro cubo;54.0;V;
28/04/2015;22:00;13;001272;805;Torino - Rebaudengo;04;Biossido di azoto (NO2);23;microgrammi / metro cubo;60.0;V;
28/04/2015;23:00;13;001272;805;Torino - Rebaudengo;04;Biossido di azoto (NO2);23;microgrammi / metro cubo;67.0;V;
28/04/2015;23:59;13;001272;805;Torino - Rebaudengo;04;Biossido di azoto (NO2);23;microgrammi / metro cubo;59.0;V;
29/04/2015;01:00;13;001272;805;Torino - Rebaudengo;04;Biossido di azoto (NO2);23;microgrammi / metro cubo;70.0;V;
29/04/2015;02:00;13;001272;805;Torino - Rebaudengo;04;Biossido di azoto (NO2);23;microgrammi / metro cubo;64.0;V;
29/04/2015;03:00;13;001272;805;Torino - Rebaudengo;04;Biossido di azoto (NO2);23;microgrammi / metro cubo;47.0;V;
29/04/2015;04:00;13;001272;805;Torino - Rebaudengo;04;Biossido di azoto (NO2);23;microgrammi / metro cubo;51.0;V;
29/04/2015;05:00;13;001272;805;Torino - Rebaudengo;04;Biossido di azoto (NO2);23;microgrammi / metro cubo;62.0;V;
29/04/2015;06:00;13;001272;805;Torino - Rebaudengo;04;Biossido di azoto (NO2);23;microgrammi / metro cubo;68.0;V;
29/04/2015;07:00;13;001272;805;Torino - Rebaudengo;04;Biossido di azoto (NO2);23;microgrammi / metro cubo;83.0;V;
29/04/2015;08:00;13;001272;805;Torino - Rebaudengo;04;Biossido di azoto (NO2);23;microgrammi / metro cubo;93.0;V;
29/04/2015;09:00;13;001272;805;Torino - Rebaudengo;04;Biossido di azoto (NO2);23;microgrammi / metro cubo;88.0;V;
29/04/2015;10:00;13;001272;805;Torino - Rebaudengo;04;Biossido di azoto (NO2);23;microgrammi / metro cubo;67.0;V;
29/04/2015;11:00;13;001272;805;Torino - Rebaudengo;04;Biossido di azoto (NO2);23;microgrammi / metro cubo;57.0;V;
29/04/2015;12:00;13;001272;805;Torino - Rebaudengo;04;Biossido di azoto (NO2);23;microgrammi / metro cubo;46.0;V;
29/04/2015;13:00;13;001272;805;Torino - Rebaudengo;04;Biossido di azoto (NO2);23;microgrammi / metro cubo;42.0;V;
29/04/2015;14:00;13;001272;805;Torino - Rebaudengo;04;Biossido di azoto (NO2);23;microgrammi / metro cubo;45.0;V;
29/04/2015;15:00;13;001272;805;Torino - Rebaudengo;04;Biossido di azoto (NO2);23;microgrammi / metro cubo;57.0;V;
29/04/2015;16:00;13;001272;805;Torino - Rebaudengo;04;Biossido di azoto (NO2);23;microgrammi / metro cubo;53.0;V;
29/04/2015;17:00;13;001272;805;Torino - Rebaudengo;04;Biossido di azoto (NO2);23;microgrammi / metro cubo;52.0;V;
29/04/2015;18:00;13;001272;805;Torino - Rebaudengo;04;Biossido di azoto (NO2);23;microgrammi / metro cubo;68.0;V;
29/04/2015;19:00;13;001272;805;Torino - Rebaudengo;04;Biossido di azoto (NO2);23;microgrammi / metro cubo;52.0;V;
29/04/2015;20:00;13;001272;805;Torino - Rebaudengo;04;Biossido di azoto (NO2);23;microgrammi / metro cubo;56.0;V;
29/04/2015;21:00;13;001272;805;Torino - Rebaudengo;04;Biossido di azoto (NO2);23;microgrammi / metro cubo;66.0;V;
29/04/2015;22:00;13;001272;805;Torino - Rebaudengo;04;Biossido di azoto (NO2);23;microgrammi / metro cubo;82.0;V;
29/04/2015;23:00;13;001272;805;Torino - Rebaudengo;04;Biossido di azoto (NO2);23;microgrammi / metro cubo;80.0;V;
29/04/2015;23:59;13;001272;805;Torino - Rebaudengo;04;Biossido di azoto (NO2);23;microgrammi / metro cubo;72.0;V;
30/04/2015;01:00;13;001272;805;Torino - Rebaudengo;04;Biossido di azoto (NO2);23;microgrammi / metro cubo;50.0;V;
30/04/2015;02:00;13;001272;805;Torino - Rebaudengo;04;Biossido di azoto (NO2);23;microgrammi / metro cubo;28.0;V;
30/04/2015;03:00;13;001272;805;Torino - Rebaudengo;04;Biossido di azoto (NO2);23;microgrammi / metro cubo;26.0;V;
30/04/2015;04:00;13;001272;805;Torino - Rebaudengo;04;Biossido di azoto (NO2);23;microgrammi / metro cubo;33.0;V;
30/04/2015;05:00;13;001272;805;Torino - Rebaudengo;04;Biossido di azoto (NO2);23;microgrammi / metro cubo;47.0;V;
30/04/2015;06:00;13;001272;805;Torino - Rebaudengo;04;Biossido di azoto (NO2);23;microgrammi / metro cubo;74.0;V;
30/04/2015;07:00;13;001272;805;Torino - Rebaudengo;04;Biossido di azoto (NO2);23;microgrammi / metro cubo;75.0;V;
30/04/2015;08:00;13;001272;805;Torino - Rebaudengo;04;Biossido di azoto (NO2);23;microgrammi / metro cubo;56.0;V;
30/04/2015;09:00;13;001272;805;Torino - Rebaudengo;04;Biossido di azoto (NO2);23;microgrammi / metro cubo;58.0;V;
30/04/2015;10:00;13;001272;805;Torino - Rebaudengo;04;Biossido di azoto (NO2);23;microgrammi / metro cubo;;E;
30/04/2015;11:00;13;001272;805;Torino - Rebaudengo;04;Biossido di azoto (NO2);23;microgrammi / metro cubo;;E;
30/04/2015;12:00;13;001272;805;Torino - Rebaudengo;04;Biossido di azoto (NO2);23;microgrammi / metro cubo;;E;
30/04/2015;13:00;13;001272;805;Torino - Rebaudengo;04;Biossido di azoto (NO2);23;microgrammi / metro cubo;65.0;V;
30/04/2015;14:00;13;001272;805;Torino - Rebaudengo;04;Biossido di azoto (NO2);23;microgrammi / metro cubo;61.0;V;
30/04/2015;15:00;13;001272;805;Torino - Rebaudengo;04;Biossido di azoto (NO2);23;microgrammi / metro cubo;61.0;V;
30/04/2015;16:00;13;001272;805;Torino - Rebaudengo;04;Biossido di azoto (NO2);23;microgrammi / metro cubo;65.0;V;
30/04/2015;17:00;13;001272;805;Torino - Rebaudengo;04;Biossido di azoto (NO2);23;microgrammi / metro cubo;54.0;V;
30/04/2015;18:00;13;001272;805;Torino - Rebaudengo;04;Biossido di azoto (NO2);23;microgrammi / metro cubo;80.0;V;
30/04/2015;19:00;13;001272;805;Torino - Rebaudengo;04;Biossido di azoto (NO2);23;microgrammi / metro cubo;61.0;V;
30/04/2015;20:00;13;001272;805;Torino - Rebaudengo;04;Biossido di azoto (NO2);23;microgrammi / metro cubo;69.0;V;
30/04/2015;21:00;13;001272;805;Torino - Rebaudengo;04;Biossido di azoto (NO2);23;microgrammi / metro cubo;76.0;V;
30/04/2015;22:00;13;001272;805;Torino - Rebaudengo;04;Biossido di azoto (NO2);23;microgrammi / metro cubo;61.0;V;
30/04/2015;23:00;13;001272;805;Torino - Rebaudengo;04;Biossido di azoto (NO2);23;microgrammi / metro cubo;76.0;V;
30/04/2015;23:59;13;001272;805;Torino - Rebaudengo;04;Biossido di azoto (NO2);23;microgrammi / metro cubo;78.0;V;
01/05/2015;01:00;13;001272;805;Torino - Rebaudengo;04;Biossido di azoto (NO2);23;microgrammi / metro cubo;59.0;V;
01/05/2015;02:00;13;001272;805;Torino - Rebaudengo;04;Biossido di azoto (NO2);23;microgrammi / metro cubo;60.0;V;
01/05/2015;03:00;13;001272;805;Torino - Rebaudengo;04;Biossido di azoto (NO2);23;microgrammi / metro cubo;53.0;V;
01/05/2015;04:00;13;001272;805;Torino - Rebaudengo;04;Biossido di azoto (NO2);23;microgrammi / metro cubo;32.0;V;
01/05/2015;05:00;13;001272;805;Torino - Rebaudengo;04;Biossido di azoto (NO2);23;microgrammi / metro cubo;33.0;V;
01/05/2015;06:00;13;001272;805;Torino - Rebaudengo;04;Biossido di azoto (NO2);23;microgrammi / metro cubo;51.0;V;
01/05/2015;07:00;13;001272;805;Torino - Rebaudengo;04;Biossido di azoto (NO2);23;microgrammi / metro cubo;46.0;V;
01/05/2015;08:00;13;001272;805;Torino - Rebaudengo;04;Biossido di azoto (NO2);23;microgrammi / metro cubo;40.0;V;
01/05/2015;09:00;13;001272;805;Torino - Rebaudengo;04;Biossido di azoto (NO2);23;microgrammi / metro cubo;43.0;V;
01/05/2015;10:00;13;001272;805;Torino - Rebaudengo;04;Biossido di azoto (NO2);23;microgrammi / metro cubo;42.0;V;
01/05/2015;11:00;13;001272;805;Torino - Rebaudengo;04;Biossido di azoto (NO2);23;microgrammi / metro cubo;39.0;V;
01/05/2015;12:00;13;001272;805;Torino - Rebaudengo;04;Biossido di azoto (NO2);23;microgrammi / metro cubo;38.0;V;
01/05/2015;13:00;13;001272;805;Torino - Rebaudengo;04;Biossido di azoto (NO2);23;microgrammi / metro cubo;37.0;V;
01/05/2015;14:00;13;001272;805;Torino - Rebaudengo;04;Biossido di azoto (NO2);23;microgrammi / metro cubo;34.0;V;
01/05/2015;15:00;13;001272;805;Torino - Rebaudengo;04;Biossido di azoto (NO2);23;microgrammi / metro cubo;37.0;V;
01/05/2015;16:00;13;001272;805;Torino - Rebaudengo;04;Biossido di azoto (NO2);23;microgrammi / metro cubo;34.0;V;
01/05/2015;17:00;13;001272;805;Torino - Rebaudengo;04;Biossido di azoto (NO2);23;microgrammi / metro cubo;31.0;V;
01/05/2015;18:00;13;001272;805;Torino - Rebaudengo;04;Biossido di azoto (NO2);23;microgrammi / metro cubo;37.0;V;
01/05/2015;19:00;13;001272;805;Torino - Rebaudengo;04;Biossido di azoto (NO2);23;microgrammi / metro cubo;47.0;V;
01/05/2015;20:00;13;001272;805;Torino - Rebaudengo;04;Biossido di azoto (NO2);23;microgrammi / metro cubo;44.0;V;
01/05/2015;21:00;13;001272;805;Torino - Rebaudengo;04;Biossido di azoto (NO2);23;microgrammi / metro cubo;37.0;V;
01/05/2015;22:00;13;001272;805;Torino - Rebaudengo;04;Biossido di azoto (NO2);23;microgrammi / metro cubo;47.0;V;
01/05/2015;23:00;13;001272;805;Torino - Rebaudengo;04;Biossido di azoto (NO2);23;microgrammi / metro cubo;34.0;V;
01/05/2015;23:59;13;001272;805;Torino - Rebaudengo;04;Biossido di azoto (NO2);23;microgrammi / metro cubo;29.0;V;
02/05/2015;01:00;13;001272;805;Torino - Rebaudengo;04;Biossido di azoto (NO2);23;microgrammi / metro cubo;29.0;V;
02/05/2015;02:00;13;001272;805;Torino - Rebaudengo;04;Biossido di azoto (NO2);23;microgrammi / metro cubo;29.0;V;
02/05/2015;03:00;13;001272;805;Torino - Rebaudengo;04;Biossido di azoto (NO2);23;microgrammi / metro cubo;34.0;V;
02/05/2015;04:00;13;001272;805;Torino - Rebaudengo;04;Biossido di azoto (NO2);23;microgrammi / metro cubo;35.0;V;
02/05/2015;05:00;13;001272;805;Torino - Rebaudengo;04;Biossido di azoto (NO2);23;microgrammi / metro cubo;40.0;V;
02/05/2015;06:00;13;001272;805;Torino - Rebaudengo;04;Biossido di azoto (NO2);23;microgrammi / metro cubo;39.0;V;
02/05/2015;07:00;13;001272;805;Torino - Rebaudengo;04;Biossido di azoto (NO2);23;microgrammi / metro cubo;56.0;V;
02/05/2015;08:00;13;001272;805;Torino - Rebaudengo;04;Biossido di azoto (NO2);23;microgrammi / metro cubo;68.0;V;
02/05/2015;09:00;13;001272;805;Torino - Rebaudengo;04;Biossido di azoto (NO2);23;microgrammi / metro cubo;75.0;V;
02/05/2015;10:00;13;001272;805;Torino - Rebaudengo;04;Biossido di azoto (NO2);23;microgrammi / metro cubo;69.0;V;
02/05/2015;11:00;13;001272;805;Torino - Rebaudengo;04;Biossido di azoto (NO2);23;microgrammi / metro cubo;71.0;V;
02/05/2015;12:00;13;001272;805;Torino - Rebaudengo;04;Biossido di azoto (NO2);23;microgrammi / metro cubo;59.0;V;
02/05/2015;13:00;13;001272;805;Torino - Rebaudengo;04;Biossido di azoto (NO2);23;microgrammi / metro cubo;45.0;V;
02/05/2015;14:00;13;001272;805;Torino - Rebaudengo;04;Biossido di azoto (NO2);23;microgrammi / metro cubo;46.0;V;
02/05/2015;15:00;13;001272;805;Torino - Rebaudengo;04;Biossido di azoto (NO2);23;microgrammi / metro cubo;47.0;V;
02/05/2015;16:00;13;001272;805;Torino - Rebaudengo;04;Biossido di azoto (NO2);23;microgrammi / metro cubo;53.0;V;
02/05/2015;17:00;13;001272;805;Torino - Rebaudengo;04;Biossido di azoto (NO2);23;microgrammi / metro cubo;52.0;V;
02/05/2015;18:00;13;001272;805;Torino - Rebaudengo;04;Biossido di azoto (NO2);23;microgrammi / metro cubo;47.0;V;
02/05/2015;19:00;13;001272;805;Torino - Rebaudengo;04;Biossido di azoto (NO2);23;microgrammi / metro cubo;56.0;V;
02/05/2015;20:00;13;001272;805;Torino - Rebaudengo;04;Biossido di azoto (NO2);23;microgrammi / metro cubo;50.0;V;
02/05/2015;21:00;13;001272;805;Torino - Rebaudengo;04;Biossido di azoto (NO2);23;microgrammi / metro cubo;43.0;V;
02/05/2015;22:00;13;001272;805;Torino - Rebaudengo;04;Biossido di azoto (NO2);23;microgrammi / metro cubo;44.0;V;
02/05/2015;23:00;13;001272;805;Torino - Rebaudengo;04;Biossido di azoto (NO2);23;microgrammi / metro cubo;59.0;V;
02/05/2015;23:59;13;001272;805;Torino - Rebaudengo;04;Biossido di azoto (NO2);23;microgrammi / metro cubo;72.0;V;
03/05/2015;01:00;13;001272;805;Torino - Rebaudengo;04;Biossido di azoto (NO2);23;microgrammi / metro cubo;59.0;V;
03/05/2015;02:00;13;001272;805;Torino - Rebaudengo;04;Biossido di azoto (NO2);23;microgrammi / metro cubo;50.0;V;
03/05/2015;03:00;13;001272;805;Torino - Rebaudengo;04;Biossido di azoto (NO2);23;microgrammi / metro cubo;45.0;V;
03/05/2015;04:00;13;001272;805;Torino - Rebaudengo;04;Biossido di azoto (NO2);23;microgrammi / metro cubo;44.0;V;
03/05/2015;05:00;13;001272;805;Torino - Rebaudengo;04;Biossido di azoto (NO2);23;microgrammi / metro cubo;33.0;V;
03/05/2015;06:00;13;001272;805;Torino - Rebaudengo;04;Biossido di azoto (NO2);23;microgrammi / metro cubo;54.0;V;
03/05/2015;07:00;13;001272;805;Torino - Rebaudengo;04;Biossido di azoto (NO2);23;microgrammi / metro cubo;49.0;V;
03/05/2015;08:00;13;001272;805;Torino - Rebaudengo;04;Biossido di azoto (NO2);23;microgrammi / metro cubo;40.0;V;
03/05/2015;09:00;13;001272;805;Torino - Rebaudengo;04;Biossido di azoto (NO2);23;microgrammi / metro cubo;39.0;V;
03/05/2015;10:00;13;001272;805;Torino - Rebaudengo;04;Biossido di azoto (NO2);23;microgrammi / metro cubo;34.0;V;
03/05/2015;11:00;13;001272;805;Torino - Rebaudengo;04;Biossido di azoto (NO2);23;microgrammi / metro cubo;43.0;V;
03/05/2015;12:00;13;001272;805;Torino - Rebaudengo;04;Biossido di azoto (NO2);23;microgrammi / metro cubo;35.0;V;
03/05/2015;13:00;13;001272;805;Torino - Rebaudengo;04;Biossido di azoto (NO2);23;microgrammi / metro cubo;42.0;V;
03/05/2015;14:00;13;001272;805;Torino - Rebaudengo;04;Biossido di azoto (NO2);23;microgrammi / metro cubo;35.0;V;
03/05/2015;15:00;13;001272;805;Torino - Rebaudengo;04;Biossido di azoto (NO2);23;microgrammi / metro cubo;33.0;V;
03/05/2015;16:00;13;001272;805;Torino - Rebaudengo;04;Biossido di azoto (NO2);23;microgrammi / metro cubo;48.0;V;
03/05/2015;17:00;13;001272;805;Torino - Rebaudengo;04;Biossido di azoto (NO2);23;microgrammi / metro cubo;45.0;V;
03/05/2015;18:00;13;001272;805;Torino - Rebaudengo;04;Biossido di azoto (NO2);23;microgrammi / metro cubo;38.0;V;
03/05/2015;19:00;13;001272;805;Torino - Rebaudengo;04;Biossido di azoto (NO2);23;microgrammi / metro cubo;51.0;V;
03/05/2015;20:00;13;001272;805;Torino - Rebaudengo;04;Biossido di azoto (NO2);23;microgrammi / metro cubo;48.0;V;
03/05/2015;21:00;13;001272;805;Torino - Rebaudengo;04;Biossido di azoto (NO2);23;microgrammi / metro cubo;47.0;V;
03/05/2015;22:00;13;001272;805;Torino - Rebaudengo;04;Biossido di azoto (NO2);23;microgrammi / metro cubo;46.0;V;
03/05/2015;23:00;13;001272;805;Torino - Rebaudengo;04;Biossido di azoto (NO2);23;microgrammi / metro cubo;35.0;V;
03/05/2015;23:59;13;001272;805;Torino - Rebaudengo;04;Biossido di azoto (NO2);23;microgrammi / metro cubo;35.0;V;
04/05/2015;01:00;13;001272;805;Torino - Rebaudengo;04;Biossido di azoto (NO2);23;microgrammi / metro cubo;21.0;V;
04/05/2015;02:00;13;001272;805;Torino - Rebaudengo;04;Biossido di azoto (NO2);23;microgrammi / metro cubo;20.0;V;
04/05/2015;03:00;13;001272;805;Torino - Rebaudengo;04;Biossido di azoto (NO2);23;microgrammi / metro cubo;26.0;V;
04/05/2015;04:00;13;001272;805;Torino - Rebaudengo;04;Biossido di azoto (NO2);23;microgrammi / metro cubo;34.0;V;
04/05/2015;05:00;13;001272;805;Torino - Rebaudengo;04;Biossido di azoto (NO2);23;microgrammi / metro cubo;46.0;V;
04/05/2015;06:00;13;001272;805;Torino - Rebaudengo;04;Biossido di azoto (NO2);23;microgrammi / metro cubo;60.0;V;
04/05/2015;07:00;13;001272;805;Torino - Rebaudengo;04;Biossido di azoto (NO2);23;microgrammi / metro cubo;75.0;V;
04/05/2015;08:00;13;001272;805;Torino - Rebaudengo;04;Biossido di azoto (NO2);23;microgrammi / metro cubo;78.0;V;
04/05/2015;09:00;13;001272;805;Torino - Rebaudengo;04;Biossido di azoto (NO2);23;microgrammi / metro cubo;85.0;V;
04/05/2015;10:00;13;001272;805;Torino - Rebaudengo;04;Biossido di azoto (NO2);23;microgrammi / metro cubo;65.0;V;
04/05/2015;11:00;13;001272;805;Torino - Rebaudengo;04;Biossido di azoto (NO2);23;microgrammi / metro cubo;60.0;V;
04/05/2015;12:00;13;001272;805;Torino - Rebaudengo;04;Biossido di azoto (NO2);23;microgrammi / metro cubo;64.0;V;
04/05/2015;13:00;13;001272;805;Torino - Rebaudengo;04;Biossido di azoto (NO2);23;microgrammi / metro cubo;64.0;V;
04/05/2015;14:00;13;001272;805;Torino - Rebaudengo;04;Biossido di azoto (NO2);23;microgrammi / metro cubo;62.0;V;
04/05/2015;15:00;13;001272;805;Torino - Rebaudengo;04;Biossido di azoto (NO2);23;microgrammi / metro cubo;55.0;V;
04/05/2015;16:00;13;001272;805;Torino - Rebaudengo;04;Biossido di azoto (NO2);23;microgrammi / metro cubo;54.0;V;
04/05/2015;17:00;13;001272;805;Torino - Rebaudengo;04;Biossido di azoto (NO2);23;microgrammi / metro cubo;63.0;V;
04/05/2015;18:00;13;001272;805;Torino - Rebaudengo;04;Biossido di azoto (NO2);23;microgrammi / metro cubo;69.0;V;
04/05/2015;19:00;13;001272;805;Torino - Rebaudengo;04;Biossido di azoto (NO2);23;microgrammi / metro cubo;58.0;V;
04/05/2015;20:00;13;001272;805;Torino - Rebaudengo;04;Biossido di azoto (NO2);23;microgrammi / metro cubo;60.0;V;
04/05/2015;21:00;13;001272;805;Torino - Rebaudengo;04;Biossido di azoto (NO2);23;microgrammi / metro cubo;61.0;V;
04/05/2015;22:00;13;001272;805;Torino - Rebaudengo;04;Biossido di azoto (NO2);23;microgrammi / metro cubo;54.0;V;
04/05/2015;23:00;13;001272;805;Torino - Rebaudengo;04;Biossido di azoto (NO2);23;microgrammi / metro cubo;54.0;V;
04/05/2015;23:59;13;001272;805;Torino - Rebaudengo;04;Biossido di azoto (NO2);23;microgrammi / metro cubo;46.0;V;
05/05/2015;01:00;13;001272;805;Torino - Rebaudengo;04;Biossido di azoto (NO2);23;microgrammi / metro cubo;42.0;V;
05/05/2015;02:00;13;001272;805;Torino - Rebaudengo;04;Biossido di azoto (NO2);23;microgrammi / metro cubo;34.0;V;
05/05/2015;03:00;13;001272;805;Torino - Rebaudengo;04;Biossido di azoto (NO2);23;microgrammi / metro cubo;30.0;V;
05/05/2015;04:00;13;001272;805;Torino - Rebaudengo;04;Biossido di azoto (NO2);23;microgrammi / metro cubo;39.0;V;
05/05/2015;05:00;13;001272;805;Torino - Rebaudengo;04;Biossido di azoto (NO2);23;microgrammi / metro cubo;50.0;V;
05/05/2015;06:00;13;001272;805;Torino - Rebaudengo;04;Biossido di azoto (NO2);23;microgrammi / metro cubo;72.0;V;
05/05/2015;07:00;13;001272;805;Torino - Rebaudengo;04;Biossido di azoto (NO2);23;microgrammi / metro cubo;81.0;V;
05/05/2015;08:00;13;001272;805;Torino - Rebaudengo;04;Biossido di azoto (NO2);23;microgrammi / metro cubo;81.0;V;
05/05/2015;09:00;13;001272;805;Torino - Rebaudengo;04;Biossido di azoto (NO2);23;microgrammi / metro cubo;73.0;V;
05/05/2015;10:00;13;001272;805;Torino - Rebaudengo;04;Biossido di azoto (NO2);23;microgrammi / metro cubo;67.0;V;
05/05/2015;11:00;13;001272;805;Torino - Rebaudengo;04;Biossido di azoto (NO2);23;microgrammi / metro cubo;56.0;V;
05/05/2015;12:00;13;001272;805;Torino - Rebaudengo;04;Biossido di azoto (NO2);23;microgrammi / metro cubo;43.0;V;
05/05/2015;13:00;13;001272;805;Torino - Rebaudengo;04;Biossido di azoto (NO2);23;microgrammi / metro cubo;41.0;V;
05/05/2015;14:00;13;001272;805;Torino - Rebaudengo;04;Biossido di azoto (NO2);23;microgrammi / metro cubo;47.0;V;
05/05/2015;15:00;13;001272;805;Torino - Rebaudengo;04;Biossido di azoto (NO2);23;microgrammi / metro cubo;55.0;V;
05/05/2015;16:00;13;001272;805;Torino - Rebaudengo;04;Biossido di azoto (NO2);23;microgrammi / metro cubo;55.0;V;
05/05/2015;17:00;13;001272;805;Torino - Rebaudengo;04;Biossido di azoto (NO2);23;microgrammi / metro cubo;76.0;V;
05/05/2015;18:00;13;001272;805;Torino - Rebaudengo;04;Biossido di azoto (NO2);23;microgrammi / metro cubo;55.0;V;
05/05/2015;19:00;13;001272;805;Torino - Rebaudengo;04;Biossido di azoto (NO2);23;microgrammi / metro cubo;69.0;V;
05/05/2015;20:00;13;001272;805;Torino - Rebaudengo;04;Biossido di azoto (NO2);23;microgrammi / metro cubo;72.0;V;
05/05/2015;21:00;13;001272;805;Torino - Rebaudengo;04;Biossido di azoto (NO2);23;microgrammi / metro cubo;77.0;V;
05/05/2015;22:00;13;001272;805;Torino - Rebaudengo;04;Biossido di azoto (NO2);23;microgrammi / metro cubo;83.0;V;
05/05/2015;23:00;13;001272;805;Torino - Rebaudengo;04;Biossido di azoto (NO2);23;microgrammi / metro cubo;85.0;V;
05/05/2015;23:59;13;001272;805;Torino - Rebaudengo;04;Biossido di azoto (NO2);23;microgrammi / metro cubo;70.0;V;
06/05/2015;01:00;13;001272;805;Torino - Rebaudengo;04;Biossido di azoto (NO2);23;microgrammi / metro cubo;59.0;V;
06/05/2015;02:00;13;001272;805;Torino - Rebaudengo;04;Biossido di azoto (NO2);23;microgrammi / metro cubo;56.0;V;
06/05/2015;03:00;13;001272;805;Torino - Rebaudengo;04;Biossido di azoto (NO2);23;microgrammi / metro cubo;48.0;V;
06/05/2015;04:00;13;001272;805;Torino - Rebaudengo;04;Biossido di azoto (NO2);23;microgrammi / metro cubo;55.0;V;
06/05/2015;05:00;13;001272;805;Torino - Rebaudengo;04;Biossido di azoto (NO2);23;microgrammi / metro cubo;48.0;V;
06/05/2015;06:00;13;001272;805;Torino - Rebaudengo;04;Biossido di azoto (NO2);23;microgrammi / metro cubo;65.0;V;
06/05/2015;07:00;13;001272;805;Torino - Rebaudengo;04;Biossido di azoto (NO2);23;microgrammi / metro cubo;75.0;V;
06/05/2015;08:00;13;001272;805;Torino - Rebaudengo;04;Biossido di azoto (NO2);23;microgrammi / metro cubo;99.0;V;
06/05/2015;09:00;13;001272;805;Torino - Rebaudengo;04;Biossido di azoto (NO2);23;microgrammi / metro cubo;87.0;V;
06/05/2015;10:00;13;001272;805;Torino - Rebaudengo;04;Biossido di azoto (NO2);23;microgrammi / metro cubo;87.0;V;
06/05/2015;11:00;13;001272;805;Torino - Rebaudengo;04;Biossido di azoto (NO2);23;microgrammi / metro cubo;64.0;V;
06/05/2015;12:00;13;001272;805;Torino - Rebaudengo;04;Biossido di azoto (NO2);23;microgrammi / metro cubo;70.0;V;
06/05/2015;13:00;13;001272;805;Torino - Rebaudengo;04;Biossido di azoto (NO2);23;microgrammi / metro cubo;53.0;V;
06/05/2015;14:00;13;001272;805;Torino - Rebaudengo;04;Biossido di azoto (NO2);23;microgrammi / metro cubo;50.0;V;
06/05/2015;15:00;13;001272;805;Torino - Rebaudengo;04;Biossido di azoto (NO2);23;microgrammi / metro cubo;48.0;V;
06/05/2015;16:00;13;001272;805;Torino - Rebaudengo;04;Biossido di azoto (NO2);23;microgrammi / metro cubo;46.0;V;
06/05/2015;17:00;13;001272;805;Torino - Rebaudengo;04;Biossido di azoto (NO2);23;microgrammi / metro cubo;68.0;V;
06/05/2015;18:00;13;001272;805;Torino - Rebaudengo;04;Biossido di azoto (NO2);23;microgrammi / metro cubo;80.0;V;
06/05/2015;19:00;13;001272;805;Torino - Rebaudengo;04;Biossido di azoto (NO2);23;microgrammi / metro cubo;91.0;V;
06/05/2015;20:00;13;001272;805;Torino - Rebaudengo;04;Biossido di azoto (NO2);23;microgrammi / metro cubo;101.0;V;
06/05/2015;21:00;13;001272;805;Torino - Rebaudengo;04;Biossido di azoto (NO2);23;microgrammi / metro cubo;110.0;V;
06/05/2015;22:00;13;001272;805;Torino - Rebaudengo;04;Biossido di azoto (NO2);23;microgrammi / metro cubo;112.0;V;
06/05/2015;23:00;13;001272;805;Torino - Rebaudengo;04;Biossido di azoto (NO2);23;microgrammi / metro cubo;107.0;V;
06/05/2015;23:59;13;001272;805;Torino - Rebaudengo;04;Biossido di azoto (NO2);23;microgrammi / metro cubo;102.0;V;
07/05/2015;01:00;13;001272;805;Torino - Rebaudengo;04;Biossido di azoto (NO2);23;microgrammi / metro cubo;78.0;V;
07/05/2015;02:00;13;001272;805;Torino - Rebaudengo;04;Biossido di azoto (NO2);23;microgrammi / metro cubo;59.0;V;
07/05/2015;03:00;13;001272;805;Torino - Rebaudengo;04;Biossido di azoto (NO2);23;microgrammi / metro cubo;56.0;V;
07/05/2015;04:00;13;001272;805;Torino - Rebaudengo;04;Biossido di azoto (NO2);23;microgrammi / metro cubo;60.0;V;
07/05/2015;05:00;13;001272;805;Torino - Rebaudengo;04;Biossido di azoto (NO2);23;microgrammi / metro cubo;60.0;V;
07/05/2015;06:00;13;001272;805;Torino - Rebaudengo;04;Biossido di azoto (NO2);23;microgrammi / metro cubo;69.0;V;
07/05/2015;07:00;13;001272;805;Torino - Rebaudengo;04;Biossido di azoto (NO2);23;microgrammi / metro cubo;82.0;V;
07/05/2015;08:00;13;001272;805;Torino - Rebaudengo;04;Biossido di azoto (NO2);23;microgrammi / metro cubo;96.0;V;
07/05/2015;09:00;13;001272;805;Torino - Rebaudengo;04;Biossido di azoto (NO2);23;microgrammi / metro cubo;77.0;V;
07/05/2015;10:00;13;001272;805;Torino - Rebaudengo;04;Biossido di azoto (NO2);23;microgrammi / metro cubo;72.0;V;
07/05/2015;11:00;13;001272;805;Torino - Rebaudengo;04;Biossido di azoto (NO2);23;microgrammi / metro cubo;48.0;V;
07/05/2015;12:00;13;001272;805;Torino - Rebaudengo;04;Biossido di azoto (NO2);23;microgrammi / metro cubo;41.0;V;
07/05/2015;13:00;13;001272;805;Torino - Rebaudengo;04;Biossido di azoto (NO2);23;microgrammi / metro cubo;43.0;V;
07/05/2015;14:00;13;001272;805;Torino - Rebaudengo;04;Biossido di azoto (NO2);23;microgrammi / metro cubo;43.0;V;
07/05/2015;15:00;13;001272;805;Torino - Rebaudengo;04;Biossido di azoto (NO2);23;microgrammi / metro cubo;60.0;V;
07/05/2015;16:00;13;001272;805;Torino - Rebaudengo;04;Biossido di azoto (NO2);23;microgrammi / metro cubo;46.0;V;
07/05/2015;17:00;13;001272;805;Torino - Rebaudengo;04;Biossido di azoto (NO2);23;microgrammi / metro cubo;60.0;V;
07/05/2015;18:00;13;001272;805;Torino - Rebaudengo;04;Biossido di azoto (NO2);23;microgrammi / metro cubo;66.0;V;
07/05/2015;19:00;13;001272;805;Torino - Rebaudengo;04;Biossido di azoto (NO2);23;microgrammi / metro cubo;73.0;V;
07/05/2015;20:00;13;001272;805;Torino - Rebaudengo;04;Biossido di azoto (NO2);23;microgrammi / metro cubo;83.0;V;
07/05/2015;21:00;13;001272;805;Torino - Rebaudengo;04;Biossido di azoto (NO2);23;microgrammi / metro cubo;121.0;V;
07/05/2015;22:00;13;001272;805;Torino - Rebaudengo;04;Biossido di azoto (NO2);23;microgrammi / metro cubo;115.0;V;
07/05/2015;23:00;13;001272;805;Torino - Rebaudengo;04;Biossido di azoto (NO2);23;microgrammi / metro cubo;61.0;V;
07/05/2015;23:59;13;001272;805;Torino - Rebaudengo;04;Biossido di azoto (NO2);23;microgrammi / metro cubo;67.0;V;
08/05/2015;01:00;13;001272;805;Torino - Rebaudengo;04;Biossido di azoto (NO2);23;microgrammi / metro cubo;81.0;V;
08/05/2015;02:00;13;001272;805;Torino - Rebaudengo;04;Biossido di azoto (NO2);23;microgrammi / metro cubo;70.0;V;
08/05/2015;03:00;13;001272;805;Torino - Rebaudengo;04;Biossido di azoto (NO2);23;microgrammi / metro cubo;50.0;V;
08/05/2015;04:00;13;001272;805;Torino - Rebaudengo;04;Biossido di azoto (NO2);23;microgrammi / metro cubo;72.0;V;
08/05/2015;05:00;13;001272;805;Torino - Rebaudengo;04;Biossido di azoto (NO2);23;microgrammi / metro cubo;65.0;V;
08/05/2015;06:00;13;001272;805;Torino - Rebaudengo;04;Biossido di azoto (NO2);23;microgrammi / metro cubo;74.0;V;
08/05/2015;07:00;13;001272;805;Torino - Rebaudengo;04;Biossido di azoto (NO2);23;microgrammi / metro cubo;92.0;V;
08/05/2015;08:00;13;001272;805;Torino - Rebaudengo;04;Biossido di azoto (NO2);23;microgrammi / metro cubo;113.0;V;
08/05/2015;09:00;13;001272;805;Torino - Rebaudengo;04;Biossido di azoto (NO2);23;microgrammi / metro cubo;102.0;V;
08/05/2015;10:00;13;001272;805;Torino - Rebaudengo;04;Biossido di azoto (NO2);23;microgrammi / metro cubo;81.0;V;
08/05/2015;11:00;13;001272;805;Torino - Rebaudengo;04;Biossido di azoto (NO2);23;microgrammi / metro cubo;59.0;V;
08/05/2015;12:00;13;001272;805;Torino - Rebaudengo;04;Biossido di azoto (NO2);23;microgrammi / metro cubo;56.0;V;
08/05/2015;13:00;13;001272;805;Torino - Rebaudengo;04;Biossido di azoto (NO2);23;microgrammi / metro cubo;41.0;V;
08/05/2015;14:00;13;001272;805;Torino - Rebaudengo;04;Biossido di azoto (NO2);23;microgrammi / metro cubo;55.0;V;
08/05/2015;15:00;13;001272;805;Torino - Rebaudengo;04;Biossido di azoto (NO2);23;microgrammi / metro cubo;62.0;V;
08/05/2015;16:00;13;001272;805;Torino - Rebaudengo;04;Biossido di azoto (NO2);23;microgrammi / metro cubo;61.0;V;
08/05/2015;17:00;13;001272;805;Torino - Rebaudengo;04;Biossido di azoto (NO2);23;microgrammi / metro cubo;70.0;V;
08/05/2015;18:00;13;001272;805;Torino - Rebaudengo;04;Biossido di azoto (NO2);23;microgrammi / metro cubo;70.0;V;
08/05/2015;19:00;13;001272;805;Torino - Rebaudengo;04;Biossido di azoto (NO2);23;microgrammi / metro cubo;74.0;V;
08/05/2015;20:00;13;001272;805;Torino - Rebaudengo;04;Biossido di azoto (NO2);23;microgrammi / metro cubo;93.0;V;
08/05/2015;21:00;13;001272;805;Torino - Rebaudengo;04;Biossido di azoto (NO2);23;microgrammi / metro cubo;86.0;V;
08/05/2015;22:00;13;001272;805;Torino - Rebaudengo;04;Biossido di azoto (NO2);23;microgrammi / metro cubo;89.0;V;
08/05/2015;23:00;13;001272;805;Torino - Rebaudengo;04;Biossido di azoto (NO2);23;microgrammi / metro cubo;93.0;V;
08/05/2015;23:59;13;001272;805;Torino - Rebaudengo;04;Biossido di azoto (NO2);23;microgrammi / metro cubo;67.0;V;
09/05/2015;01:00;13;001272;805;Torino - Rebaudengo;04;Biossido di azoto (NO2);23;microgrammi / metro cubo;73.0;V;
09/05/2015;02:00;13;001272;805;Torino - Rebaudengo;04;Biossido di azoto (NO2);23;microgrammi / metro cubo;63.0;V;
09/05/2015;03:00;13;001272;805;Torino - Rebaudengo;04;Biossido di azoto (NO2);23;microgrammi / metro cubo;59.0;V;
09/05/2015;04:00;13;001272;805;Torino - Rebaudengo;04;Biossido di azoto (NO2);23;microgrammi / metro cubo;52.0;V;
09/05/2015;05:00;13;001272;805;Torino - Rebaudengo;04;Biossido di azoto (NO2);23;microgrammi / metro cubo;53.0;V;
09/05/2015;06:00;13;001272;805;Torino - Rebaudengo;04;Biossido di azoto (NO2);23;microgrammi / metro cubo;70.0;V;
09/05/2015;07:00;13;001272;805;Torino - Rebaudengo;04;Biossido di azoto (NO2);23;microgrammi / metro cubo;69.0;V;
09/05/2015;08:00;13;001272;805;Torino - Rebaudengo;04;Biossido di azoto (NO2);23;microgrammi / metro cubo;75.0;V;
09/05/2015;09:00;13;001272;805;Torino - Rebaudengo;04;Biossido di azoto (NO2);23;microgrammi / metro cubo;83.0;V;
09/05/2015;10:00;13;001272;805;Torino - Rebaudengo;04;Biossido di azoto (NO2);23;microgrammi / metro cubo;83.0;V;
09/05/2015;11:00;13;001272;805;Torino - Rebaudengo;04;Biossido di azoto (NO2);23;microgrammi / metro cubo;81.0;V;
09/05/2015;12:00;13;001272;805;Torino - Rebaudengo;04;Biossido di azoto (NO2);23;microgrammi / metro cubo;78.0;V;
09/05/2015;13:00;13;001272;805;Torino - Rebaudengo;04;Biossido di azoto (NO2);23;microgrammi / metro cubo;50.0;V;
09/05/2015;14:00;13;001272;805;Torino - Rebaudengo;04;Biossido di azoto (NO2);23;microgrammi / metro cubo;49.0;V;
09/05/2015;15:00;13;001272;805;Torino - Rebaudengo;04;Biossido di azoto (NO2);23;microgrammi / metro cubo;50.0;V;
09/05/2015;16:00;13;001272;805;Torino - Rebaudengo;04;Biossido di azoto (NO2);23;microgrammi / metro cubo;48.0;V;
09/05/2015;17:00;13;001272;805;Torino - Rebaudengo;04;Biossido di azoto (NO2);23;microgrammi / metro cubo;36.0;V;
09/05/2015;18:00;13;001272;805;Torino - Rebaudengo;04;Biossido di azoto (NO2);23;microgrammi / metro cubo;49.0;V;
09/05/2015;19:00;13;001272;805;Torino - Rebaudengo;04;Biossido di azoto (NO2);23;microgrammi / metro cubo;68.0;V;
09/05/2015;20:00;13;001272;805;Torino - Rebaudengo;04;Biossido di azoto (NO2);23;microgrammi / metro cubo;120.0;V;
09/05/2015;21:00;13;001272;805;Torino - Rebaudengo;04;Biossido di azoto (NO2);23;microgrammi / metro cubo;136.0;V;
09/05/2015;22:00;13;001272;805;Torino - Rebaudengo;04;Biossido di azoto (NO2);23;microgrammi / metro cubo;88.0;V;
09/05/2015;23:00;13;001272;805;Torino - Rebaudengo;04;Biossido di azoto (NO2);23;microgrammi / metro cubo;72.0;V;
09/05/2015;23:59;13;001272;805;Torino - Rebaudengo;04;Biossido di azoto (NO2);23;microgrammi / metro cubo;102.0;V;
10/05/2015;01:00;13;001272;805;Torino - Rebaudengo;04;Biossido di azoto (NO2);23;microgrammi / metro cubo;83.0;V;
10/05/2015;02:00;13;001272;805;Torino - Rebaudengo;04;Biossido di azoto (NO2);23;microgrammi / metro cubo;73.0;V;
10/05/2015;03:00;13;001272;805;Torino - Rebaudengo;04;Biossido di azoto (NO2);23;microgrammi / metro cubo;87.0;V;
10/05/2015;04:00;13;001272;805;Torino - Rebaudengo;04;Biossido di azoto (NO2);23;microgrammi / metro cubo;63.0;V;
10/05/2015;05:00;13;001272;805;Torino - Rebaudengo;04;Biossido di azoto (NO2);23;microgrammi / metro cubo;77.0;V;
10/05/2015;06:00;13;001272;805;Torino - Rebaudengo;04;Biossido di azoto (NO2);23;microgrammi / metro cubo;81.0;V;
10/05/2015;07:00;13;001272;805;Torino - Rebaudengo;04;Biossido di azoto (NO2);23;microgrammi / metro cubo;78.0;V;
10/05/2015;08:00;13;001272;805;Torino - Rebaudengo;04;Biossido di azoto (NO2);23;microgrammi / metro cubo;65.0;V;
10/05/2015;09:00;13;001272;805;Torino - Rebaudengo;04;Biossido di azoto (NO2);23;microgrammi / metro cubo;59.0;V;
10/05/2015;10:00;13;001272;805;Torino - Rebaudengo;04;Biossido di azoto (NO2);23;microgrammi / metro cubo;44.0;V;
10/05/2015;11:00;13;001272;805;Torino - Rebaudengo;04;Biossido di azoto (NO2);23;microgrammi / metro cubo;35.0;V;
10/05/2015;12:00;13;001272;805;Torino - Rebaudengo;04;Biossido di azoto (NO2);23;microgrammi / metro cubo;41.0;V;
10/05/2015;13:00;13;001272;805;Torino - Rebaudengo;04;Biossido di azoto (NO2);23;microgrammi / metro cubo;33.0;V;
10/05/2015;14:00;13;001272;805;Torino - Rebaudengo;04;Biossido di azoto (NO2);23;microgrammi / metro cubo;26.0;V;
10/05/2015;15:00;13;001272;805;Torino - Rebaudengo;04;Biossido di azoto (NO2);23;microgrammi / metro cubo;24.0;V;
10/05/2015;16:00;13;001272;805;Torino - Rebaudengo;04;Biossido di azoto (NO2);23;microgrammi / metro cubo;29.0;V;
10/05/2015;17:00;13;001272;805;Torino - Rebaudengo;04;Biossido di azoto (NO2);23;microgrammi / metro cubo;27.0;V;
10/05/2015;18:00;13;001272;805;Torino - Rebaudengo;04;Biossido di azoto (NO2);23;microgrammi / metro cubo;29.0;V;
10/05/2015;19:00;13;001272;805;Torino - Rebaudengo;04;Biossido di azoto (NO2);23;microgrammi / metro cubo;41.0;V;
10/05/2015;20:00;13;001272;805;Torino - Rebaudengo;04;Biossido di azoto (NO2);23;microgrammi / metro cubo;76.0;V;
10/05/2015;21:00;13;001272;805;Torino - Rebaudengo;04;Biossido di azoto (NO2);23;microgrammi / metro cubo;79.0;V;
10/05/2015;22:00;13;001272;805;Torino - Rebaudengo;04;Biossido di azoto (NO2);23;microgrammi / metro cubo;66.0;V;
10/05/2015;23:00;13;001272;805;Torino - Rebaudengo;04;Biossido di azoto (NO2);23;microgrammi / metro cubo;97.0;V;
10/05/2015;23:59;13;001272;805;Torino - Rebaudengo;04;Biossido di azoto (NO2);23;microgrammi / metro cubo;86.0;V;
11/05/2015;01:00;13;001272;805;Torino - Rebaudengo;04;Biossido di azoto (NO2);23;microgrammi / metro cubo;76.0;V;
11/05/2015;02:00;13;001272;805;Torino - Rebaudengo;04;Biossido di azoto (NO2);23;microgrammi / metro cubo;62.0;V;
11/05/2015;03:00;13;001272;805;Torino - Rebaudengo;04;Biossido di azoto (NO2);23;microgrammi / metro cubo;47.0;V;
11/05/2015;04:00;13;001272;805;Torino - Rebaudengo;04;Biossido di azoto (NO2);23;microgrammi / metro cubo;55.0;V;
11/05/2015;05:00;13;001272;805;Torino - Rebaudengo;04;Biossido di azoto (NO2);23;microgrammi / metro cubo;66.0;V;
11/05/2015;06:00;13;001272;805;Torino - Rebaudengo;04;Biossido di azoto (NO2);23;microgrammi / metro cubo;81.0;V;
11/05/2015;07:00;13;001272;805;Torino - Rebaudengo;04;Biossido di azoto (NO2);23;microgrammi / metro cubo;91.0;V;
11/05/2015;08:00;13;001272;805;Torino - Rebaudengo;04;Biossido di azoto (NO2);23;microgrammi / metro cubo;100.0;V;
11/05/2015;09:00;13;001272;805;Torino - Rebaudengo;04;Biossido di azoto (NO2);23;microgrammi / metro cubo;85.0;V;
11/05/2015;10:00;13;001272;805;Torino - Rebaudengo;04;Biossido di azoto (NO2);23;microgrammi / metro cubo;59.0;V;
11/05/2015;11:00;13;001272;805;Torino - Rebaudengo;04;Biossido di azoto (NO2);23;microgrammi / metro cubo;60.0;V;
11/05/2015;12:00;13;001272;805;Torino - Rebaudengo;04;Biossido di azoto (NO2);23;microgrammi / metro cubo;56.0;V;
11/05/2015;13:00;13;001272;805;Torino - Rebaudengo;04;Biossido di azoto (NO2);23;microgrammi / metro cubo;45.0;V;
11/05/2015;14:00;13;001272;805;Torino - Rebaudengo;04;Biossido di azoto (NO2);23;microgrammi / metro cubo;43.0;V;
11/05/2015;15:00;13;001272;805;Torino - Rebaudengo;04;Biossido di azoto (NO2);23;microgrammi / metro cubo;50.0;V;
11/05/2015;16:00;13;001272;805;Torino - Rebaudengo;04;Biossido di azoto (NO2);23;microgrammi / metro cubo;52.0;V;
11/05/2015;17:00;13;001272;805;Torino - Rebaudengo;04;Biossido di azoto (NO2);23;microgrammi / metro cubo;59.0;V;
11/05/2015;18:00;13;001272;805;Torino - Rebaudengo;04;Biossido di azoto (NO2);23;microgrammi / metro cubo;59.0;V;
11/05/2015;19:00;13;001272;805;Torino - Rebaudengo;04;Biossido di azoto (NO2);23;microgrammi / metro cubo;66.0;V;
11/05/2015;20:00;13;001272;805;Torino - Rebaudengo;04;Biossido di azoto (NO2);23;microgrammi / metro cubo;60.0;V;
11/05/2015;21:00;13;001272;805;Torino - Rebaudengo;04;Biossido di azoto (NO2);23;microgrammi / metro cubo;93.0;V;
11/05/2015;22:00;13;001272;805;Torino - Rebaudengo;04;Biossido di azoto (NO2);23;microgrammi / metro cubo;100.0;V;
11/05/2015;23:00;13;001272;805;Torino - Rebaudengo;04;Biossido di azoto (NO2);23;microgrammi / metro cubo;53.0;V;
11/05/2015;23:59;13;001272;805;Torino - Rebaudengo;04;Biossido di azoto (NO2);23;microgrammi / metro cubo;53.0;V;
12/05/2015;01:00;13;001272;805;Torino - Rebaudengo;04;Biossido di azoto (NO2);23;microgrammi / metro cubo;60.0;V;
12/05/2015;02:00;13;001272;805;Torino - Rebaudengo;04;Biossido di azoto (NO2);23;microgrammi / metro cubo;58.0;V;
12/05/2015;03:00;13;001272;805;Torino - Rebaudengo;04;Biossido di azoto (NO2);23;microgrammi / metro cubo;44.0;V;
12/05/2015;04:00;13;001272;805;Torino - Rebaudengo;04;Biossido di azoto (NO2);23;microgrammi / metro cubo;46.0;V;
12/05/2015;05:00;13;001272;805;Torino - Rebaudengo;04;Biossido di azoto (NO2);23;microgrammi / metro cubo;56.0;V;
12/05/2015;06:00;13;001272;805;Torino - Rebaudengo;04;Biossido di azoto (NO2);23;microgrammi / metro cubo;76.0;V;
12/05/2015;07:00;13;001272;805;Torino - Rebaudengo;04;Biossido di azoto (NO2);23;microgrammi / metro cubo;79.0;V;
12/05/2015;08:00;13;001272;805;Torino - Rebaudengo;04;Biossido di azoto (NO2);23;microgrammi / metro cubo;69.0;V;
12/05/2015;09:00;13;001272;805;Torino - Rebaudengo;04;Biossido di azoto (NO2);23;microgrammi / metro cubo;66.0;V;
12/05/2015;10:00;13;001272;805;Torino - Rebaudengo;04;Biossido di azoto (NO2);23;microgrammi / metro cubo;72.0;V;
12/05/2015;11:00;13;001272;805;Torino - Rebaudengo;04;Biossido di azoto (NO2);23;microgrammi / metro cubo;63.0;V;
12/05/2015;12:00;13;001272;805;Torino - Rebaudengo;04;Biossido di azoto (NO2);23;microgrammi / metro cubo;45.0;V;
12/05/2015;13:00;13;001272;805;Torino - Rebaudengo;04;Biossido di azoto (NO2);23;microgrammi / metro cubo;57.0;V;
12/05/2015;14:00;13;001272;805;Torino - Rebaudengo;04;Biossido di azoto (NO2);23;microgrammi / metro cubo;54.0;V;
12/05/2015;15:00;13;001272;805;Torino - Rebaudengo;04;Biossido di azoto (NO2);23;microgrammi / metro cubo;63.0;V;
12/05/2015;16:00;13;001272;805;Torino - Rebaudengo;04;Biossido di azoto (NO2);23;microgrammi / metro cubo;55.0;V;
12/05/2015;17:00;13;001272;805;Torino - Rebaudengo;04;Biossido di azoto (NO2);23;microgrammi / metro cubo;61.0;V;
12/05/2015;18:00;13;001272;805;Torino - Rebaudengo;04;Biossido di azoto (NO2);23;microgrammi / metro cubo;44.0;V;
12/05/2015;19:00;13;001272;805;Torino - Rebaudengo;04;Biossido di azoto (NO2);23;microgrammi / metro cubo;58.0;V;
12/05/2015;20:00;13;001272;805;Torino - Rebaudengo;04;Biossido di azoto (NO2);23;microgrammi / metro cubo;66.0;V;
12/05/2015;21:00;13;001272;805;Torino - Rebaudengo;04;Biossido di azoto (NO2);23;microgrammi / metro cubo;93.0;V;
12/05/2015;22:00;13;001272;805;Torino - Rebaudengo;04;Biossido di azoto (NO2);23;microgrammi / metro cubo;89.0;V;
12/05/2015;23:00;13;001272;805;Torino - Rebaudengo;04;Biossido di azoto (NO2);23;microgrammi / metro cubo;47.0;V;
12/05/2015;23:59;13;001272;805;Torino - Rebaudengo;04;Biossido di azoto (NO2);23;microgrammi / metro cubo;56.0;V;
13/05/2015;01:00;13;001272;805;Torino - Rebaudengo;04;Biossido di azoto (NO2);23;microgrammi / metro cubo;50.0;V;
13/05/2015;02:00;13;001272;805;Torino - Rebaudengo;04;Biossido di azoto (NO2);23;microgrammi / metro cubo;50.0;V;
13/05/2015;03:00;13;001272;805;Torino - Rebaudengo;04;Biossido di azoto (NO2);23;microgrammi / metro cubo;49.0;V;
13/05/2015;04:00;13;001272;805;Torino - Rebaudengo;04;Biossido di azoto (NO2);23;microgrammi / metro cubo;70.0;V;
13/05/2015;05:00;13;001272;805;Torino - Rebaudengo;04;Biossido di azoto (NO2);23;microgrammi / metro cubo;84.0;V;
13/05/2015;06:00;13;001272;805;Torino - Rebaudengo;04;Biossido di azoto (NO2);23;microgrammi / metro cubo;87.0;V;
13/05/2015;07:00;13;001272;805;Torino - Rebaudengo;04;Biossido di azoto (NO2);23;microgrammi / metro cubo;107.0;V;
13/05/2015;08:00;13;001272;805;Torino - Rebaudengo;04;Biossido di azoto (NO2);23;microgrammi / metro cubo;114.0;V;
13/05/2015;09:00;13;001272;805;Torino - Rebaudengo;04;Biossido di azoto (NO2);23;microgrammi / metro cubo;105.0;V;
13/05/2015;10:00;13;001272;805;Torino - Rebaudengo;04;Biossido di azoto (NO2);23;microgrammi / metro cubo;99.0;V;
13/05/2015;11:00;13;001272;805;Torino - Rebaudengo;04;Biossido di azoto (NO2);23;microgrammi / metro cubo;80.0;V;
13/05/2015;12:00;13;001272;805;Torino - Rebaudengo;04;Biossido di azoto (NO2);23;microgrammi / metro cubo;62.0;V;
13/05/2015;13:00;13;001272;805;Torino - Rebaudengo;04;Biossido di azoto (NO2);23;microgrammi / metro cubo;69.0;V;
13/05/2015;14:00;13;001272;805;Torino - Rebaudengo;04;Biossido di azoto (NO2);23;microgrammi / metro cubo;52.0;V;
13/05/2015;15:00;13;001272;805;Torino - Rebaudengo;04;Biossido di azoto (NO2);23;microgrammi / metro cubo;46.0;V;
13/05/2015;16:00;13;001272;805;Torino - Rebaudengo;04;Biossido di azoto (NO2);23;microgrammi / metro cubo;51.0;V;
13/05/2015;17:00;13;001272;805;Torino - Rebaudengo;04;Biossido di azoto (NO2);23;microgrammi / metro cubo;57.0;V;
13/05/2015;18:00;13;001272;805;Torino - Rebaudengo;04;Biossido di azoto (NO2);23;microgrammi / metro cubo;55.0;V;
13/05/2015;19:00;13;001272;805;Torino - Rebaudengo;04;Biossido di azoto (NO2);23;microgrammi / metro cubo;62.0;V;
13/05/2015;20:00;13;001272;805;Torino - Rebaudengo;04;Biossido di azoto (NO2);23;microgrammi / metro cubo;47.0;V;
13/05/2015;21:00;13;001272;805;Torino - Rebaudengo;04;Biossido di azoto (NO2);23;microgrammi / metro cubo;49.0;V;
13/05/2015;22:00;13;001272;805;Torino - Rebaudengo;04;Biossido di azoto (NO2);23;microgrammi / metro cubo;70.0;V;
13/05/2015;23:00;13;001272;805;Torino - Rebaudengo;04;Biossido di azoto (NO2);23;microgrammi / metro cubo;85.0;V;
13/05/2015;23:59;13;001272;805;Torino - Rebaudengo;04;Biossido di azoto (NO2);23;microgrammi / metro cubo;79.0;V;
14/05/2015;01:00;13;001272;805;Torino - Rebaudengo;04;Biossido di azoto (NO2);23;microgrammi / metro cubo;55.0;V;
14/05/2015;02:00;13;001272;805;Torino - Rebaudengo;04;Biossido di azoto (NO2);23;microgrammi / metro cubo;59.0;V;
14/05/2015;03:00;13;001272;805;Torino - Rebaudengo;04;Biossido di azoto (NO2);23;microgrammi / metro cubo;58.0;V;
14/05/2015;04:00;13;001272;805;Torino - Rebaudengo;04;Biossido di azoto (NO2);23;microgrammi / metro cubo;59.0;V;
14/05/2015;05:00;13;001272;805;Torino - Rebaudengo;04;Biossido di azoto (NO2);23;microgrammi / metro cubo;66.0;V;
14/05/2015;06:00;13;001272;805;Torino - Rebaudengo;04;Biossido di azoto (NO2);23;microgrammi / metro cubo;65.0;V;
14/05/2015;07:00;13;001272;805;Torino - Rebaudengo;04;Biossido di azoto (NO2);23;microgrammi / metro cubo;84.0;V;
14/05/2015;08:00;13;001272;805;Torino - Rebaudengo;04;Biossido di azoto (NO2);23;microgrammi / metro cubo;79.0;V;
14/05/2015;09:00;13;001272;805;Torino - Rebaudengo;04;Biossido di azoto (NO2);23;microgrammi / metro cubo;70.0;V;
14/05/2015;10:00;13;001272;805;Torino - Rebaudengo;04;Biossido di azoto (NO2);23;microgrammi / metro cubo;50.0;V;
14/05/2015;11:00;13;001272;805;Torino - Rebaudengo;04;Biossido di azoto (NO2);23;microgrammi / metro cubo;51.0;V;
14/05/2015;12:00;13;001272;805;Torino - Rebaudengo;04;Biossido di azoto (NO2);23;microgrammi / metro cubo;51.0;V;
14/05/2015;13:00;13;001272;805;Torino - Rebaudengo;04;Biossido di azoto (NO2);23;microgrammi / metro cubo;36.0;V;
14/05/2015;14:00;13;001272;805;Torino - Rebaudengo;04;Biossido di azoto (NO2);23;microgrammi / metro cubo;39.0;V;
14/05/2015;15:00;13;001272;805;Torino - Rebaudengo;04;Biossido di azoto (NO2);23;microgrammi / metro cubo;33.0;V;
14/05/2015;16:00;13;001272;805;Torino - Rebaudengo;04;Biossido di azoto (NO2);23;microgrammi / metro cubo;36.0;V;
14/05/2015;17:00;13;001272;805;Torino - Rebaudengo;04;Biossido di azoto (NO2);23;microgrammi / metro cubo;58.0;V;
14/05/2015;18:00;13;001272;805;Torino - Rebaudengo;04;Biossido di azoto (NO2);23;microgrammi / metro cubo;46.0;V;
14/05/2015;19:00;13;001272;805;Torino - Rebaudengo;04;Biossido di azoto (NO2);23;microgrammi / metro cubo;41.0;V;
14/05/2015;20:00;13;001272;805;Torino - Rebaudengo;04;Biossido di azoto (NO2);23;microgrammi / metro cubo;55.0;V;
14/05/2015;21:00;13;001272;805;Torino - Rebaudengo;04;Biossido di azoto (NO2);23;microgrammi / metro cubo;40.0;V;
14/05/2015;22:00;13;001272;805;Torino - Rebaudengo;04;Biossido di azoto (NO2);23;microgrammi / metro cubo;57.0;V;
14/05/2015;23:00;13;001272;805;Torino - Rebaudengo;04;Biossido di azoto (NO2);23;microgrammi / metro cubo;38.0;V;
14/05/2015;23:59;13;001272;805;Torino - Rebaudengo;04;Biossido di azoto (NO2);23;microgrammi / metro cubo;43.0;V;
15/05/2015;01:00;13;001272;805;Torino - Rebaudengo;04;Biossido di azoto (NO2);23;microgrammi / metro cubo;44.0;V;
15/05/2015;02:00;13;001272;805;Torino - Rebaudengo;04;Biossido di azoto (NO2);23;microgrammi / metro cubo;34.0;V;
15/05/2015;03:00;13;001272;805;Torino - Rebaudengo;04;Biossido di azoto (NO2);23;microgrammi / metro cubo;29.0;V;
15/05/2015;04:00;13;001272;805;Torino - Rebaudengo;04;Biossido di azoto (NO2);23;microgrammi / metro cubo;26.0;V;
15/05/2015;05:00;13;001272;805;Torino - Rebaudengo;04;Biossido di azoto (NO2);23;microgrammi / metro cubo;37.0;V;
15/05/2015;06:00;13;001272;805;Torino - Rebaudengo;04;Biossido di azoto (NO2);23;microgrammi / metro cubo;47.0;V;
15/05/2015;07:00;13;001272;805;Torino - Rebaudengo;04;Biossido di azoto (NO2);23;microgrammi / metro cubo;65.0;V;
15/05/2015;08:00;13;001272;805;Torino - Rebaudengo;04;Biossido di azoto (NO2);23;microgrammi / metro cubo;96.0;V;
15/05/2015;09:00;13;001272;805;Torino - Rebaudengo;04;Biossido di azoto (NO2);23;microgrammi / metro cubo;74.0;V;
15/05/2015;10:00;13;001272;805;Torino - Rebaudengo;04;Biossido di azoto (NO2);23;microgrammi / metro cubo;61.0;V;
15/05/2015;11:00;13;001272;805;Torino - Rebaudengo;04;Biossido di azoto (NO2);23;microgrammi / metro cubo;67.0;V;
15/05/2015;12:00;13;001272;805;Torino - Rebaudengo;04;Biossido di azoto (NO2);23;microgrammi / metro cubo;47.0;V;
15/05/2015;13:00;13;001272;805;Torino - Rebaudengo;04;Biossido di azoto (NO2);23;microgrammi / metro cubo;52.0;V;
15/05/2015;14:00;13;001272;805;Torino - Rebaudengo;04;Biossido di azoto (NO2);23;microgrammi / metro cubo;97.0;V;
15/05/2015;15:00;13;001272;805;Torino - Rebaudengo;04;Biossido di azoto (NO2);23;microgrammi / metro cubo;106.0;V;
15/05/2015;16:00;13;001272;805;Torino - Rebaudengo;04;Biossido di azoto (NO2);23;microgrammi / metro cubo;98.0;V;
15/05/2015;17:00;13;001272;805;Torino - Rebaudengo;04;Biossido di azoto (NO2);23;microgrammi / metro cubo;113.0;V;
15/05/2015;18:00;13;001272;805;Torino - Rebaudengo;04;Biossido di azoto (NO2);23;microgrammi / metro cubo;102.0;V;
15/05/2015;19:00;13;001272;805;Torino - Rebaudengo;04;Biossido di azoto (NO2);23;microgrammi / metro cubo;40.0;V;
15/05/2015;20:00;13;001272;805;Torino - Rebaudengo;04;Biossido di azoto (NO2);23;microgrammi / metro cubo;36.0;V;
15/05/2015;21:00;13;001272;805;Torino - Rebaudengo;04;Biossido di azoto (NO2);23;microgrammi / metro cubo;40.0;V;
15/05/2015;22:00;13;001272;805;Torino - Rebaudengo;04;Biossido di azoto (NO2);23;microgrammi / metro cubo;42.0;V;
15/05/2015;23:00;13;001272;805;Torino - Rebaudengo;04;Biossido di azoto (NO2);23;microgrammi / metro cubo;41.0;V;
15/05/2015;23:59;13;001272;805;Torino - Rebaudengo;04;Biossido di azoto (NO2);23;microgrammi / metro cubo;26.0;V;
16/05/2015;01:00;13;001272;805;Torino - Rebaudengo;04;Biossido di azoto (NO2);23;microgrammi / metro cubo;59.0;V;
16/05/2015;02:00;13;001272;805;Torino - Rebaudengo;04;Biossido di azoto (NO2);23;microgrammi / metro cubo;57.0;V;
16/05/2015;03:00;13;001272;805;Torino - Rebaudengo;04;Biossido di azoto (NO2);23;microgrammi / metro cubo;50.0;V;
16/05/2015;04:00;13;001272;805;Torino - Rebaudengo;04;Biossido di azoto (NO2);23;microgrammi / metro cubo;48.0;V;
16/05/2015;05:00;13;001272;805;Torino - Rebaudengo;04;Biossido di azoto (NO2);23;microgrammi / metro cubo;65.0;V;
16/05/2015;06:00;13;001272;805;Torino - Rebaudengo;04;Biossido di azoto (NO2);23;microgrammi / metro cubo;83.0;V;
16/05/2015;07:00;13;001272;805;Torino - Rebaudengo;04;Biossido di azoto (NO2);23;microgrammi / metro cubo;93.0;V;
16/05/2015;08:00;13;001272;805;Torino - Rebaudengo;04;Biossido di azoto (NO2);23;microgrammi / metro cubo;101.0;V;
16/05/2015;09:00;13;001272;805;Torino - Rebaudengo;04;Biossido di azoto (NO2);23;microgrammi / metro cubo;98.0;V;
16/05/2015;10:00;13;001272;805;Torino - Rebaudengo;04;Biossido di azoto (NO2);23;microgrammi / metro cubo;74.0;V;
16/05/2015;11:00;13;001272;805;Torino - Rebaudengo;04;Biossido di azoto (NO2);23;microgrammi / metro cubo;78.0;V;
16/05/2015;12:00;13;001272;805;Torino - Rebaudengo;04;Biossido di azoto (NO2);23;microgrammi / metro cubo;53.0;V;
16/05/2015;13:00;13;001272;805;Torino - Rebaudengo;04;Biossido di azoto (NO2);23;microgrammi / metro cubo;40.0;V;
16/05/2015;14:00;13;001272;805;Torino - Rebaudengo;04;Biossido di azoto (NO2);23;microgrammi / metro cubo;47.0;V;
16/05/2015;15:00;13;001272;805;Torino - Rebaudengo;04;Biossido di azoto (NO2);23;microgrammi / metro cubo;35.0;V;
16/05/2015;16:00;13;001272;805;Torino - Rebaudengo;04;Biossido di azoto (NO2);23;microgrammi / metro cubo;42.0;V;
16/05/2015;17:00;13;001272;805;Torino - Rebaudengo;04;Biossido di azoto (NO2);23;microgrammi / metro cubo;42.0;V;
16/05/2015;18:00;13;001272;805;Torino - Rebaudengo;04;Biossido di azoto (NO2);23;microgrammi / metro cubo;51.0;V;
16/05/2015;19:00;13;001272;805;Torino - Rebaudengo;04;Biossido di azoto (NO2);23;microgrammi / metro cubo;52.0;V;
16/05/2015;20:00;13;001272;805;Torino - Rebaudengo;04;Biossido di azoto (NO2);23;microgrammi / metro cubo;62.0;V;
16/05/2015;21:00;13;001272;805;Torino - Rebaudengo;04;Biossido di azoto (NO2);23;microgrammi / metro cubo;58.0;V;
16/05/2015;22:00;13;001272;805;Torino - Rebaudengo;04;Biossido di azoto (NO2);23;microgrammi / metro cubo;78.0;V;
16/05/2015;23:00;13;001272;805;Torino - Rebaudengo;04;Biossido di azoto (NO2);23;microgrammi / metro cubo;48.0;V;
16/05/2015;23:59;13;001272;805;Torino - Rebaudengo;04;Biossido di azoto (NO2);23;microgrammi / metro cubo;50.0;V;
17/05/2015;01:00;13;001272;805;Torino - Rebaudengo;04;Biossido di azoto (NO2);23;microgrammi / metro cubo;55.0;V;
17/05/2015;02:00;13;001272;805;Torino - Rebaudengo;04;Biossido di azoto (NO2);23;microgrammi / metro cubo;40.0;V;
17/05/2015;03:00;13;001272;805;Torino - Rebaudengo;04;Biossido di azoto (NO2);23;microgrammi / metro cubo;44.0;V;
17/05/2015;04:00;13;001272;805;Torino - Rebaudengo;04;Biossido di azoto (NO2);23;microgrammi / metro cubo;49.0;V;
17/05/2015;05:00;13;001272;805;Torino - Rebaudengo;04;Biossido di azoto (NO2);23;microgrammi / metro cubo;42.0;V;
17/05/2015;06:00;13;001272;805;Torino - Rebaudengo;04;Biossido di azoto (NO2);23;microgrammi / metro cubo;34.0;V;
17/05/2015;07:00;13;001272;805;Torino - Rebaudengo;04;Biossido di azoto (NO2);23;microgrammi / metro cubo;40.0;V;
17/05/2015;08:00;13;001272;805;Torino - Rebaudengo;04;Biossido di azoto (NO2);23;microgrammi / metro cubo;36.0;V;
17/05/2015;09:00;13;001272;805;Torino - Rebaudengo;04;Biossido di azoto (NO2);23;microgrammi / metro cubo;41.0;V;
17/05/2015;10:00;13;001272;805;Torino - Rebaudengo;04;Biossido di azoto (NO2);23;microgrammi / metro cubo;35.0;V;
17/05/2015;11:00;13;001272;805;Torino - Rebaudengo;04;Biossido di azoto (NO2);23;microgrammi / metro cubo;29.0;V;
17/05/2015;12:00;13;001272;805;Torino - Rebaudengo;04;Biossido di azoto (NO2);23;microgrammi / metro cubo;24.0;V;
17/05/2015;13:00;13;001272;805;Torino - Rebaudengo;04;Biossido di azoto (NO2);23;microgrammi / metro cubo;16.0;V;
17/05/2015;14:00;13;001272;805;Torino - Rebaudengo;04;Biossido di azoto (NO2);23;microgrammi / metro cubo;18.0;V;
17/05/2015;15:00;13;001272;805;Torino - Rebaudengo;04;Biossido di azoto (NO2);23;microgrammi / metro cubo;20.0;V;
17/05/2015;16:00;13;001272;805;Torino - Rebaudengo;04;Biossido di azoto (NO2);23;microgrammi / metro cubo;30.0;V;
17/05/2015;17:00;13;001272;805;Torino - Rebaudengo;04;Biossido di azoto (NO2);23;microgrammi / metro cubo;26.0;V;
17/05/2015;18:00;13;001272;805;Torino - Rebaudengo;04;Biossido di azoto (NO2);23;microgrammi / metro cubo;26.0;V;
17/05/2015;19:00;13;001272;805;Torino - Rebaudengo;04;Biossido di azoto (NO2);23;microgrammi / metro cubo;37.0;V;
17/05/2015;20:00;13;001272;805;Torino - Rebaudengo;04;Biossido di azoto (NO2);23;microgrammi / metro cubo;66.0;V;
17/05/2015;21:00;13;001272;805;Torino - Rebaudengo;04;Biossido di azoto (NO2);23;microgrammi / metro cubo;68.0;V;
17/05/2015;22:00;13;001272;805;Torino - Rebaudengo;04;Biossido di azoto (NO2);23;microgrammi / metro cubo;54.0;V;
17/05/2015;23:00;13;001272;805;Torino - Rebaudengo;04;Biossido di azoto (NO2);23;microgrammi / metro cubo;42.0;V;
17/05/2015;23:59;13;001272;805;Torino - Rebaudengo;04;Biossido di azoto (NO2);23;microgrammi / metro cubo;52.0;V;
18/05/2015;01:00;13;001272;805;Torino - Rebaudengo;04;Biossido di azoto (NO2);23;microgrammi / metro cubo;41.0;V;
18/05/2015;02:00;13;001272;805;Torino - Rebaudengo;04;Biossido di azoto (NO2);23;microgrammi / metro cubo;30.0;V;
18/05/2015;03:00;13;001272;805;Torino - Rebaudengo;04;Biossido di azoto (NO2);23;microgrammi / metro cubo;41.0;V;
18/05/2015;04:00;13;001272;805;Torino - Rebaudengo;04;Biossido di azoto (NO2);23;microgrammi / metro cubo;38.0;V;
18/05/2015;05:00;13;001272;805;Torino - Rebaudengo;04;Biossido di azoto (NO2);23;microgrammi / metro cubo;63.0;V;
18/05/2015;06:00;13;001272;805;Torino - Rebaudengo;04;Biossido di azoto (NO2);23;microgrammi / metro cubo;92.0;V;
18/05/2015;07:00;13;001272;805;Torino - Rebaudengo;04;Biossido di azoto (NO2);23;microgrammi / metro cubo;89.0;V;
18/05/2015;08:00;13;001272;805;Torino - Rebaudengo;04;Biossido di azoto (NO2);23;microgrammi / metro cubo;86.0;V;
18/05/2015;09:00;13;001272;805;Torino - Rebaudengo;04;Biossido di azoto (NO2);23;microgrammi / metro cubo;82.0;V;
18/05/2015;10:00;13;001272;805;Torino - Rebaudengo;04;Biossido di azoto (NO2);23;microgrammi / metro cubo;50.0;V;
18/05/2015;11:00;13;001272;805;Torino - Rebaudengo;04;Biossido di azoto (NO2);23;microgrammi / metro cubo;46.0;V;
18/05/2015;12:00;13;001272;805;Torino - Rebaudengo;04;Biossido di azoto (NO2);23;microgrammi / metro cubo;38.0;V;
18/05/2015;13:00;13;001272;805;Torino - Rebaudengo;04;Biossido di azoto (NO2);23;microgrammi / metro cubo;32.0;V;
18/05/2015;14:00;13;001272;805;Torino - Rebaudengo;04;Biossido di azoto (NO2);23;microgrammi / metro cubo;45.0;V;
18/05/2015;15:00;13;001272;805;Torino - Rebaudengo;04;Biossido di azoto (NO2);23;microgrammi / metro cubo;36.0;V;
18/05/2015;16:00;13;001272;805;Torino - Rebaudengo;04;Biossido di azoto (NO2);23;microgrammi / metro cubo;49.0;V;
18/05/2015;17:00;13;001272;805;Torino - Rebaudengo;04;Biossido di azoto (NO2);23;microgrammi / metro cubo;56.0;V;
18/05/2015;18:00;13;001272;805;Torino - Rebaudengo;04;Biossido di azoto (NO2);23;microgrammi / metro cubo;59.0;V;
18/05/2015;19:00;13;001272;805;Torino - Rebaudengo;04;Biossido di azoto (NO2);23;microgrammi / metro cubo;58.0;V;
18/05/2015;20:00;13;001272;805;Torino - Rebaudengo;04;Biossido di azoto (NO2);23;microgrammi / metro cubo;58.0;V;
18/05/2015;21:00;13;001272;805;Torino - Rebaudengo;04;Biossido di azoto (NO2);23;microgrammi / metro cubo;51.0;V;
18/05/2015;22:00;13;001272;805;Torino - Rebaudengo;04;Biossido di azoto (NO2);23;microgrammi / metro cubo;46.0;V;
18/05/2015;23:00;13;001272;805;Torino - Rebaudengo;04;Biossido di azoto (NO2);23;microgrammi / metro cubo;45.0;V;
18/05/2015;23:59;13;001272;805;Torino - Rebaudengo;04;Biossido di azoto (NO2);23;microgrammi / metro cubo;32.0;V;
19/05/2015;01:00;13;001272;805;Torino - Rebaudengo;04;Biossido di azoto (NO2);23;microgrammi / metro cubo;45.0;V;
19/05/2015;02:00;13;001272;805;Torino - Rebaudengo;04;Biossido di azoto (NO2);23;microgrammi / metro cubo;35.0;V;
19/05/2015;03:00;13;001272;805;Torino - Rebaudengo;04;Biossido di azoto (NO2);23;microgrammi / metro cubo;24.0;V;
19/05/2015;04:00;13;001272;805;Torino - Rebaudengo;04;Biossido di azoto (NO2);23;microgrammi / metro cubo;31.0;V;
19/05/2015;05:00;13;001272;805;Torino - Rebaudengo;04;Biossido di azoto (NO2);23;microgrammi / metro cubo;48.0;V;
19/05/2015;06:00;13;001272;805;Torino - Rebaudengo;04;Biossido di azoto (NO2);23;microgrammi / metro cubo;77.0;V;
19/05/2015;07:00;13;001272;805;Torino - Rebaudengo;04;Biossido di azoto (NO2);23;microgrammi / metro cubo;94.0;V;
19/05/2015;08:00;13;001272;805;Torino - Rebaudengo;04;Biossido di azoto (NO2);23;microgrammi / metro cubo;79.0;V;
19/05/2015;09:00;13;001272;805;Torino - Rebaudengo;04;Biossido di azoto (NO2);23;microgrammi / metro cubo;70.0;V;
19/05/2015;10:00;13;001272;805;Torino - Rebaudengo;04;Biossido di azoto (NO2);23;microgrammi / metro cubo;53.0;V;
19/05/2015;11:00;13;001272;805;Torino - Rebaudengo;04;Biossido di azoto (NO2);23;microgrammi / metro cubo;51.0;V;
19/05/2015;12:00;13;001272;805;Torino - Rebaudengo;04;Biossido di azoto (NO2);23;microgrammi / metro cubo;45.0;V;
19/05/2015;13:00;13;001272;805;Torino - Rebaudengo;04;Biossido di azoto (NO2);23;microgrammi / metro cubo;37.0;V;
19/05/2015;14:00;13;001272;805;Torino - Rebaudengo;04;Biossido di azoto (NO2);23;microgrammi / metro cubo;46.0;V;
19/05/2015;15:00;13;001272;805;Torino - Rebaudengo;04;Biossido di azoto (NO2);23;microgrammi / metro cubo;47.0;V;
19/05/2015;16:00;13;001272;805;Torino - Rebaudengo;04;Biossido di azoto (NO2);23;microgrammi / metro cubo;53.0;V;
19/05/2015;17:00;13;001272;805;Torino - Rebaudengo;04;Biossido di azoto (NO2);23;microgrammi / metro cubo;40.0;V;
19/05/2015;18:00;13;001272;805;Torino - Rebaudengo;04;Biossido di azoto (NO2);23;microgrammi / metro cubo;65.0;V;
19/05/2015;19:00;13;001272;805;Torino - Rebaudengo;04;Biossido di azoto (NO2);23;microgrammi / metro cubo;53.0;V;
19/05/2015;20:00;13;001272;805;Torino - Rebaudengo;04;Biossido di azoto (NO2);23;microgrammi / metro cubo;59.0;V;
19/05/2015;21:00;13;001272;805;Torino - Rebaudengo;04;Biossido di azoto (NO2);23;microgrammi / metro cubo;46.0;V;
19/05/2015;22:00;13;001272;805;Torino - Rebaudengo;04;Biossido di azoto (NO2);23;microgrammi / metro cubo;48.0;V;
19/05/2015;23:00;13;001272;805;Torino - Rebaudengo;04;Biossido di azoto (NO2);23;microgrammi / metro cubo;47.0;V;
19/05/2015;23:59;13;001272;805;Torino - Rebaudengo;04;Biossido di azoto (NO2);23;microgrammi / metro cubo;41.0;V;
20/05/2015;01:00;13;001272;805;Torino - Rebaudengo;04;Biossido di azoto (NO2);23;microgrammi / metro cubo;46.0;V;
20/05/2015;02:00;13;001272;805;Torino - Rebaudengo;04;Biossido di azoto (NO2);23;microgrammi / metro cubo;38.0;V;
20/05/2015;03:00;13;001272;805;Torino - Rebaudengo;04;Biossido di azoto (NO2);23;microgrammi / metro cubo;33.0;V;
20/05/2015;04:00;13;001272;805;Torino - Rebaudengo;04;Biossido di azoto (NO2);23;microgrammi / metro cubo;37.0;V;
20/05/2015;05:00;13;001272;805;Torino - Rebaudengo;04;Biossido di azoto (NO2);23;microgrammi / metro cubo;47.0;V;
20/05/2015;06:00;13;001272;805;Torino - Rebaudengo;04;Biossido di azoto (NO2);23;microgrammi / metro cubo;61.0;V;
20/05/2015;07:00;13;001272;805;Torino - Rebaudengo;04;Biossido di azoto (NO2);23;microgrammi / metro cubo;75.0;V;
20/05/2015;08:00;13;001272;805;Torino - Rebaudengo;04;Biossido di azoto (NO2);23;microgrammi / metro cubo;81.0;V;
20/05/2015;09:00;13;001272;805;Torino - Rebaudengo;04;Biossido di azoto (NO2);23;microgrammi / metro cubo;64.0;V;
20/05/2015;10:00;13;001272;805;Torino - Rebaudengo;04;Biossido di azoto (NO2);23;microgrammi / metro cubo;52.0;V;
20/05/2015;11:00;13;001272;805;Torino - Rebaudengo;04;Biossido di azoto (NO2);23;microgrammi / metro cubo;41.0;V;
20/05/2015;12:00;13;001272;805;Torino - Rebaudengo;04;Biossido di azoto (NO2);23;microgrammi / metro cubo;26.0;V;
20/05/2015;13:00;13;001272;805;Torino - Rebaudengo;04;Biossido di azoto (NO2);23;microgrammi / metro cubo;32.0;V;
20/05/2015;14:00;13;001272;805;Torino - Rebaudengo;04;Biossido di azoto (NO2);23;microgrammi / metro cubo;37.0;V;
20/05/2015;15:00;13;001272;805;Torino - Rebaudengo;04;Biossido di azoto (NO2);23;microgrammi / metro cubo;30.0;V;
20/05/2015;16:00;13;001272;805;Torino - Rebaudengo;04;Biossido di azoto (NO2);23;microgrammi / metro cubo;41.0;V;
20/05/2015;17:00;13;001272;805;Torino - Rebaudengo;04;Biossido di azoto (NO2);23;microgrammi / metro cubo;44.0;V;
20/05/2015;18:00;13;001272;805;Torino - Rebaudengo;04;Biossido di azoto (NO2);23;microgrammi / metro cubo;43.0;V;
20/05/2015;19:00;13;001272;805;Torino - Rebaudengo;04;Biossido di azoto (NO2);23;microgrammi / metro cubo;44.0;V;
20/05/2015;20:00;13;001272;805;Torino - Rebaudengo;04;Biossido di azoto (NO2);23;microgrammi / metro cubo;39.0;V;
20/05/2015;21:00;13;001272;805;Torino - Rebaudengo;04;Biossido di azoto (NO2);23;microgrammi / metro cubo;42.0;V;
20/05/2015;22:00;13;001272;805;Torino - Rebaudengo;04;Biossido di azoto (NO2);23;microgrammi / metro cubo;14.0;V;
20/05/2015;23:00;13;001272;805;Torino - Rebaudengo;04;Biossido di azoto (NO2);23;microgrammi / metro cubo;56.0;V;
20/05/2015;23:59;13;001272;805;Torino - Rebaudengo;04;Biossido di azoto (NO2);23;microgrammi / metro cubo;50.0;V;
21/05/2015;01:00;13;001272;805;Torino - Rebaudengo;04;Biossido di azoto (NO2);23;microgrammi / metro cubo;36.0;V;
21/05/2015;02:00;13;001272;805;Torino - Rebaudengo;04;Biossido di azoto (NO2);23;microgrammi / metro cubo;26.0;V;
21/05/2015;03:00;13;001272;805;Torino - Rebaudengo;04;Biossido di azoto (NO2);23;microgrammi / metro cubo;22.0;V;
21/05/2015;04:00;13;001272;805;Torino - Rebaudengo;04;Biossido di azoto (NO2);23;microgrammi / metro cubo;18.0;V;
21/05/2015;05:00;13;001272;805;Torino - Rebaudengo;04;Biossido di azoto (NO2);23;microgrammi / metro cubo;32.0;V;
21/05/2015;06:00;13;001272;805;Torino - Rebaudengo;04;Biossido di azoto (NO2);23;microgrammi / metro cubo;43.0;V;
21/05/2015;07:00;13;001272;805;Torino - Rebaudengo;04;Biossido di azoto (NO2);23;microgrammi / metro cubo;75.0;V;
21/05/2015;08:00;13;001272;805;Torino - Rebaudengo;04;Biossido di azoto (NO2);23;microgrammi / metro cubo;86.0;V;
21/05/2015;09:00;13;001272;805;Torino - Rebaudengo;04;Biossido di azoto (NO2);23;microgrammi / metro cubo;69.0;V;
21/05/2015;10:00;13;001272;805;Torino - Rebaudengo;04;Biossido di azoto (NO2);23;microgrammi / metro cubo;58.0;V;
21/05/2015;11:00;13;001272;805;Torino - Rebaudengo;04;Biossido di azoto (NO2);23;microgrammi / metro cubo;31.0;V;
21/05/2015;12:00;13;001272;805;Torino - Rebaudengo;04;Biossido di azoto (NO2);23;microgrammi / metro cubo;47.0;V;
21/05/2015;13:00;13;001272;805;Torino - Rebaudengo;04;Biossido di azoto (NO2);23;microgrammi / metro cubo;52.0;V;
21/05/2015;14:00;13;001272;805;Torino - Rebaudengo;04;Biossido di azoto (NO2);23;microgrammi / metro cubo;56.0;V;
21/05/2015;15:00;13;001272;805;Torino - Rebaudengo;04;Biossido di azoto (NO2);23;microgrammi / metro cubo;58.0;V;
21/05/2015;16:00;13;001272;805;Torino - Rebaudengo;04;Biossido di azoto (NO2);23;microgrammi / metro cubo;37.0;V;
21/05/2015;17:00;13;001272;805;Torino - Rebaudengo;04;Biossido di azoto (NO2);23;microgrammi / metro cubo;65.0;V;
21/05/2015;18:00;13;001272;805;Torino - Rebaudengo;04;Biossido di azoto (NO2);23;microgrammi / metro cubo;94.0;V;
21/05/2015;19:00;13;001272;805;Torino - Rebaudengo;04;Biossido di azoto (NO2);23;microgrammi / metro cubo;96.0;V;
21/05/2015;20:00;13;001272;805;Torino - Rebaudengo;04;Biossido di azoto (NO2);23;microgrammi / metro cubo;97.0;V;
21/05/2015;21:00;13;001272;805;Torino - Rebaudengo;04;Biossido di azoto (NO2);23;microgrammi / metro cubo;84.0;V;
21/05/2015;22:00;13;001272;805;Torino - Rebaudengo;04;Biossido di azoto (NO2);23;microgrammi / metro cubo;72.0;V;
21/05/2015;23:00;13;001272;805;Torino - Rebaudengo;04;Biossido di azoto (NO2);23;microgrammi / metro cubo;68.0;V;
21/05/2015;23:59;13;001272;805;Torino - Rebaudengo;04;Biossido di azoto (NO2);23;microgrammi / metro cubo;79.0;V;
22/05/2015;01:00;13;001272;805;Torino - Rebaudengo;04;Biossido di azoto (NO2);23;microgrammi / metro cubo;57.0;V;
22/05/2015;02:00;13;001272;805;Torino - Rebaudengo;04;Biossido di azoto (NO2);23;microgrammi / metro cubo;55.0;V;
22/05/2015;03:00;13;001272;805;Torino - Rebaudengo;04;Biossido di azoto (NO2);23;microgrammi / metro cubo;40.0;V;
22/05/2015;04:00;13;001272;805;Torino - Rebaudengo;04;Biossido di azoto (NO2);23;microgrammi / metro cubo;53.0;V;
22/05/2015;05:00;13;001272;805;Torino - Rebaudengo;04;Biossido di azoto (NO2);23;microgrammi / metro cubo;61.0;V;
22/05/2015;06:00;13;001272;805;Torino - Rebaudengo;04;Biossido di azoto (NO2);23;microgrammi / metro cubo;63.0;V;
22/05/2015;07:00;13;001272;805;Torino - Rebaudengo;04;Biossido di azoto (NO2);23;microgrammi / metro cubo;84.0;V;
22/05/2015;08:00;13;001272;805;Torino - Rebaudengo;04;Biossido di azoto (NO2);23;microgrammi / metro cubo;91.0;V;
22/05/2015;09:00;13;001272;805;Torino - Rebaudengo;04;Biossido di azoto (NO2);23;microgrammi / metro cubo;98.0;V;
22/05/2015;10:00;13;001272;805;Torino - Rebaudengo;04;Biossido di azoto (NO2);23;microgrammi / metro cubo;80.0;V;
22/05/2015;11:00;13;001272;805;Torino - Rebaudengo;04;Biossido di azoto (NO2);23;microgrammi / metro cubo;71.0;V;
22/05/2015;12:00;13;001272;805;Torino - Rebaudengo;04;Biossido di azoto (NO2);23;microgrammi / metro cubo;80.0;V;
22/05/2015;13:00;13;001272;805;Torino - Rebaudengo;04;Biossido di azoto (NO2);23;microgrammi / metro cubo;70.0;V;
22/05/2015;14:00;13;001272;805;Torino - Rebaudengo;04;Biossido di azoto (NO2);23;microgrammi / metro cubo;81.0;V;
22/05/2015;15:00;13;001272;805;Torino - Rebaudengo;04;Biossido di azoto (NO2);23;microgrammi / metro cubo;84.0;V;
22/05/2015;16:00;13;001272;805;Torino - Rebaudengo;04;Biossido di azoto (NO2);23;microgrammi / metro cubo;72.0;V;
22/05/2015;17:00;13;001272;805;Torino - Rebaudengo;04;Biossido di azoto (NO2);23;microgrammi / metro cubo;56.0;V;
22/05/2015;18:00;13;001272;805;Torino - Rebaudengo;04;Biossido di azoto (NO2);23;microgrammi / metro cubo;82.0;V;
22/05/2015;19:00;13;001272;805;Torino - Rebaudengo;04;Biossido di azoto (NO2);23;microgrammi / metro cubo;91.0;V;
22/05/2015;20:00;13;001272;805;Torino - Rebaudengo;04;Biossido di azoto (NO2);23;microgrammi / metro cubo;102.0;V;
22/05/2015;21:00;13;001272;805;Torino - Rebaudengo;04;Biossido di azoto (NO2);23;microgrammi / metro cubo;70.0;V;
22/05/2015;22:00;13;001272;805;Torino - Rebaudengo;04;Biossido di azoto (NO2);23;microgrammi / metro cubo;45.0;V;
22/05/2015;23:00;13;001272;805;Torino - Rebaudengo;04;Biossido di azoto (NO2);23;microgrammi / metro cubo;41.0;V;
22/05/2015;23:59;13;001272;805;Torino - Rebaudengo;04;Biossido di azoto (NO2);23;microgrammi / metro cubo;53.0;V;
23/05/2015;01:00;13;001272;805;Torino - Rebaudengo;04;Biossido di azoto (NO2);23;microgrammi / metro cubo;68.0;V;
23/05/2015;02:00;13;001272;805;Torino - Rebaudengo;04;Biossido di azoto (NO2);23;microgrammi / metro cubo;60.0;V;
23/05/2015;03:00;13;001272;805;Torino - Rebaudengo;04;Biossido di azoto (NO2);23;microgrammi / metro cubo;57.0;V;
23/05/2015;04:00;13;001272;805;Torino - Rebaudengo;04;Biossido di azoto (NO2);23;microgrammi / metro cubo;61.0;V;
23/05/2015;05:00;13;001272;805;Torino - Rebaudengo;04;Biossido di azoto (NO2);23;microgrammi / metro cubo;71.0;V;
23/05/2015;06:00;13;001272;805;Torino - Rebaudengo;04;Biossido di azoto (NO2);23;microgrammi / metro cubo;82.0;V;
23/05/2015;07:00;13;001272;805;Torino - Rebaudengo;04;Biossido di azoto (NO2);23;microgrammi / metro cubo;65.0;V;
23/05/2015;08:00;13;001272;805;Torino - Rebaudengo;04;Biossido di azoto (NO2);23;microgrammi / metro cubo;88.0;V;
23/05/2015;09:00;13;001272;805;Torino - Rebaudengo;04;Biossido di azoto (NO2);23;microgrammi / metro cubo;81.0;V;
23/05/2015;10:00;13;001272;805;Torino - Rebaudengo;04;Biossido di azoto (NO2);23;microgrammi / metro cubo;64.0;V;
23/05/2015;11:00;13;001272;805;Torino - Rebaudengo;04;Biossido di azoto (NO2);23;microgrammi / metro cubo;51.0;V;
23/05/2015;12:00;13;001272;805;Torino - Rebaudengo;04;Biossido di azoto (NO2);23;microgrammi / metro cubo;45.0;V;
23/05/2015;13:00;13;001272;805;Torino - Rebaudengo;04;Biossido di azoto (NO2);23;microgrammi / metro cubo;47.0;V;
23/05/2015;14:00;13;001272;805;Torino - Rebaudengo;04;Biossido di azoto (NO2);23;microgrammi / metro cubo;72.0;V;
23/05/2015;15:00;13;001272;805;Torino - Rebaudengo;04;Biossido di azoto (NO2);23;microgrammi / metro cubo;83.0;V;
23/05/2015;16:00;13;001272;805;Torino - Rebaudengo;04;Biossido di azoto (NO2);23;microgrammi / metro cubo;64.0;V;
23/05/2015;17:00;13;001272;805;Torino - Rebaudengo;04;Biossido di azoto (NO2);23;microgrammi / metro cubo;58.0;V;
23/05/2015;18:00;13;001272;805;Torino - Rebaudengo;04;Biossido di azoto (NO2);23;microgrammi / metro cubo;57.0;V;
23/05/2015;19:00;13;001272;805;Torino - Rebaudengo;04;Biossido di azoto (NO2);23;microgrammi / metro cubo;50.0;V;
23/05/2015;20:00;13;001272;805;Torino - Rebaudengo;04;Biossido di azoto (NO2);23;microgrammi / metro cubo;32.0;V;
23/05/2015;21:00;13;001272;805;Torino - Rebaudengo;04;Biossido di azoto (NO2);23;microgrammi / metro cubo;36.0;V;
23/05/2015;22:00;13;001272;805;Torino - Rebaudengo;04;Biossido di azoto (NO2);23;microgrammi / metro cubo;29.0;V;
23/05/2015;23:00;13;001272;805;Torino - Rebaudengo;04;Biossido di azoto (NO2);23;microgrammi / metro cubo;25.0;V;
23/05/2015;23:59;13;001272;805;Torino - Rebaudengo;04;Biossido di azoto (NO2);23;microgrammi / metro cubo;26.0;V;
24/05/2015;01:00;13;001272;805;Torino - Rebaudengo;04;Biossido di azoto (NO2);23;microgrammi / metro cubo;28.0;V;
24/05/2015;02:00;13;001272;805;Torino - Rebaudengo;04;Biossido di azoto (NO2);23;microgrammi / metro cubo;27.0;V;
24/05/2015;03:00;13;001272;805;Torino - Rebaudengo;04;Biossido di azoto (NO2);23;microgrammi / metro cubo;39.0;V;
24/05/2015;04:00;13;001272;805;Torino - Rebaudengo;04;Biossido di azoto (NO2);23;microgrammi / metro cubo;46.0;V;
24/05/2015;05:00;13;001272;805;Torino - Rebaudengo;04;Biossido di azoto (NO2);23;microgrammi / metro cubo;46.0;V;
24/05/2015;06:00;13;001272;805;Torino - Rebaudengo;04;Biossido di azoto (NO2);23;microgrammi / metro cubo;46.0;V;
24/05/2015;07:00;13;001272;805;Torino - Rebaudengo;04;Biossido di azoto (NO2);23;microgrammi / metro cubo;39.0;V;
24/05/2015;08:00;13;001272;805;Torino - Rebaudengo;04;Biossido di azoto (NO2);23;microgrammi / metro cubo;50.0;V;
24/05/2015;09:00;13;001272;805;Torino - Rebaudengo;04;Biossido di azoto (NO2);23;microgrammi / metro cubo;53.0;V;
24/05/2015;10:00;13;001272;805;Torino - Rebaudengo;04;Biossido di azoto (NO2);23;microgrammi / metro cubo;47.0;V;
24/05/2015;11:00;13;001272;805;Torino - Rebaudengo;04;Biossido di azoto (NO2);23;microgrammi / metro cubo;43.0;V;
24/05/2015;12:00;13;001272;805;Torino - Rebaudengo;04;Biossido di azoto (NO2);23;microgrammi / metro cubo;48.0;V;
24/05/2015;13:00;13;001272;805;Torino - Rebaudengo;04;Biossido di azoto (NO2);23;microgrammi / metro cubo;33.0;V;
24/05/2015;14:00;13;001272;805;Torino - Rebaudengo;04;Biossido di azoto (NO2);23;microgrammi / metro cubo;23.0;V;
24/05/2015;15:00;13;001272;805;Torino - Rebaudengo;04;Biossido di azoto (NO2);23;microgrammi / metro cubo;32.0;V;
24/05/2015;16:00;13;001272;805;Torino - Rebaudengo;04;Biossido di azoto (NO2);23;microgrammi / metro cubo;49.0;V;
24/05/2015;17:00;13;001272;805;Torino - Rebaudengo;04;Biossido di azoto (NO2);23;microgrammi / metro cubo;66.0;V;
24/05/2015;18:00;13;001272;805;Torino - Rebaudengo;04;Biossido di azoto (NO2);23;microgrammi / metro cubo;73.0;V;
24/05/2015;19:00;13;001272;805;Torino - Rebaudengo;04;Biossido di azoto (NO2);23;microgrammi / metro cubo;66.0;V;
24/05/2015;20:00;13;001272;805;Torino - Rebaudengo;04;Biossido di azoto (NO2);23;microgrammi / metro cubo;89.0;V;
24/05/2015;21:00;13;001272;805;Torino - Rebaudengo;04;Biossido di azoto (NO2);23;microgrammi / metro cubo;88.0;V;
24/05/2015;22:00;13;001272;805;Torino - Rebaudengo;04;Biossido di azoto (NO2);23;microgrammi / metro cubo;92.0;V;
24/05/2015;23:00;13;001272;805;Torino - Rebaudengo;04;Biossido di azoto (NO2);23;microgrammi / metro cubo;71.0;V;
24/05/2015;23:59;13;001272;805;Torino - Rebaudengo;04;Biossido di azoto (NO2);23;microgrammi / metro cubo;68.0;V;
25/05/2015;01:00;13;001272;805;Torino - Rebaudengo;04;Biossido di azoto (NO2);23;microgrammi / metro cubo;45.0;V;
25/05/2015;02:00;13;001272;805;Torino - Rebaudengo;04;Biossido di azoto (NO2);23;microgrammi / metro cubo;40.0;V;
25/05/2015;03:00;13;001272;805;Torino - Rebaudengo;04;Biossido di azoto (NO2);23;microgrammi / metro cubo;47.0;V;
25/05/2015;04:00;13;001272;805;Torino - Rebaudengo;04;Biossido di azoto (NO2);23;microgrammi / metro cubo;54.0;V;
25/05/2015;05:00;13;001272;805;Torino - Rebaudengo;04;Biossido di azoto (NO2);23;microgrammi / metro cubo;78.0;V;
25/05/2015;06:00;13;001272;805;Torino - Rebaudengo;04;Biossido di azoto (NO2);23;microgrammi / metro cubo;74.0;V;
25/05/2015;07:00;13;001272;805;Torino - Rebaudengo;04;Biossido di azoto (NO2);23;microgrammi / metro cubo;96.0;V;
25/05/2015;08:00;13;001272;805;Torino - Rebaudengo;04;Biossido di azoto (NO2);23;microgrammi / metro cubo;83.0;V;
25/05/2015;09:00;13;001272;805;Torino - Rebaudengo;04;Biossido di azoto (NO2);23;microgrammi / metro cubo;64.0;V;
25/05/2015;10:00;13;001272;805;Torino - Rebaudengo;04;Biossido di azoto (NO2);23;microgrammi / metro cubo;73.0;V;
25/05/2015;11:00;13;001272;805;Torino - Rebaudengo;04;Biossido di azoto (NO2);23;microgrammi / metro cubo;65.0;V;
25/05/2015;12:00;13;001272;805;Torino - Rebaudengo;04;Biossido di azoto (NO2);23;microgrammi / metro cubo;44.0;V;
25/05/2015;13:00;13;001272;805;Torino - Rebaudengo;04;Biossido di azoto (NO2);23;microgrammi / metro cubo;65.0;V;
25/05/2015;14:00;13;001272;805;Torino - Rebaudengo;04;Biossido di azoto (NO2);23;microgrammi / metro cubo;53.0;V;
25/05/2015;15:00;13;001272;805;Torino - Rebaudengo;04;Biossido di azoto (NO2);23;microgrammi / metro cubo;63.0;V;
25/05/2015;16:00;13;001272;805;Torino - Rebaudengo;04;Biossido di azoto (NO2);23;microgrammi / metro cubo;67.0;V;
25/05/2015;17:00;13;001272;805;Torino - Rebaudengo;04;Biossido di azoto (NO2);23;microgrammi / metro cubo;78.0;V;
25/05/2015;18:00;13;001272;805;Torino - Rebaudengo;04;Biossido di azoto (NO2);23;microgrammi / metro cubo;85.0;V;
25/05/2015;19:00;13;001272;805;Torino - Rebaudengo;04;Biossido di azoto (NO2);23;microgrammi / metro cubo;82.0;V;
25/05/2015;20:00;13;001272;805;Torino - Rebaudengo;04;Biossido di azoto (NO2);23;microgrammi / metro cubo;90.0;V;
25/05/2015;21:00;13;001272;805;Torino - Rebaudengo;04;Biossido di azoto (NO2);23;microgrammi / metro cubo;102.0;V;
25/05/2015;22:00;13;001272;805;Torino - Rebaudengo;04;Biossido di azoto (NO2);23;microgrammi / metro cubo;69.0;V;
25/05/2015;23:00;13;001272;805;Torino - Rebaudengo;04;Biossido di azoto (NO2);23;microgrammi / metro cubo;54.0;V;
25/05/2015;23:59;13;001272;805;Torino - Rebaudengo;04;Biossido di azoto (NO2);23;microgrammi / metro cubo;61.0;V;
26/05/2015;01:00;13;001272;805;Torino - Rebaudengo;04;Biossido di azoto (NO2);23;microgrammi / metro cubo;34.0;V;
26/05/2015;02:00;13;001272;805;Torino - Rebaudengo;04;Biossido di azoto (NO2);23;microgrammi / metro cubo;32.0;V;
26/05/2015;03:00;13;001272;805;Torino - Rebaudengo;04;Biossido di azoto (NO2);23;microgrammi / metro cubo;22.0;V;
26/05/2015;04:00;13;001272;805;Torino - Rebaudengo;04;Biossido di azoto (NO2);23;microgrammi / metro cubo;40.0;V;
26/05/2015;05:00;13;001272;805;Torino - Rebaudengo;04;Biossido di azoto (NO2);23;microgrammi / metro cubo;84.0;V;
26/05/2015;06:00;13;001272;805;Torino - Rebaudengo;04;Biossido di azoto (NO2);23;microgrammi / metro cubo;106.0;V;
26/05/2015;07:00;13;001272;805;Torino - Rebaudengo;04;Biossido di azoto (NO2);23;microgrammi / metro cubo;101.0;V;
26/05/2015;08:00;13;001272;805;Torino - Rebaudengo;04;Biossido di azoto (NO2);23;microgrammi / metro cubo;109.0;V;
26/05/2015;09:00;13;001272;805;Torino - Rebaudengo;04;Biossido di azoto (NO2);23;microgrammi / metro cubo;96.0;V;
26/05/2015;10:00;13;001272;805;Torino - Rebaudengo;04;Biossido di azoto (NO2);23;microgrammi / metro cubo;54.0;V;
26/05/2015;11:00;13;001272;805;Torino - Rebaudengo;04;Biossido di azoto (NO2);23;microgrammi / metro cubo;39.0;V;
26/05/2015;12:00;13;001272;805;Torino - Rebaudengo;04;Biossido di azoto (NO2);23;microgrammi / metro cubo;29.0;V;
26/05/2015;13:00;13;001272;805;Torino - Rebaudengo;04;Biossido di azoto (NO2);23;microgrammi / metro cubo;31.0;V;
26/05/2015;14:00;13;001272;805;Torino - Rebaudengo;04;Biossido di azoto (NO2);23;microgrammi / metro cubo;44.0;V;
26/05/2015;15:00;13;001272;805;Torino - Rebaudengo;04;Biossido di azoto (NO2);23;microgrammi / metro cubo;70.0;V;
26/05/2015;16:00;13;001272;805;Torino - Rebaudengo;04;Biossido di azoto (NO2);23;microgrammi / metro cubo;58.0;V;
26/05/2015;17:00;13;001272;805;Torino - Rebaudengo;04;Biossido di azoto (NO2);23;microgrammi / metro cubo;73.0;V;
26/05/2015;18:00;13;001272;805;Torino - Rebaudengo;04;Biossido di azoto (NO2);23;microgrammi / metro cubo;104.0;V;
26/05/2015;19:00;13;001272;805;Torino - Rebaudengo;04;Biossido di azoto (NO2);23;microgrammi / metro cubo;87.0;V;
26/05/2015;20:00;13;001272;805;Torino - Rebaudengo;04;Biossido di azoto (NO2);23;microgrammi / metro cubo;85.0;V;
26/05/2015;21:00;13;001272;805;Torino - Rebaudengo;04;Biossido di azoto (NO2);23;microgrammi / metro cubo;84.0;V;
26/05/2015;22:00;13;001272;805;Torino - Rebaudengo;04;Biossido di azoto (NO2);23;microgrammi / metro cubo;90.0;V;
26/05/2015;23:00;13;001272;805;Torino - Rebaudengo;04;Biossido di azoto (NO2);23;microgrammi / metro cubo;66.0;V;
26/05/2015;23:59;13;001272;805;Torino - Rebaudengo;04;Biossido di azoto (NO2);23;microgrammi / metro cubo;52.0;V;
27/05/2015;01:00;13;001272;805;Torino - Rebaudengo;04;Biossido di azoto (NO2);23;microgrammi / metro cubo;34.0;V;
27/05/2015;02:00;13;001272;805;Torino - Rebaudengo;04;Biossido di azoto (NO2);23;microgrammi / metro cubo;28.0;V;
27/05/2015;03:00;13;001272;805;Torino - Rebaudengo;04;Biossido di azoto (NO2);23;microgrammi / metro cubo;31.0;V;
27/05/2015;04:00;13;001272;805;Torino - Rebaudengo;04;Biossido di azoto (NO2);23;microgrammi / metro cubo;42.0;V;
27/05/2015;05:00;13;001272;805;Torino - Rebaudengo;04;Biossido di azoto (NO2);23;microgrammi / metro cubo;75.0;V;
27/05/2015;06:00;13;001272;805;Torino - Rebaudengo;04;Biossido di azoto (NO2);23;microgrammi / metro cubo;87.0;V;
27/05/2015;07:00;13;001272;805;Torino - Rebaudengo;04;Biossido di azoto (NO2);23;microgrammi / metro cubo;99.0;V;
27/05/2015;08:00;13;001272;805;Torino - Rebaudengo;04;Biossido di azoto (NO2);23;microgrammi / metro cubo;106.0;V;
27/05/2015;09:00;13;001272;805;Torino - Rebaudengo;04;Biossido di azoto (NO2);23;microgrammi / metro cubo;106.0;V;
27/05/2015;10:00;13;001272;805;Torino - Rebaudengo;04;Biossido di azoto (NO2);23;microgrammi / metro cubo;;E;
27/05/2015;11:00;13;001272;805;Torino - Rebaudengo;04;Biossido di azoto (NO2);23;microgrammi / metro cubo;;E;
27/05/2015;12:00;13;001272;805;Torino - Rebaudengo;04;Biossido di azoto (NO2);23;microgrammi / metro cubo;;E;
27/05/2015;13:00;13;001272;805;Torino - Rebaudengo;04;Biossido di azoto (NO2);23;microgrammi / metro cubo;46.0;V;
27/05/2015;14:00;13;001272;805;Torino - Rebaudengo;04;Biossido di azoto (NO2);23;microgrammi / metro cubo;49.0;V;
27/05/2015;15:00;13;001272;805;Torino - Rebaudengo;04;Biossido di azoto (NO2);23;microgrammi / metro cubo;41.0;V;
27/05/2015;16:00;13;001272;805;Torino - Rebaudengo;04;Biossido di azoto (NO2);23;microgrammi / metro cubo;46.0;V;
27/05/2015;17:00;13;001272;805;Torino - Rebaudengo;04;Biossido di azoto (NO2);23;microgrammi / metro cubo;52.0;V;
27/05/2015;18:00;13;001272;805;Torino - Rebaudengo;04;Biossido di azoto (NO2);23;microgrammi / metro cubo;70.0;V;
27/05/2015;19:00;13;001272;805;Torino - Rebaudengo;04;Biossido di azoto (NO2);23;microgrammi / metro cubo;81.0;V;
27/05/2015;20:00;13;001272;805;Torino - Rebaudengo;04;Biossido di azoto (NO2);23;microgrammi / metro cubo;83.0;V;
27/05/2015;21:00;13;001272;805;Torino - Rebaudengo;04;Biossido di azoto (NO2);23;microgrammi / metro cubo;95.0;V;
27/05/2015;22:00;13;001272;805;Torino - Rebaudengo;04;Biossido di azoto (NO2);23;microgrammi / metro cubo;126.0;V;
27/05/2015;23:00;13;001272;805;Torino - Rebaudengo;04;Biossido di azoto (NO2);23;microgrammi / metro cubo;95.0;V;
27/05/2015;23:59;13;001272;805;Torino - Rebaudengo;04;Biossido di azoto (NO2);23;microgrammi / metro cubo;54.0;V;
28/05/2015;01:00;13;001272;805;Torino - Rebaudengo;04;Biossido di azoto (NO2);23;microgrammi / metro cubo;65.0;V;
28/05/2015;02:00;13;001272;805;Torino - Rebaudengo;04;Biossido di azoto (NO2);23;microgrammi / metro cubo;53.0;V;
28/05/2015;03:00;13;001272;805;Torino - Rebaudengo;04;Biossido di azoto (NO2);23;microgrammi / metro cubo;39.0;V;
28/05/2015;04:00;13;001272;805;Torino - Rebaudengo;04;Biossido di azoto (NO2);23;microgrammi / metro cubo;32.0;V;
28/05/2015;05:00;13;001272;805;Torino - Rebaudengo;04;Biossido di azoto (NO2);23;microgrammi / metro cubo;39.0;V;
28/05/2015;06:00;13;001272;805;Torino - Rebaudengo;04;Biossido di azoto (NO2);23;microgrammi / metro cubo;58.0;V;
28/05/2015;07:00;13;001272;805;Torino - Rebaudengo;04;Biossido di azoto (NO2);23;microgrammi / metro cubo;85.0;V;
28/05/2015;08:00;13;001272;805;Torino - Rebaudengo;04;Biossido di azoto (NO2);23;microgrammi / metro cubo;60.0;V;
28/05/2015;09:00;13;001272;805;Torino - Rebaudengo;04;Biossido di azoto (NO2);23;microgrammi / metro cubo;51.0;V;
28/05/2015;10:00;13;001272;805;Torino - Rebaudengo;04;Biossido di azoto (NO2);23;microgrammi / metro cubo;56.0;V;
28/05/2015;11:00;13;001272;805;Torino - Rebaudengo;04;Biossido di azoto (NO2);23;microgrammi / metro cubo;51.0;V;
28/05/2015;12:00;13;001272;805;Torino - Rebaudengo;04;Biossido di azoto (NO2);23;microgrammi / metro cubo;51.0;V;
28/05/2015;13:00;13;001272;805;Torino - Rebaudengo;04;Biossido di azoto (NO2);23;microgrammi / metro cubo;32.0;V;
28/05/2015;14:00;13;001272;805;Torino - Rebaudengo;04;Biossido di azoto (NO2);23;microgrammi / metro cubo;50.0;V;
28/05/2015;15:00;13;001272;805;Torino - Rebaudengo;04;Biossido di azoto (NO2);23;microgrammi / metro cubo;45.0;V;
28/05/2015;16:00;13;001272;805;Torino - Rebaudengo;04;Biossido di azoto (NO2);23;microgrammi / metro cubo;56.0;V;
28/05/2015;17:00;13;001272;805;Torino - Rebaudengo;04;Biossido di azoto (NO2);23;microgrammi / metro cubo;55.0;V;
28/05/2015;18:00;13;001272;805;Torino - Rebaudengo;04;Biossido di azoto (NO2);23;microgrammi / metro cubo;64.0;V;
28/05/2015;19:00;13;001272;805;Torino - Rebaudengo;04;Biossido di azoto (NO2);23;microgrammi / metro cubo;73.0;V;
28/05/2015;20:00;13;001272;805;Torino - Rebaudengo;04;Biossido di azoto (NO2);23;microgrammi / metro cubo;85.0;V;
28/05/2015;21:00;13;001272;805;Torino - Rebaudengo;04;Biossido di azoto (NO2);23;microgrammi / metro cubo;88.0;V;
28/05/2015;22:00;13;001272;805;Torino - Rebaudengo;04;Biossido di azoto (NO2);23;microgrammi / metro cubo;75.0;V;
28/05/2015;23:00;13;001272;805;Torino - Rebaudengo;04;Biossido di azoto (NO2);23;microgrammi / metro cubo;79.0;V;
28/05/2015;23:59;13;001272;805;Torino - Rebaudengo;04;Biossido di azoto (NO2);23;microgrammi / metro cubo;54.0;V;
29/05/2015;01:00;13;001272;805;Torino - Rebaudengo;04;Biossido di azoto (NO2);23;microgrammi / metro cubo;50.0;V;
29/05/2015;02:00;13;001272;805;Torino - Rebaudengo;04;Biossido di azoto (NO2);23;microgrammi / metro cubo;50.0;V;
29/05/2015;03:00;13;001272;805;Torino - Rebaudengo;04;Biossido di azoto (NO2);23;microgrammi / metro cubo;39.0;V;
29/05/2015;04:00;13;001272;805;Torino - Rebaudengo;04;Biossido di azoto (NO2);23;microgrammi / metro cubo;51.0;V;
29/05/2015;05:00;13;001272;805;Torino - Rebaudengo;04;Biossido di azoto (NO2);23;microgrammi / metro cubo;65.0;V;
29/05/2015;06:00;13;001272;805;Torino - Rebaudengo;04;Biossido di azoto (NO2);23;microgrammi / metro cubo;77.0;V;
29/05/2015;07:00;13;001272;805;Torino - Rebaudengo;04;Biossido di azoto (NO2);23;microgrammi / metro cubo;96.0;V;
29/05/2015;08:00;13;001272;805;Torino - Rebaudengo;04;Biossido di azoto (NO2);23;microgrammi / metro cubo;84.0;V;
29/05/2015;09:00;13;001272;805;Torino - Rebaudengo;04;Biossido di azoto (NO2);23;microgrammi / metro cubo;75.0;V;
29/05/2015;10:00;13;001272;805;Torino - Rebaudengo;04;Biossido di azoto (NO2);23;microgrammi / metro cubo;68.0;V;
29/05/2015;11:00;13;001272;805;Torino - Rebaudengo;04;Biossido di azoto (NO2);23;microgrammi / metro cubo;54.0;V;
29/05/2015;12:00;13;001272;805;Torino - Rebaudengo;04;Biossido di azoto (NO2);23;microgrammi / metro cubo;45.0;V;
29/05/2015;13:00;13;001272;805;Torino - Rebaudengo;04;Biossido di azoto (NO2);23;microgrammi / metro cubo;40.0;V;
29/05/2015;14:00;13;001272;805;Torino - Rebaudengo;04;Biossido di azoto (NO2);23;microgrammi / metro cubo;44.0;V;
29/05/2015;15:00;13;001272;805;Torino - Rebaudengo;04;Biossido di azoto (NO2);23;microgrammi / metro cubo;51.0;V;
29/05/2015;16:00;13;001272;805;Torino - Rebaudengo;04;Biossido di azoto (NO2);23;microgrammi / metro cubo;74.0;V;
29/05/2015;17:00;13;001272;805;Torino - Rebaudengo;04;Biossido di azoto (NO2);23;microgrammi / metro cubo;59.0;V;
29/05/2015;18:00;13;001272;805;Torino - Rebaudengo;04;Biossido di azoto (NO2);23;microgrammi / metro cubo;78.0;V;
29/05/2015;19:00;13;001272;805;Torino - Rebaudengo;04;Biossido di azoto (NO2);23;microgrammi / metro cubo;71.0;V;
29/05/2015;20:00;13;001272;805;Torino - Rebaudengo;04;Biossido di azoto (NO2);23;microgrammi / metro cubo;69.0;V;
29/05/2015;21:00;13;001272;805;Torino - Rebaudengo;04;Biossido di azoto (NO2);23;microgrammi / metro cubo;68.0;V;
29/05/2015;22:00;13;001272;805;Torino - Rebaudengo;04;Biossido di azoto (NO2);23;microgrammi / metro cubo;66.0;V;
29/05/2015;23:00;13;001272;805;Torino - Rebaudengo;04;Biossido di azoto (NO2);23;microgrammi / metro cubo;86.0;V;
29/05/2015;23:59;13;001272;805;Torino - Rebaudengo;04;Biossido di azoto (NO2);23;microgrammi / metro cubo;63.0;V;
30/05/2015;01:00;13;001272;805;Torino - Rebaudengo;04;Biossido di azoto (NO2);23;microgrammi / metro cubo;44.0;V;
30/05/2015;02:00;13;001272;805;Torino - Rebaudengo;04;Biossido di azoto (NO2);23;microgrammi / metro cubo;40.0;V;
30/05/2015;03:00;13;001272;805;Torino - Rebaudengo;04;Biossido di azoto (NO2);23;microgrammi / metro cubo;31.0;V;
30/05/2015;04:00;13;001272;805;Torino - Rebaudengo;04;Biossido di azoto (NO2);23;microgrammi / metro cubo;37.0;V;
30/05/2015;05:00;13;001272;805;Torino - Rebaudengo;04;Biossido di azoto (NO2);23;microgrammi / metro cubo;49.0;V;
30/05/2015;06:00;13;001272;805;Torino - Rebaudengo;04;Biossido di azoto (NO2);23;microgrammi / metro cubo;53.0;V;
30/05/2015;07:00;13;001272;805;Torino - Rebaudengo;04;Biossido di azoto (NO2);23;microgrammi / metro cubo;56.0;V;
30/05/2015;08:00;13;001272;805;Torino - Rebaudengo;04;Biossido di azoto (NO2);23;microgrammi / metro cubo;59.0;V;
30/05/2015;09:00;13;001272;805;Torino - Rebaudengo;04;Biossido di azoto (NO2);23;microgrammi / metro cubo;60.0;V;
30/05/2015;10:00;13;001272;805;Torino - Rebaudengo;04;Biossido di azoto (NO2);23;microgrammi / metro cubo;45.0;V;
30/05/2015;11:00;13;001272;805;Torino - Rebaudengo;04;Biossido di azoto (NO2);23;microgrammi / metro cubo;59.0;V;
30/05/2015;12:00;13;001272;805;Torino - Rebaudengo;04;Biossido di azoto (NO2);23;microgrammi / metro cubo;49.0;V;
30/05/2015;13:00;13;001272;805;Torino - Rebaudengo;04;Biossido di azoto (NO2);23;microgrammi / metro cubo;48.0;V;
30/05/2015;14:00;13;001272;805;Torino - Rebaudengo;04;Biossido di azoto (NO2);23;microgrammi / metro cubo;33.0;V;
30/05/2015;15:00;13;001272;805;Torino - Rebaudengo;04;Biossido di azoto (NO2);23;microgrammi / metro cubo;37.0;V;
30/05/2015;16:00;13;001272;805;Torino - Rebaudengo;04;Biossido di azoto (NO2);23;microgrammi / metro cubo;29.0;V;
30/05/2015;17:00;13;001272;805;Torino - Rebaudengo;04;Biossido di azoto (NO2);23;microgrammi / metro cubo;46.0;V;
30/05/2015;18:00;13;001272;805;Torino - Rebaudengo;04;Biossido di azoto (NO2);23;microgrammi / metro cubo;52.0;V;
30/05/2015;19:00;13;001272;805;Torino - Rebaudengo;04;Biossido di azoto (NO2);23;microgrammi / metro cubo;35.0;V;
30/05/2015;20:00;13;001272;805;Torino - Rebaudengo;04;Biossido di azoto (NO2);23;microgrammi / metro cubo;54.0;V;
30/05/2015;21:00;13;001272;805;Torino - Rebaudengo;04;Biossido di azoto (NO2);23;microgrammi / metro cubo;54.0;V;
30/05/2015;22:00;13;001272;805;Torino - Rebaudengo;04;Biossido di azoto (NO2);23;microgrammi / metro cubo;53.0;V;
30/05/2015;23:00;13;001272;805;Torino - Rebaudengo;04;Biossido di azoto (NO2);23;microgrammi / metro cubo;68.0;V;
30/05/2015;23:59;13;001272;805;Torino - Rebaudengo;04;Biossido di azoto (NO2);23;microgrammi / metro cubo;72.0;V;
31/05/2015;01:00;13;001272;805;Torino - Rebaudengo;04;Biossido di azoto (NO2);23;microgrammi / metro cubo;74.0;V;
31/05/2015;02:00;13;001272;805;Torino - Rebaudengo;04;Biossido di azoto (NO2);23;microgrammi / metro cubo;75.0;V;
31/05/2015;03:00;13;001272;805;Torino - Rebaudengo;04;Biossido di azoto (NO2);23;microgrammi / metro cubo;57.0;V;
31/05/2015;04:00;13;001272;805;Torino - Rebaudengo;04;Biossido di azoto (NO2);23;microgrammi / metro cubo;48.0;V;
31/05/2015;05:00;13;001272;805;Torino - Rebaudengo;04;Biossido di azoto (NO2);23;microgrammi / metro cubo;38.0;V;
31/05/2015;06:00;13;001272;805;Torino - Rebaudengo;04;Biossido di azoto (NO2);23;microgrammi / metro cubo;38.0;V;
31/05/2015;07:00;13;001272;805;Torino - Rebaudengo;04;Biossido di azoto (NO2);23;microgrammi / metro cubo;38.0;V;
31/05/2015;08:00;13;001272;805;Torino - Rebaudengo;04;Biossido di azoto (NO2);23;microgrammi / metro cubo;36.0;V;
31/05/2015;09:00;13;001272;805;Torino - Rebaudengo;04;Biossido di azoto (NO2);23;microgrammi / metro cubo;26.0;V;
31/05/2015;10:00;13;001272;805;Torino - Rebaudengo;04;Biossido di azoto (NO2);23;microgrammi / metro cubo;27.0;V;
31/05/2015;11:00;13;001272;805;Torino - Rebaudengo;04;Biossido di azoto (NO2);23;microgrammi / metro cubo;24.0;V;
31/05/2015;12:00;13;001272;805;Torino - Rebaudengo;04;Biossido di azoto (NO2);23;microgrammi / metro cubo;25.0;V;
31/05/2015;13:00;13;001272;805;Torino - Rebaudengo;04;Biossido di azoto (NO2);23;microgrammi / metro cubo;13.0;V;
31/05/2015;14:00;13;001272;805;Torino - Rebaudengo;04;Biossido di azoto (NO2);23;microgrammi / metro cubo;10.0;V;
31/05/2015;15:00;13;001272;805;Torino - Rebaudengo;04;Biossido di azoto (NO2);23;microgrammi / metro cubo;14.0;V;
31/05/2015;16:00;13;001272;805;Torino - Rebaudengo;04;Biossido di azoto (NO2);23;microgrammi / metro cubo;28.0;V;
31/05/2015;17:00;13;001272;805;Torino - Rebaudengo;04;Biossido di azoto (NO2);23;microgrammi / metro cubo;29.0;V;
31/05/2015;18:00;13;001272;805;Torino - Rebaudengo;04;Biossido di azoto (NO2);23;microgrammi / metro cubo;26.0;V;
31/05/2015;19:00;13;001272;805;Torino - Rebaudengo;04;Biossido di azoto (NO2);23;microgrammi / metro cubo;27.0;V;
31/05/2015;20:00;13;001272;805;Torino - Rebaudengo;04;Biossido di azoto (NO2);23;microgrammi / metro cubo;39.0;V;
31/05/2015;21:00;13;001272;805;Torino - Rebaudengo;04;Biossido di azoto (NO2);23;microgrammi / metro cubo;31.0;V;
31/05/2015;22:00;13;001272;805;Torino - Rebaudengo;04;Biossido di azoto (NO2);23;microgrammi / metro cubo;46.0;V;
31/05/2015;23:00;13;001272;805;Torino - Rebaudengo;04;Biossido di azoto (NO2);23;microgrammi / metro cubo;60.0;V;
31/05/2015;23:59;13;001272;805;Torino - Rebaudengo;04;Biossido di azoto (NO2);23;microgrammi / metro cubo;65.0;V;
01/06/2015;01:00;13;001272;805;Torino - Rebaudengo;04;Biossido di azoto (NO2);23;microgrammi / metro cubo;64.0;V;
01/06/2015;02:00;13;001272;805;Torino - Rebaudengo;04;Biossido di azoto (NO2);23;microgrammi / metro cubo;50.0;V;
01/06/2015;03:00;13;001272;805;Torino - Rebaudengo;04;Biossido di azoto (NO2);23;microgrammi / metro cubo;31.0;V;
01/06/2015;04:00;13;001272;805;Torino - Rebaudengo;04;Biossido di azoto (NO2);23;microgrammi / metro cubo;31.0;V;
01/06/2015;05:00;13;001272;805;Torino - Rebaudengo;04;Biossido di azoto (NO2);23;microgrammi / metro cubo;45.0;V;
01/06/2015;06:00;13;001272;805;Torino - Rebaudengo;04;Biossido di azoto (NO2);23;microgrammi / metro cubo;41.0;V;
01/06/2015;07:00;13;001272;805;Torino - Rebaudengo;04;Biossido di azoto (NO2);23;microgrammi / metro cubo;59.0;V;
01/06/2015;08:00;13;001272;805;Torino - Rebaudengo;04;Biossido di azoto (NO2);23;microgrammi / metro cubo;68.0;V;
01/06/2015;09:00;13;001272;805;Torino - Rebaudengo;04;Biossido di azoto (NO2);23;microgrammi / metro cubo;54.0;V;
01/06/2015;10:00;13;001272;805;Torino - Rebaudengo;04;Biossido di azoto (NO2);23;microgrammi / metro cubo;51.0;V;
01/06/2015;11:00;13;001272;805;Torino - Rebaudengo;04;Biossido di azoto (NO2);23;microgrammi / metro cubo;39.0;V;
01/06/2015;12:00;13;001272;805;Torino - Rebaudengo;04;Biossido di azoto (NO2);23;microgrammi / metro cubo;42.0;V;
01/06/2015;13:00;13;001272;805;Torino - Rebaudengo;04;Biossido di azoto (NO2);23;microgrammi / metro cubo;22.0;V;
01/06/2015;14:00;13;001272;805;Torino - Rebaudengo;04;Biossido di azoto (NO2);23;microgrammi / metro cubo;29.0;V;
01/06/2015;15:00;13;001272;805;Torino - Rebaudengo;04;Biossido di azoto (NO2);23;microgrammi / metro cubo;33.0;V;
01/06/2015;16:00;13;001272;805;Torino - Rebaudengo;04;Biossido di azoto (NO2);23;microgrammi / metro cubo;41.0;V;
01/06/2015;17:00;13;001272;805;Torino - Rebaudengo;04;Biossido di azoto (NO2);23;microgrammi / metro cubo;42.0;V;
01/06/2015;18:00;13;001272;805;Torino - Rebaudengo;04;Biossido di azoto (NO2);23;microgrammi / metro cubo;44.0;V;
01/06/2015;19:00;13;001272;805;Torino - Rebaudengo;04;Biossido di azoto (NO2);23;microgrammi / metro cubo;72.0;V;
01/06/2015;20:00;13;001272;805;Torino - Rebaudengo;04;Biossido di azoto (NO2);23;microgrammi / metro cubo;111.0;V;
01/06/2015;21:00;13;001272;805;Torino - Rebaudengo;04;Biossido di azoto (NO2);23;microgrammi / metro cubo;102.0;V;
01/06/2015;22:00;13;001272;805;Torino - Rebaudengo;04;Biossido di azoto (NO2);23;microgrammi / metro cubo;100.0;V;
01/06/2015;23:00;13;001272;805;Torino - Rebaudengo;04;Biossido di azoto (NO2);23;microgrammi / metro cubo;82.0;V;
01/06/2015;23:59;13;001272;805;Torino - Rebaudengo;04;Biossido di azoto (NO2);23;microgrammi / metro cubo;87.0;V;
02/06/2015;01:00;13;001272;805;Torino - Rebaudengo;04;Biossido di azoto (NO2);23;microgrammi / metro cubo;70.0;V;
02/06/2015;02:00;13;001272;805;Torino - Rebaudengo;04;Biossido di azoto (NO2);23;microgrammi / metro cubo;53.0;V;
02/06/2015;03:00;13;001272;805;Torino - Rebaudengo;04;Biossido di azoto (NO2);23;microgrammi / metro cubo;50.0;V;
02/06/2015;04:00;13;001272;805;Torino - Rebaudengo;04;Biossido di azoto (NO2);23;microgrammi / metro cubo;51.0;V;
02/06/2015;05:00;13;001272;805;Torino - Rebaudengo;04;Biossido di azoto (NO2);23;microgrammi / metro cubo;41.0;V;
02/06/2015;06:00;13;001272;805;Torino - Rebaudengo;04;Biossido di azoto (NO2);23;microgrammi / metro cubo;48.0;V;
02/06/2015;07:00;13;001272;805;Torino - Rebaudengo;04;Biossido di azoto (NO2);23;microgrammi / metro cubo;40.0;V;
02/06/2015;08:00;13;001272;805;Torino - Rebaudengo;04;Biossido di azoto (NO2);23;microgrammi / metro cubo;36.0;V;
02/06/2015;09:00;13;001272;805;Torino - Rebaudengo;04;Biossido di azoto (NO2);23;microgrammi / metro cubo;39.0;V;
02/06/2015;10:00;13;001272;805;Torino - Rebaudengo;04;Biossido di azoto (NO2);23;microgrammi / metro cubo;40.0;V;
02/06/2015;11:00;13;001272;805;Torino - Rebaudengo;04;Biossido di azoto (NO2);23;microgrammi / metro cubo;37.0;V;
02/06/2015;12:00;13;001272;805;Torino - Rebaudengo;04;Biossido di azoto (NO2);23;microgrammi / metro cubo;29.0;V;
02/06/2015;13:00;13;001272;805;Torino - Rebaudengo;04;Biossido di azoto (NO2);23;microgrammi / metro cubo;25.0;V;
02/06/2015;14:00;13;001272;805;Torino - Rebaudengo;04;Biossido di azoto (NO2);23;microgrammi / metro cubo;24.0;V;
02/06/2015;15:00;13;001272;805;Torino - Rebaudengo;04;Biossido di azoto (NO2);23;microgrammi / metro cubo;30.0;V;
02/06/2015;16:00;13;001272;805;Torino - Rebaudengo;04;Biossido di azoto (NO2);23;microgrammi / metro cubo;30.0;V;
02/06/2015;17:00;13;001272;805;Torino - Rebaudengo;04;Biossido di azoto (NO2);23;microgrammi / metro cubo;32.0;V;
02/06/2015;18:00;13;001272;805;Torino - Rebaudengo;04;Biossido di azoto (NO2);23;microgrammi / metro cubo;54.0;V;
02/06/2015;19:00;13;001272;805;Torino - Rebaudengo;04;Biossido di azoto (NO2);23;microgrammi / metro cubo;40.0;V;
02/06/2015;20:00;13;001272;805;Torino - Rebaudengo;04;Biossido di azoto (NO2);23;microgrammi / metro cubo;48.0;V;
02/06/2015;21:00;13;001272;805;Torino - Rebaudengo;04;Biossido di azoto (NO2);23;microgrammi / metro cubo;53.0;V;
02/06/2015;22:00;13;001272;805;Torino - Rebaudengo;04;Biossido di azoto (NO2);23;microgrammi / metro cubo;85.0;V;
02/06/2015;23:00;13;001272;805;Torino - Rebaudengo;04;Biossido di azoto (NO2);23;microgrammi / metro cubo;72.0;V;
02/06/2015;23:59;13;001272;805;Torino - Rebaudengo;04;Biossido di azoto (NO2);23;microgrammi / metro cubo;75.0;V;
03/06/2015;01:00;13;001272;805;Torino - Rebaudengo;04;Biossido di azoto (NO2);23;microgrammi / metro cubo;57.0;V;
03/06/2015;02:00;13;001272;805;Torino - Rebaudengo;04;Biossido di azoto (NO2);23;microgrammi / metro cubo;52.0;V;
03/06/2015;03:00;13;001272;805;Torino - Rebaudengo;04;Biossido di azoto (NO2);23;microgrammi / metro cubo;45.0;V;
03/06/2015;04:00;13;001272;805;Torino - Rebaudengo;04;Biossido di azoto (NO2);23;microgrammi / metro cubo;48.0;V;
03/06/2015;05:00;13;001272;805;Torino - Rebaudengo;04;Biossido di azoto (NO2);23;microgrammi / metro cubo;60.0;V;
03/06/2015;06:00;13;001272;805;Torino - Rebaudengo;04;Biossido di azoto (NO2);23;microgrammi / metro cubo;62.0;V;
03/06/2015;07:00;13;001272;805;Torino - Rebaudengo;04;Biossido di azoto (NO2);23;microgrammi / metro cubo;70.0;V;
03/06/2015;08:00;13;001272;805;Torino - Rebaudengo;04;Biossido di azoto (NO2);23;microgrammi / metro cubo;73.0;V;
03/06/2015;09:00;13;001272;805;Torino - Rebaudengo;04;Biossido di azoto (NO2);23;microgrammi / metro cubo;90.0;V;
03/06/2015;10:00;13;001272;805;Torino - Rebaudengo;04;Biossido di azoto (NO2);23;microgrammi / metro cubo;58.0;V;
03/06/2015;11:00;13;001272;805;Torino - Rebaudengo;04;Biossido di azoto (NO2);23;microgrammi / metro cubo;68.0;V;
03/06/2015;12:00;13;001272;805;Torino - Rebaudengo;04;Biossido di azoto (NO2);23;microgrammi / metro cubo;40.0;V;
03/06/2015;13:00;13;001272;805;Torino - Rebaudengo;04;Biossido di azoto (NO2);23;microgrammi / metro cubo;50.0;V;
03/06/2015;14:00;13;001272;805;Torino - Rebaudengo;04;Biossido di azoto (NO2);23;microgrammi / metro cubo;31.0;V;
03/06/2015;15:00;13;001272;805;Torino - Rebaudengo;04;Biossido di azoto (NO2);23;microgrammi / metro cubo;42.0;V;
03/06/2015;16:00;13;001272;805;Torino - Rebaudengo;04;Biossido di azoto (NO2);23;microgrammi / metro cubo;54.0;V;
03/06/2015;17:00;13;001272;805;Torino - Rebaudengo;04;Biossido di azoto (NO2);23;microgrammi / metro cubo;57.0;V;
03/06/2015;18:00;13;001272;805;Torino - Rebaudengo;04;Biossido di azoto (NO2);23;microgrammi / metro cubo;56.0;V;
03/06/2015;19:00;13;001272;805;Torino - Rebaudengo;04;Biossido di azoto (NO2);23;microgrammi / metro cubo;80.0;V;
03/06/2015;20:00;13;001272;805;Torino - Rebaudengo;04;Biossido di azoto (NO2);23;microgrammi / metro cubo;83.0;V;
03/06/2015;21:00;13;001272;805;Torino - Rebaudengo;04;Biossido di azoto (NO2);23;microgrammi / metro cubo;126.0;V;
03/06/2015;22:00;13;001272;805;Torino - Rebaudengo;04;Biossido di azoto (NO2);23;microgrammi / metro cubo;108.0;V;
03/06/2015;23:00;13;001272;805;Torino - Rebaudengo;04;Biossido di azoto (NO2);23;microgrammi / metro cubo;72.0;V;
03/06/2015;23:59;13;001272;805;Torino - Rebaudengo;04;Biossido di azoto (NO2);23;microgrammi / metro cubo;67.0;V;
04/06/2015;01:00;13;001272;805;Torino - Rebaudengo;04;Biossido di azoto (NO2);23;microgrammi / metro cubo;43.0;V;
04/06/2015;02:00;13;001272;805;Torino - Rebaudengo;04;Biossido di azoto (NO2);23;microgrammi / metro cubo;31.0;V;
04/06/2015;03:00;13;001272;805;Torino - Rebaudengo;04;Biossido di azoto (NO2);23;microgrammi / metro cubo;27.0;V;
04/06/2015;04:00;13;001272;805;Torino - Rebaudengo;04;Biossido di azoto (NO2);23;microgrammi / metro cubo;37.0;V;
04/06/2015;05:00;13;001272;805;Torino - Rebaudengo;04;Biossido di azoto (NO2);23;microgrammi / metro cubo;68.0;V;
04/06/2015;06:00;13;001272;805;Torino - Rebaudengo;04;Biossido di azoto (NO2);23;microgrammi / metro cubo;84.0;V;
04/06/2015;07:00;13;001272;805;Torino - Rebaudengo;04;Biossido di azoto (NO2);23;microgrammi / metro cubo;93.0;V;
04/06/2015;08:00;13;001272;805;Torino - Rebaudengo;04;Biossido di azoto (NO2);23;microgrammi / metro cubo;99.0;V;
04/06/2015;09:00;13;001272;805;Torino - Rebaudengo;04;Biossido di azoto (NO2);23;microgrammi / metro cubo;97.0;V;
04/06/2015;10:00;13;001272;805;Torino - Rebaudengo;04;Biossido di azoto (NO2);23;microgrammi / metro cubo;81.0;V;
04/06/2015;11:00;13;001272;805;Torino - Rebaudengo;04;Biossido di azoto (NO2);23;microgrammi / metro cubo;70.0;V;
04/06/2015;12:00;13;001272;805;Torino - Rebaudengo;04;Biossido di azoto (NO2);23;microgrammi / metro cubo;43.0;V;
04/06/2015;13:00;13;001272;805;Torino - Rebaudengo;04;Biossido di azoto (NO2);23;microgrammi / metro cubo;40.0;V;
04/06/2015;14:00;13;001272;805;Torino - Rebaudengo;04;Biossido di azoto (NO2);23;microgrammi / metro cubo;51.0;V;
04/06/2015;15:00;13;001272;805;Torino - Rebaudengo;04;Biossido di azoto (NO2);23;microgrammi / metro cubo;59.0;V;
04/06/2015;16:00;13;001272;805;Torino - Rebaudengo;04;Biossido di azoto (NO2);23;microgrammi / metro cubo;52.0;V;
04/06/2015;17:00;13;001272;805;Torino - Rebaudengo;04;Biossido di azoto (NO2);23;microgrammi / metro cubo;60.0;V;
04/06/2015;18:00;13;001272;805;Torino - Rebaudengo;04;Biossido di azoto (NO2);23;microgrammi / metro cubo;62.0;V;
04/06/2015;19:00;13;001272;805;Torino - Rebaudengo;04;Biossido di azoto (NO2);23;microgrammi / metro cubo;47.0;V;
04/06/2015;20:00;13;001272;805;Torino - Rebaudengo;04;Biossido di azoto (NO2);23;microgrammi / metro cubo;59.0;V;
04/06/2015;21:00;13;001272;805;Torino - Rebaudengo;04;Biossido di azoto (NO2);23;microgrammi / metro cubo;59.0;V;
04/06/2015;22:00;13;001272;805;Torino - Rebaudengo;04;Biossido di azoto (NO2);23;microgrammi / metro cubo;84.0;V;
04/06/2015;23:00;13;001272;805;Torino - Rebaudengo;04;Biossido di azoto (NO2);23;microgrammi / metro cubo;53.0;V;
04/06/2015;23:59;13;001272;805;Torino - Rebaudengo;04;Biossido di azoto (NO2);23;microgrammi / metro cubo;46.0;V;
05/06/2015;01:00;13;001272;805;Torino - Rebaudengo;04;Biossido di azoto (NO2);23;microgrammi / metro cubo;47.0;V;
05/06/2015;02:00;13;001272;805;Torino - Rebaudengo;04;Biossido di azoto (NO2);23;microgrammi / metro cubo;51.0;V;
05/06/2015;03:00;13;001272;805;Torino - Rebaudengo;04;Biossido di azoto (NO2);23;microgrammi / metro cubo;33.0;V;
05/06/2015;04:00;13;001272;805;Torino - Rebaudengo;04;Biossido di azoto (NO2);23;microgrammi / metro cubo;41.0;V;
05/06/2015;05:00;13;001272;805;Torino - Rebaudengo;04;Biossido di azoto (NO2);23;microgrammi / metro cubo;59.0;V;
05/06/2015;06:00;13;001272;805;Torino - Rebaudengo;04;Biossido di azoto (NO2);23;microgrammi / metro cubo;80.0;V;
05/06/2015;07:00;13;001272;805;Torino - Rebaudengo;04;Biossido di azoto (NO2);23;microgrammi / metro cubo;84.0;V;
05/06/2015;08:00;13;001272;805;Torino - Rebaudengo;04;Biossido di azoto (NO2);23;microgrammi / metro cubo;94.0;V;
05/06/2015;09:00;13;001272;805;Torino - Rebaudengo;04;Biossido di azoto (NO2);23;microgrammi / metro cubo;112.0;V;
05/06/2015;10:00;13;001272;805;Torino - Rebaudengo;04;Biossido di azoto (NO2);23;microgrammi / metro cubo;81.0;V;
05/06/2015;11:00;13;001272;805;Torino - Rebaudengo;04;Biossido di azoto (NO2);23;microgrammi / metro cubo;63.0;V;
05/06/2015;12:00;13;001272;805;Torino - Rebaudengo;04;Biossido di azoto (NO2);23;microgrammi / metro cubo;55.0;V;
05/06/2015;13:00;13;001272;805;Torino - Rebaudengo;04;Biossido di azoto (NO2);23;microgrammi / metro cubo;38.0;V;
05/06/2015;14:00;13;001272;805;Torino - Rebaudengo;04;Biossido di azoto (NO2);23;microgrammi / metro cubo;47.0;V;
05/06/2015;15:00;13;001272;805;Torino - Rebaudengo;04;Biossido di azoto (NO2);23;microgrammi / metro cubo;52.0;V;
05/06/2015;16:00;13;001272;805;Torino - Rebaudengo;04;Biossido di azoto (NO2);23;microgrammi / metro cubo;70.0;V;
05/06/2015;17:00;13;001272;805;Torino - Rebaudengo;04;Biossido di azoto (NO2);23;microgrammi / metro cubo;51.0;V;
05/06/2015;18:00;13;001272;805;Torino - Rebaudengo;04;Biossido di azoto (NO2);23;microgrammi / metro cubo;62.0;V;
05/06/2015;19:00;13;001272;805;Torino - Rebaudengo;04;Biossido di azoto (NO2);23;microgrammi / metro cubo;69.0;V;
05/06/2015;20:00;13;001272;805;Torino - Rebaudengo;04;Biossido di azoto (NO2);23;microgrammi / metro cubo;84.0;V;
05/06/2015;21:00;13;001272;805;Torino - Rebaudengo;04;Biossido di azoto (NO2);23;microgrammi / metro cubo;93.0;V;
05/06/2015;22:00;13;001272;805;Torino - Rebaudengo;04;Biossido di azoto (NO2);23;microgrammi / metro cubo;86.0;V;
05/06/2015;23:00;13;001272;805;Torino - Rebaudengo;04;Biossido di azoto (NO2);23;microgrammi / metro cubo;69.0;V;
05/06/2015;23:59;13;001272;805;Torino - Rebaudengo;04;Biossido di azoto (NO2);23;microgrammi / metro cubo;42.0;V;
06/06/2015;01:00;13;001272;805;Torino - Rebaudengo;04;Biossido di azoto (NO2);23;microgrammi / metro cubo;53.0;V;
06/06/2015;02:00;13;001272;805;Torino - Rebaudengo;04;Biossido di azoto (NO2);23;microgrammi / metro cubo;53.0;V;
06/06/2015;03:00;13;001272;805;Torino - Rebaudengo;04;Biossido di azoto (NO2);23;microgrammi / metro cubo;42.0;V;
06/06/2015;04:00;13;001272;805;Torino - Rebaudengo;04;Biossido di azoto (NO2);23;microgrammi / metro cubo;36.0;V;
06/06/2015;05:00;13;001272;805;Torino - Rebaudengo;04;Biossido di azoto (NO2);23;microgrammi / metro cubo;48.0;V;
06/06/2015;06:00;13;001272;805;Torino - Rebaudengo;04;Biossido di azoto (NO2);23;microgrammi / metro cubo;60.0;V;
06/06/2015;07:00;13;001272;805;Torino - Rebaudengo;04;Biossido di azoto (NO2);23;microgrammi / metro cubo;60.0;V;
06/06/2015;08:00;13;001272;805;Torino - Rebaudengo;04;Biossido di azoto (NO2);23;microgrammi / metro cubo;77.0;V;
06/06/2015;09:00;13;001272;805;Torino - Rebaudengo;04;Biossido di azoto (NO2);23;microgrammi / metro cubo;85.0;V;
06/06/2015;10:00;13;001272;805;Torino - Rebaudengo;04;Biossido di azoto (NO2);23;microgrammi / metro cubo;68.0;V;
06/06/2015;11:00;13;001272;805;Torino - Rebaudengo;04;Biossido di azoto (NO2);23;microgrammi / metro cubo;57.0;V;
06/06/2015;12:00;13;001272;805;Torino - Rebaudengo;04;Biossido di azoto (NO2);23;microgrammi / metro cubo;43.0;V;
06/06/2015;13:00;13;001272;805;Torino - Rebaudengo;04;Biossido di azoto (NO2);23;microgrammi / metro cubo;54.0;V;
06/06/2015;14:00;13;001272;805;Torino - Rebaudengo;04;Biossido di azoto (NO2);23;microgrammi / metro cubo;50.0;V;
06/06/2015;15:00;13;001272;805;Torino - Rebaudengo;04;Biossido di azoto (NO2);23;microgrammi / metro cubo;61.0;V;
06/06/2015;16:00;13;001272;805;Torino - Rebaudengo;04;Biossido di azoto (NO2);23;microgrammi / metro cubo;48.0;V;
06/06/2015;17:00;13;001272;805;Torino - Rebaudengo;04;Biossido di azoto (NO2);23;microgrammi / metro cubo;74.0;V;
06/06/2015;18:00;13;001272;805;Torino - Rebaudengo;04;Biossido di azoto (NO2);23;microgrammi / metro cubo;66.0;V;
06/06/2015;19:00;13;001272;805;Torino - Rebaudengo;04;Biossido di azoto (NO2);23;microgrammi / metro cubo;79.0;V;
06/06/2015;20:00;13;001272;805;Torino - Rebaudengo;04;Biossido di azoto (NO2);23;microgrammi / metro cubo;45.0;V;
06/06/2015;21:00;13;001272;805;Torino - Rebaudengo;04;Biossido di azoto (NO2);23;microgrammi / metro cubo;30.0;V;
06/06/2015;22:00;13;001272;805;Torino - Rebaudengo;04;Biossido di azoto (NO2);23;microgrammi / metro cubo;36.0;V;
06/06/2015;23:00;13;001272;805;Torino - Rebaudengo;04;Biossido di azoto (NO2);23;microgrammi / metro cubo;39.0;V;
06/06/2015;23:59;13;001272;805;Torino - Rebaudengo;04;Biossido di azoto (NO2);23;microgrammi / metro cubo;31.0;V;
07/06/2015;01:00;13;001272;805;Torino - Rebaudengo;04;Biossido di azoto (NO2);23;microgrammi / metro cubo;29.0;V;
07/06/2015;02:00;13;001272;805;Torino - Rebaudengo;04;Biossido di azoto (NO2);23;microgrammi / metro cubo;21.0;V;
07/06/2015;03:00;13;001272;805;Torino - Rebaudengo;04;Biossido di azoto (NO2);23;microgrammi / metro cubo;21.0;V;
07/06/2015;04:00;13;001272;805;Torino - Rebaudengo;04;Biossido di azoto (NO2);23;microgrammi / metro cubo;24.0;V;
07/06/2015;05:00;13;001272;805;Torino - Rebaudengo;04;Biossido di azoto (NO2);23;microgrammi / metro cubo;31.0;V;
07/06/2015;06:00;13;001272;805;Torino - Rebaudengo;04;Biossido di azoto (NO2);23;microgrammi / metro cubo;40.0;V;
07/06/2015;07:00;13;001272;805;Torino - Rebaudengo;04;Biossido di azoto (NO2);23;microgrammi / metro cubo;27.0;V;
07/06/2015;08:00;13;001272;805;Torino - Rebaudengo;04;Biossido di azoto (NO2);23;microgrammi / metro cubo;39.0;V;
07/06/2015;09:00;13;001272;805;Torino - Rebaudengo;04;Biossido di azoto (NO2);23;microgrammi / metro cubo;44.0;V;
07/06/2015;10:00;13;001272;805;Torino - Rebaudengo;04;Biossido di azoto (NO2);23;microgrammi / metro cubo;46.0;V;
07/06/2015;11:00;13;001272;805;Torino - Rebaudengo;04;Biossido di azoto (NO2);23;microgrammi / metro cubo;50.0;V;
07/06/2015;12:00;13;001272;805;Torino - Rebaudengo;04;Biossido di azoto (NO2);23;microgrammi / metro cubo;45.0;V;
07/06/2015;13:00;13;001272;805;Torino - Rebaudengo;04;Biossido di azoto (NO2);23;microgrammi / metro cubo;27.0;V;
07/06/2015;14:00;13;001272;805;Torino - Rebaudengo;04;Biossido di azoto (NO2);23;microgrammi / metro cubo;15.0;V;
07/06/2015;15:00;13;001272;805;Torino - Rebaudengo;04;Biossido di azoto (NO2);23;microgrammi / metro cubo;31.0;V;
07/06/2015;16:00;13;001272;805;Torino - Rebaudengo;04;Biossido di azoto (NO2);23;microgrammi / metro cubo;16.0;V;
07/06/2015;17:00;13;001272;805;Torino - Rebaudengo;04;Biossido di azoto (NO2);23;microgrammi / metro cubo;32.0;V;
07/06/2015;18:00;13;001272;805;Torino - Rebaudengo;04;Biossido di azoto (NO2);23;microgrammi / metro cubo;50.0;V;
07/06/2015;19:00;13;001272;805;Torino - Rebaudengo;04;Biossido di azoto (NO2);23;microgrammi / metro cubo;101.0;V;
07/06/2015;20:00;13;001272;805;Torino - Rebaudengo;04;Biossido di azoto (NO2);23;microgrammi / metro cubo;115.0;V;
07/06/2015;21:00;13;001272;805;Torino - Rebaudengo;04;Biossido di azoto (NO2);23;microgrammi / metro cubo;102.0;V;
07/06/2015;22:00;13;001272;805;Torino - Rebaudengo;04;Biossido di azoto (NO2);23;microgrammi / metro cubo;76.0;V;
07/06/2015;23:00;13;001272;805;Torino - Rebaudengo;04;Biossido di azoto (NO2);23;microgrammi / metro cubo;40.0;V;
07/06/2015;23:59;13;001272;805;Torino - Rebaudengo;04;Biossido di azoto (NO2);23;microgrammi / metro cubo;31.0;V;
08/06/2015;01:00;13;001272;805;Torino - Rebaudengo;04;Biossido di azoto (NO2);23;microgrammi / metro cubo;35.0;V;
08/06/2015;02:00;13;001272;805;Torino - Rebaudengo;04;Biossido di azoto (NO2);23;microgrammi / metro cubo;35.0;V;
08/06/2015;03:00;13;001272;805;Torino - Rebaudengo;04;Biossido di azoto (NO2);23;microgrammi / metro cubo;38.0;V;
08/06/2015;04:00;13;001272;805;Torino - Rebaudengo;04;Biossido di azoto (NO2);23;microgrammi / metro cubo;19.0;V;
08/06/2015;05:00;13;001272;805;Torino - Rebaudengo;04;Biossido di azoto (NO2);23;microgrammi / metro cubo;24.0;V;
08/06/2015;06:00;13;001272;805;Torino - Rebaudengo;04;Biossido di azoto (NO2);23;microgrammi / metro cubo;37.0;V;
08/06/2015;07:00;13;001272;805;Torino - Rebaudengo;04;Biossido di azoto (NO2);23;microgrammi / metro cubo;80.0;V;
08/06/2015;08:00;13;001272;805;Torino - Rebaudengo;04;Biossido di azoto (NO2);23;microgrammi / metro cubo;115.0;V;
08/06/2015;09:00;13;001272;805;Torino - Rebaudengo;04;Biossido di azoto (NO2);23;microgrammi / metro cubo;121.0;V;
08/06/2015;10:00;13;001272;805;Torino - Rebaudengo;04;Biossido di azoto (NO2);23;microgrammi / metro cubo;92.0;V;
08/06/2015;11:00;13;001272;805;Torino - Rebaudengo;04;Biossido di azoto (NO2);23;microgrammi / metro cubo;75.0;V;
08/06/2015;12:00;13;001272;805;Torino - Rebaudengo;04;Biossido di azoto (NO2);23;microgrammi / metro cubo;58.0;V;
08/06/2015;13:00;13;001272;805;Torino - Rebaudengo;04;Biossido di azoto (NO2);23;microgrammi / metro cubo;62.0;V;
08/06/2015;14:00;13;001272;805;Torino - Rebaudengo;04;Biossido di azoto (NO2);23;microgrammi / metro cubo;76.0;V;
08/06/2015;15:00;13;001272;805;Torino - Rebaudengo;04;Biossido di azoto (NO2);23;microgrammi / metro cubo;60.0;V;
08/06/2015;16:00;13;001272;805;Torino - Rebaudengo;04;Biossido di azoto (NO2);23;microgrammi / metro cubo;59.0;V;
08/06/2015;17:00;13;001272;805;Torino - Rebaudengo;04;Biossido di azoto (NO2);23;microgrammi / metro cubo;50.0;V;
08/06/2015;18:00;13;001272;805;Torino - Rebaudengo;04;Biossido di azoto (NO2);23;microgrammi / metro cubo;51.0;V;
08/06/2015;19:00;13;001272;805;Torino - Rebaudengo;04;Biossido di azoto (NO2);23;microgrammi / metro cubo;43.0;V;
08/06/2015;20:00;13;001272;805;Torino - Rebaudengo;04;Biossido di azoto (NO2);23;microgrammi / metro cubo;38.0;V;
08/06/2015;21:00;13;001272;805;Torino - Rebaudengo;04;Biossido di azoto (NO2);23;microgrammi / metro cubo;40.0;V;
08/06/2015;22:00;13;001272;805;Torino - Rebaudengo;04;Biossido di azoto (NO2);23;microgrammi / metro cubo;27.0;V;
08/06/2015;23:00;13;001272;805;Torino - Rebaudengo;04;Biossido di azoto (NO2);23;microgrammi / metro cubo;37.0;V;
08/06/2015;23:59;13;001272;805;Torino - Rebaudengo;04;Biossido di azoto (NO2);23;microgrammi / metro cubo;59.0;V;
09/06/2015;01:00;13;001272;805;Torino - Rebaudengo;04;Biossido di azoto (NO2);23;microgrammi / metro cubo;54.0;V;
09/06/2015;02:00;13;001272;805;Torino - Rebaudengo;04;Biossido di azoto (NO2);23;microgrammi / metro cubo;32.0;V;
09/06/2015;03:00;13;001272;805;Torino - Rebaudengo;04;Biossido di azoto (NO2);23;microgrammi / metro cubo;26.0;V;
09/06/2015;04:00;13;001272;805;Torino - Rebaudengo;04;Biossido di azoto (NO2);23;microgrammi / metro cubo;27.0;V;
09/06/2015;05:00;13;001272;805;Torino - Rebaudengo;04;Biossido di azoto (NO2);23;microgrammi / metro cubo;41.0;V;
09/06/2015;06:00;13;001272;805;Torino - Rebaudengo;04;Biossido di azoto (NO2);23;microgrammi / metro cubo;82.0;V;
09/06/2015;07:00;13;001272;805;Torino - Rebaudengo;04;Biossido di azoto (NO2);23;microgrammi / metro cubo;105.0;V;
09/06/2015;08:00;13;001272;805;Torino - Rebaudengo;04;Biossido di azoto (NO2);23;microgrammi / metro cubo;104.0;V;
09/06/2015;09:00;13;001272;805;Torino - Rebaudengo;04;Biossido di azoto (NO2);23;microgrammi / metro cubo;87.0;V;
09/06/2015;10:00;13;001272;805;Torino - Rebaudengo;04;Biossido di azoto (NO2);23;microgrammi / metro cubo;69.0;V;
09/06/2015;11:00;13;001272;805;Torino - Rebaudengo;04;Biossido di azoto (NO2);23;microgrammi / metro cubo;59.0;V;
09/06/2015;12:00;13;001272;805;Torino - Rebaudengo;04;Biossido di azoto (NO2);23;microgrammi / metro cubo;50.0;V;
09/06/2015;13:00;13;001272;805;Torino - Rebaudengo;04;Biossido di azoto (NO2);23;microgrammi / metro cubo;49.0;V;
09/06/2015;14:00;13;001272;805;Torino - Rebaudengo;04;Biossido di azoto (NO2);23;microgrammi / metro cubo;52.0;V;
09/06/2015;15:00;13;001272;805;Torino - Rebaudengo;04;Biossido di azoto (NO2);23;microgrammi / metro cubo;43.0;V;
09/06/2015;16:00;13;001272;805;Torino - Rebaudengo;04;Biossido di azoto (NO2);23;microgrammi / metro cubo;61.0;V;
09/06/2015;17:00;13;001272;805;Torino - Rebaudengo;04;Biossido di azoto (NO2);23;microgrammi / metro cubo;86.0;V;
09/06/2015;18:00;13;001272;805;Torino - Rebaudengo;04;Biossido di azoto (NO2);23;microgrammi / metro cubo;104.0;V;
09/06/2015;19:00;13;001272;805;Torino - Rebaudengo;04;Biossido di azoto (NO2);23;microgrammi / metro cubo;123.0;V;
09/06/2015;20:00;13;001272;805;Torino - Rebaudengo;04;Biossido di azoto (NO2);23;microgrammi / metro cubo;107.0;V;
09/06/2015;21:00;13;001272;805;Torino - Rebaudengo;04;Biossido di azoto (NO2);23;microgrammi / metro cubo;127.0;V;
09/06/2015;22:00;13;001272;805;Torino - Rebaudengo;04;Biossido di azoto (NO2);23;microgrammi / metro cubo;117.0;V;
09/06/2015;23:00;13;001272;805;Torino - Rebaudengo;04;Biossido di azoto (NO2);23;microgrammi / metro cubo;109.0;V;
09/06/2015;23:59;13;001272;805;Torino - Rebaudengo;04;Biossido di azoto (NO2);23;microgrammi / metro cubo;89.0;V;
10/06/2015;01:00;13;001272;805;Torino - Rebaudengo;04;Biossido di azoto (NO2);23;microgrammi / metro cubo;72.0;V;
10/06/2015;02:00;13;001272;805;Torino - Rebaudengo;04;Biossido di azoto (NO2);23;microgrammi / metro cubo;36.0;V;
10/06/2015;03:00;13;001272;805;Torino - Rebaudengo;04;Biossido di azoto (NO2);23;microgrammi / metro cubo;33.0;V;
10/06/2015;04:00;13;001272;805;Torino - Rebaudengo;04;Biossido di azoto (NO2);23;microgrammi / metro cubo;34.0;V;
10/06/2015;05:00;13;001272;805;Torino - Rebaudengo;04;Biossido di azoto (NO2);23;microgrammi / metro cubo;47.0;V;
10/06/2015;06:00;13;001272;805;Torino - Rebaudengo;04;Biossido di azoto (NO2);23;microgrammi / metro cubo;74.0;V;
10/06/2015;07:00;13;001272;805;Torino - Rebaudengo;04;Biossido di azoto (NO2);23;microgrammi / metro cubo;74.0;V;
10/06/2015;08:00;13;001272;805;Torino - Rebaudengo;04;Biossido di azoto (NO2);23;microgrammi / metro cubo;98.0;V;
10/06/2015;09:00;13;001272;805;Torino - Rebaudengo;04;Biossido di azoto (NO2);23;microgrammi / metro cubo;57.0;V;
10/06/2015;10:00;13;001272;805;Torino - Rebaudengo;04;Biossido di azoto (NO2);23;microgrammi / metro cubo;53.0;V;
10/06/2015;11:00;13;001272;805;Torino - Rebaudengo;04;Biossido di azoto (NO2);23;microgrammi / metro cubo;38.0;V;
10/06/2015;12:00;13;001272;805;Torino - Rebaudengo;04;Biossido di azoto (NO2);23;microgrammi / metro cubo;35.0;V;
10/06/2015;13:00;13;001272;805;Torino - Rebaudengo;04;Biossido di azoto (NO2);23;microgrammi / metro cubo;48.0;V;
10/06/2015;14:00;13;001272;805;Torino - Rebaudengo;04;Biossido di azoto (NO2);23;microgrammi / metro cubo;52.0;V;
10/06/2015;15:00;13;001272;805;Torino - Rebaudengo;04;Biossido di azoto (NO2);23;microgrammi / metro cubo;49.0;V;
10/06/2015;16:00;13;001272;805;Torino - Rebaudengo;04;Biossido di azoto (NO2);23;microgrammi / metro cubo;52.0;V;
10/06/2015;17:00;13;001272;805;Torino - Rebaudengo;04;Biossido di azoto (NO2);23;microgrammi / metro cubo;59.0;V;
10/06/2015;18:00;13;001272;805;Torino - Rebaudengo;04;Biossido di azoto (NO2);23;microgrammi / metro cubo;75.0;V;
10/06/2015;19:00;13;001272;805;Torino - Rebaudengo;04;Biossido di azoto (NO2);23;microgrammi / metro cubo;98.0;V;
10/06/2015;20:00;13;001272;805;Torino - Rebaudengo;04;Biossido di azoto (NO2);23;microgrammi / metro cubo;112.0;V;
10/06/2015;21:00;13;001272;805;Torino - Rebaudengo;04;Biossido di azoto (NO2);23;microgrammi / metro cubo;114.0;V;
10/06/2015;22:00;13;001272;805;Torino - Rebaudengo;04;Biossido di azoto (NO2);23;microgrammi / metro cubo;97.0;V;
10/06/2015;23:00;13;001272;805;Torino - Rebaudengo;04;Biossido di azoto (NO2);23;microgrammi / metro cubo;90.0;V;
10/06/2015;23:59;13;001272;805;Torino - Rebaudengo;04;Biossido di azoto (NO2);23;microgrammi / metro cubo;64.0;V;
11/06/2015;01:00;13;001272;805;Torino - Rebaudengo;04;Biossido di azoto (NO2);23;microgrammi / metro cubo;77.0;V;
11/06/2015;02:00;13;001272;805;Torino - Rebaudengo;04;Biossido di azoto (NO2);23;microgrammi / metro cubo;55.0;V;
11/06/2015;03:00;13;001272;805;Torino - Rebaudengo;04;Biossido di azoto (NO2);23;microgrammi / metro cubo;41.0;V;
11/06/2015;04:00;13;001272;805;Torino - Rebaudengo;04;Biossido di azoto (NO2);23;microgrammi / metro cubo;35.0;V;
11/06/2015;05:00;13;001272;805;Torino - Rebaudengo;04;Biossido di azoto (NO2);23;microgrammi / metro cubo;51.0;V;
11/06/2015;06:00;13;001272;805;Torino - Rebaudengo;04;Biossido di azoto (NO2);23;microgrammi / metro cubo;52.0;V;
11/06/2015;07:00;13;001272;805;Torino - Rebaudengo;04;Biossido di azoto (NO2);23;microgrammi / metro cubo;71.0;V;
11/06/2015;08:00;13;001272;805;Torino - Rebaudengo;04;Biossido di azoto (NO2);23;microgrammi / metro cubo;95.0;V;
11/06/2015;09:00;13;001272;805;Torino - Rebaudengo;04;Biossido di azoto (NO2);23;microgrammi / metro cubo;85.0;V;
11/06/2015;10:00;13;001272;805;Torino - Rebaudengo;04;Biossido di azoto (NO2);23;microgrammi / metro cubo;81.0;V;
11/06/2015;11:00;13;001272;805;Torino - Rebaudengo;04;Biossido di azoto (NO2);23;microgrammi / metro cubo;62.0;V;
11/06/2015;12:00;13;001272;805;Torino - Rebaudengo;04;Biossido di azoto (NO2);23;microgrammi / metro cubo;63.0;V;
11/06/2015;13:00;13;001272;805;Torino - Rebaudengo;04;Biossido di azoto (NO2);23;microgrammi / metro cubo;41.0;V;
11/06/2015;14:00;13;001272;805;Torino - Rebaudengo;04;Biossido di azoto (NO2);23;microgrammi / metro cubo;43.0;V;
11/06/2015;15:00;13;001272;805;Torino - Rebaudengo;04;Biossido di azoto (NO2);23;microgrammi / metro cubo;69.0;V;
11/06/2015;16:00;13;001272;805;Torino - Rebaudengo;04;Biossido di azoto (NO2);23;microgrammi / metro cubo;66.0;V;
11/06/2015;17:00;13;001272;805;Torino - Rebaudengo;04;Biossido di azoto (NO2);23;microgrammi / metro cubo;71.0;V;
11/06/2015;18:00;13;001272;805;Torino - Rebaudengo;04;Biossido di azoto (NO2);23;microgrammi / metro cubo;64.0;V;
11/06/2015;19:00;13;001272;805;Torino - Rebaudengo;04;Biossido di azoto (NO2);23;microgrammi / metro cubo;57.0;V;
11/06/2015;20:00;13;001272;805;Torino - Rebaudengo;04;Biossido di azoto (NO2);23;microgrammi / metro cubo;37.0;V;
11/06/2015;21:00;13;001272;805;Torino - Rebaudengo;04;Biossido di azoto (NO2);23;microgrammi / metro cubo;43.0;V;
11/06/2015;22:00;13;001272;805;Torino - Rebaudengo;04;Biossido di azoto (NO2);23;microgrammi / metro cubo;59.0;V;
11/06/2015;23:00;13;001272;805;Torino - Rebaudengo;04;Biossido di azoto (NO2);23;microgrammi / metro cubo;63.0;V;
11/06/2015;23:59;13;001272;805;Torino - Rebaudengo;04;Biossido di azoto (NO2);23;microgrammi / metro cubo;76.0;V;
12/06/2015;01:00;13;001272;805;Torino - Rebaudengo;04;Biossido di azoto (NO2);23;microgrammi / metro cubo;74.0;V;
12/06/2015;02:00;13;001272;805;Torino - Rebaudengo;04;Biossido di azoto (NO2);23;microgrammi / metro cubo;71.0;V;
12/06/2015;03:00;13;001272;805;Torino - Rebaudengo;04;Biossido di azoto (NO2);23;microgrammi / metro cubo;58.0;V;
12/06/2015;04:00;13;001272;805;Torino - Rebaudengo;04;Biossido di azoto (NO2);23;microgrammi / metro cubo;49.0;V;
12/06/2015;05:00;13;001272;805;Torino - Rebaudengo;04;Biossido di azoto (NO2);23;microgrammi / metro cubo;70.0;V;
12/06/2015;06:00;13;001272;805;Torino - Rebaudengo;04;Biossido di azoto (NO2);23;microgrammi / metro cubo;83.0;V;
12/06/2015;07:00;13;001272;805;Torino - Rebaudengo;04;Biossido di azoto (NO2);23;microgrammi / metro cubo;94.0;V;
12/06/2015;08:00;13;001272;805;Torino - Rebaudengo;04;Biossido di azoto (NO2);23;microgrammi / metro cubo;107.0;V;
12/06/2015;09:00;13;001272;805;Torino - Rebaudengo;04;Biossido di azoto (NO2);23;microgrammi / metro cubo;104.0;V;
12/06/2015;10:00;13;001272;805;Torino - Rebaudengo;04;Biossido di azoto (NO2);23;microgrammi / metro cubo;81.0;V;
12/06/2015;11:00;13;001272;805;Torino - Rebaudengo;04;Biossido di azoto (NO2);23;microgrammi / metro cubo;74.0;V;
12/06/2015;12:00;13;001272;805;Torino - Rebaudengo;04;Biossido di azoto (NO2);23;microgrammi / metro cubo;93.0;V;
12/06/2015;13:00;13;001272;805;Torino - Rebaudengo;04;Biossido di azoto (NO2);23;microgrammi / metro cubo;82.0;V;
12/06/2015;14:00;13;001272;805;Torino - Rebaudengo;04;Biossido di azoto (NO2);23;microgrammi / metro cubo;54.0;V;
12/06/2015;15:00;13;001272;805;Torino - Rebaudengo;04;Biossido di azoto (NO2);23;microgrammi / metro cubo;60.0;V;
12/06/2015;16:00;13;001272;805;Torino - Rebaudengo;04;Biossido di azoto (NO2);23;microgrammi / metro cubo;65.0;V;
12/06/2015;17:00;13;001272;805;Torino - Rebaudengo;04;Biossido di azoto (NO2);23;microgrammi / metro cubo;76.0;V;
12/06/2015;18:00;13;001272;805;Torino - Rebaudengo;04;Biossido di azoto (NO2);23;microgrammi / metro cubo;61.0;V;
12/06/2015;19:00;13;001272;805;Torino - Rebaudengo;04;Biossido di azoto (NO2);23;microgrammi / metro cubo;72.0;V;
12/06/2015;20:00;13;001272;805;Torino - Rebaudengo;04;Biossido di azoto (NO2);23;microgrammi / metro cubo;123.0;V;
12/06/2015;21:00;13;001272;805;Torino - Rebaudengo;04;Biossido di azoto (NO2);23;microgrammi / metro cubo;111.0;V;
12/06/2015;22:00;13;001272;805;Torino - Rebaudengo;04;Biossido di azoto (NO2);23;microgrammi / metro cubo;62.0;V;
12/06/2015;23:00;13;001272;805;Torino - Rebaudengo;04;Biossido di azoto (NO2);23;microgrammi / metro cubo;51.0;V;
12/06/2015;23:59;13;001272;805;Torino - Rebaudengo;04;Biossido di azoto (NO2);23;microgrammi / metro cubo;29.0;V;
13/06/2015;01:00;13;001272;805;Torino - Rebaudengo;04;Biossido di azoto (NO2);23;microgrammi / metro cubo;35.0;V;
13/06/2015;02:00;13;001272;805;Torino - Rebaudengo;04;Biossido di azoto (NO2);23;microgrammi / metro cubo;33.0;V;
13/06/2015;03:00;13;001272;805;Torino - Rebaudengo;04;Biossido di azoto (NO2);23;microgrammi / metro cubo;29.0;V;
13/06/2015;04:00;13;001272;805;Torino - Rebaudengo;04;Biossido di azoto (NO2);23;microgrammi / metro cubo;33.0;V;
13/06/2015;05:00;13;001272;805;Torino - Rebaudengo;04;Biossido di azoto (NO2);23;microgrammi / metro cubo;58.0;V;
13/06/2015;06:00;13;001272;805;Torino - Rebaudengo;04;Biossido di azoto (NO2);23;microgrammi / metro cubo;77.0;V;
13/06/2015;07:00;13;001272;805;Torino - Rebaudengo;04;Biossido di azoto (NO2);23;microgrammi / metro cubo;76.0;V;
13/06/2015;08:00;13;001272;805;Torino - Rebaudengo;04;Biossido di azoto (NO2);23;microgrammi / metro cubo;69.0;V;
13/06/2015;09:00;13;001272;805;Torino - Rebaudengo;04;Biossido di azoto (NO2);23;microgrammi / metro cubo;54.0;V;
13/06/2015;10:00;13;001272;805;Torino - Rebaudengo;04;Biossido di azoto (NO2);23;microgrammi / metro cubo;58.0;V;
13/06/2015;11:00;13;001272;805;Torino - Rebaudengo;04;Biossido di azoto (NO2);23;microgrammi / metro cubo;38.0;V;
13/06/2015;12:00;13;001272;805;Torino - Rebaudengo;04;Biossido di azoto (NO2);23;microgrammi / metro cubo;29.0;V;
13/06/2015;13:00;13;001272;805;Torino - Rebaudengo;04;Biossido di azoto (NO2);23;microgrammi / metro cubo;30.0;V;
13/06/2015;14:00;13;001272;805;Torino - Rebaudengo;04;Biossido di azoto (NO2);23;microgrammi / metro cubo;29.0;V;
13/06/2015;15:00;13;001272;805;Torino - Rebaudengo;04;Biossido di azoto (NO2);23;microgrammi / metro cubo;31.0;V;
13/06/2015;16:00;13;001272;805;Torino - Rebaudengo;04;Biossido di azoto (NO2);23;microgrammi / metro cubo;34.0;V;
13/06/2015;17:00;13;001272;805;Torino - Rebaudengo;04;Biossido di azoto (NO2);23;microgrammi / metro cubo;39.0;V;
13/06/2015;18:00;13;001272;805;Torino - Rebaudengo;04;Biossido di azoto (NO2);23;microgrammi / metro cubo;39.0;V;
13/06/2015;19:00;13;001272;805;Torino - Rebaudengo;04;Biossido di azoto (NO2);23;microgrammi / metro cubo;34.0;V;
13/06/2015;20:00;13;001272;805;Torino - Rebaudengo;04;Biossido di azoto (NO2);23;microgrammi / metro cubo;33.0;V;
13/06/2015;21:00;13;001272;805;Torino - Rebaudengo;04;Biossido di azoto (NO2);23;microgrammi / metro cubo;23.0;V;
13/06/2015;22:00;13;001272;805;Torino - Rebaudengo;04;Biossido di azoto (NO2);23;microgrammi / metro cubo;40.0;V;
13/06/2015;23:00;13;001272;805;Torino - Rebaudengo;04;Biossido di azoto (NO2);23;microgrammi / metro cubo;36.0;V;
13/06/2015;23:59;13;001272;805;Torino - Rebaudengo;04;Biossido di azoto (NO2);23;microgrammi / metro cubo;43.0;V;
14/06/2015;01:00;13;001272;805;Torino - Rebaudengo;04;Biossido di azoto (NO2);23;microgrammi / metro cubo;38.0;V;
14/06/2015;02:00;13;001272;805;Torino - Rebaudengo;04;Biossido di azoto (NO2);23;microgrammi / metro cubo;41.0;V;
14/06/2015;03:00;13;001272;805;Torino - Rebaudengo;04;Biossido di azoto (NO2);23;microgrammi / metro cubo;19.0;V;
14/06/2015;04:00;13;001272;805;Torino - Rebaudengo;04;Biossido di azoto (NO2);23;microgrammi / metro cubo;33.0;V;
14/06/2015;05:00;13;001272;805;Torino - Rebaudengo;04;Biossido di azoto (NO2);23;microgrammi / metro cubo;33.0;V;
14/06/2015;06:00;13;001272;805;Torino - Rebaudengo;04;Biossido di azoto (NO2);23;microgrammi / metro cubo;29.0;V;
14/06/2015;07:00;13;001272;805;Torino - Rebaudengo;04;Biossido di azoto (NO2);23;microgrammi / metro cubo;31.0;V;
14/06/2015;08:00;13;001272;805;Torino - Rebaudengo;04;Biossido di azoto (NO2);23;microgrammi / metro cubo;29.0;V;
14/06/2015;09:00;13;001272;805;Torino - Rebaudengo;04;Biossido di azoto (NO2);23;microgrammi / metro cubo;24.0;V;
14/06/2015;10:00;13;001272;805;Torino - Rebaudengo;04;Biossido di azoto (NO2);23;microgrammi / metro cubo;51.0;V;
14/06/2015;11:00;13;001272;805;Torino - Rebaudengo;04;Biossido di azoto (NO2);23;microgrammi / metro cubo;57.0;V;
14/06/2015;12:00;13;001272;805;Torino - Rebaudengo;04;Biossido di azoto (NO2);23;microgrammi / metro cubo;34.0;V;
14/06/2015;13:00;13;001272;805;Torino - Rebaudengo;04;Biossido di azoto (NO2);23;microgrammi / metro cubo;47.0;V;
14/06/2015;14:00;13;001272;805;Torino - Rebaudengo;04;Biossido di azoto (NO2);23;microgrammi / metro cubo;40.0;V;
14/06/2015;15:00;13;001272;805;Torino - Rebaudengo;04;Biossido di azoto (NO2);23;microgrammi / metro cubo;43.0;V;
14/06/2015;16:00;13;001272;805;Torino - Rebaudengo;04;Biossido di azoto (NO2);23;microgrammi / metro cubo;33.0;V;
14/06/2015;17:00;13;001272;805;Torino - Rebaudengo;04;Biossido di azoto (NO2);23;microgrammi / metro cubo;22.0;V;
14/06/2015;18:00;13;001272;805;Torino - Rebaudengo;04;Biossido di azoto (NO2);23;microgrammi / metro cubo;38.0;V;
14/06/2015;19:00;13;001272;805;Torino - Rebaudengo;04;Biossido di azoto (NO2);23;microgrammi / metro cubo;26.0;V;
14/06/2015;20:00;13;001272;805;Torino - Rebaudengo;04;Biossido di azoto (NO2);23;microgrammi / metro cubo;32.0;V;
14/06/2015;21:00;13;001272;805;Torino - Rebaudengo;04;Biossido di azoto (NO2);23;microgrammi / metro cubo;31.0;V;
14/06/2015;22:00;13;001272;805;Torino - Rebaudengo;04;Biossido di azoto (NO2);23;microgrammi / metro cubo;34.0;V;
14/06/2015;23:00;13;001272;805;Torino - Rebaudengo;04;Biossido di azoto (NO2);23;microgrammi / metro cubo;49.0;V;
14/06/2015;23:59;13;001272;805;Torino - Rebaudengo;04;Biossido di azoto (NO2);23;microgrammi / metro cubo;55.0;V;
15/06/2015;01:00;13;001272;805;Torino - Rebaudengo;04;Biossido di azoto (NO2);23;microgrammi / metro cubo;39.0;V;
15/06/2015;02:00;13;001272;805;Torino - Rebaudengo;04;Biossido di azoto (NO2);23;microgrammi / metro cubo;30.0;V;
15/06/2015;03:00;13;001272;805;Torino - Rebaudengo;04;Biossido di azoto (NO2);23;microgrammi / metro cubo;21.0;V;
15/06/2015;04:00;13;001272;805;Torino - Rebaudengo;04;Biossido di azoto (NO2);23;microgrammi / metro cubo;28.0;V;
15/06/2015;05:00;13;001272;805;Torino - Rebaudengo;04;Biossido di azoto (NO2);23;microgrammi / metro cubo;36.0;V;
15/06/2015;06:00;13;001272;805;Torino - Rebaudengo;04;Biossido di azoto (NO2);23;microgrammi / metro cubo;59.0;V;
15/06/2015;07:00;13;001272;805;Torino - Rebaudengo;04;Biossido di azoto (NO2);23;microgrammi / metro cubo;74.0;V;
15/06/2015;08:00;13;001272;805;Torino - Rebaudengo;04;Biossido di azoto (NO2);23;microgrammi / metro cubo;60.0;V;
15/06/2015;09:00;13;001272;805;Torino - Rebaudengo;04;Biossido di azoto (NO2);23;microgrammi / metro cubo;74.0;V;
15/06/2015;10:00;13;001272;805;Torino - Rebaudengo;04;Biossido di azoto (NO2);23;microgrammi / metro cubo;57.0;V;
15/06/2015;11:00;13;001272;805;Torino - Rebaudengo;04;Biossido di azoto (NO2);23;microgrammi / metro cubo;47.0;V;
15/06/2015;12:00;13;001272;805;Torino - Rebaudengo;04;Biossido di azoto (NO2);23;microgrammi / metro cubo;48.0;V;
15/06/2015;13:00;13;001272;805;Torino - Rebaudengo;04;Biossido di azoto (NO2);23;microgrammi / metro cubo;41.0;V;
15/06/2015;14:00;13;001272;805;Torino - Rebaudengo;04;Biossido di azoto (NO2);23;microgrammi / metro cubo;47.0;V;
15/06/2015;15:00;13;001272;805;Torino - Rebaudengo;04;Biossido di azoto (NO2);23;microgrammi / metro cubo;45.0;V;
15/06/2015;16:00;13;001272;805;Torino - Rebaudengo;04;Biossido di azoto (NO2);23;microgrammi / metro cubo;55.0;V;
15/06/2015;17:00;13;001272;805;Torino - Rebaudengo;04;Biossido di azoto (NO2);23;microgrammi / metro cubo;89.0;V;
15/06/2015;18:00;13;001272;805;Torino - Rebaudengo;04;Biossido di azoto (NO2);23;microgrammi / metro cubo;81.0;V;
15/06/2015;19:00;13;001272;805;Torino - Rebaudengo;04;Biossido di azoto (NO2);23;microgrammi / metro cubo;91.0;V;
15/06/2015;20:00;13;001272;805;Torino - Rebaudengo;04;Biossido di azoto (NO2);23;microgrammi / metro cubo;101.0;V;
15/06/2015;21:00;13;001272;805;Torino - Rebaudengo;04;Biossido di azoto (NO2);23;microgrammi / metro cubo;79.0;V;
15/06/2015;22:00;13;001272;805;Torino - Rebaudengo;04;Biossido di azoto (NO2);23;microgrammi / metro cubo;80.0;V;
15/06/2015;23:00;13;001272;805;Torino - Rebaudengo;04;Biossido di azoto (NO2);23;microgrammi / metro cubo;71.0;V;
15/06/2015;23:59;13;001272;805;Torino - Rebaudengo;04;Biossido di azoto (NO2);23;microgrammi / metro cubo;78.0;V;
16/06/2015;01:00;13;001272;805;Torino - Rebaudengo;04;Biossido di azoto (NO2);23;microgrammi / metro cubo;68.0;V;
16/06/2015;02:00;13;001272;805;Torino - Rebaudengo;04;Biossido di azoto (NO2);23;microgrammi / metro cubo;46.0;V;
16/06/2015;03:00;13;001272;805;Torino - Rebaudengo;04;Biossido di azoto (NO2);23;microgrammi / metro cubo;50.0;V;
16/06/2015;04:00;13;001272;805;Torino - Rebaudengo;04;Biossido di azoto (NO2);23;microgrammi / metro cubo;50.0;V;
16/06/2015;05:00;13;001272;805;Torino - Rebaudengo;04;Biossido di azoto (NO2);23;microgrammi / metro cubo;48.0;V;
16/06/2015;06:00;13;001272;805;Torino - Rebaudengo;04;Biossido di azoto (NO2);23;microgrammi / metro cubo;53.0;V;
16/06/2015;07:00;13;001272;805;Torino - Rebaudengo;04;Biossido di azoto (NO2);23;microgrammi / metro cubo;63.0;V;
16/06/2015;08:00;13;001272;805;Torino - Rebaudengo;04;Biossido di azoto (NO2);23;microgrammi / metro cubo;66.0;V;
16/06/2015;09:00;13;001272;805;Torino - Rebaudengo;04;Biossido di azoto (NO2);23;microgrammi / metro cubo;66.0;V;
16/06/2015;10:00;13;001272;805;Torino - Rebaudengo;04;Biossido di azoto (NO2);23;microgrammi / metro cubo;54.0;V;
16/06/2015;11:00;13;001272;805;Torino - Rebaudengo;04;Biossido di azoto (NO2);23;microgrammi / metro cubo;41.0;V;
16/06/2015;12:00;13;001272;805;Torino - Rebaudengo;04;Biossido di azoto (NO2);23;microgrammi / metro cubo;35.0;V;
16/06/2015;13:00;13;001272;805;Torino - Rebaudengo;04;Biossido di azoto (NO2);23;microgrammi / metro cubo;44.0;V;
16/06/2015;14:00;13;001272;805;Torino - Rebaudengo;04;Biossido di azoto (NO2);23;microgrammi / metro cubo;29.0;V;
16/06/2015;15:00;13;001272;805;Torino - Rebaudengo;04;Biossido di azoto (NO2);23;microgrammi / metro cubo;74.0;V;
16/06/2015;16:00;13;001272;805;Torino - Rebaudengo;04;Biossido di azoto (NO2);23;microgrammi / metro cubo;59.0;V;
16/06/2015;17:00;13;001272;805;Torino - Rebaudengo;04;Biossido di azoto (NO2);23;microgrammi / metro cubo;102.0;V;
16/06/2015;18:00;13;001272;805;Torino - Rebaudengo;04;Biossido di azoto (NO2);23;microgrammi / metro cubo;92.0;V;
16/06/2015;19:00;13;001272;805;Torino - Rebaudengo;04;Biossido di azoto (NO2);23;microgrammi / metro cubo;82.0;V;
16/06/2015;20:00;13;001272;805;Torino - Rebaudengo;04;Biossido di azoto (NO2);23;microgrammi / metro cubo;85.0;V;
16/06/2015;21:00;13;001272;805;Torino - Rebaudengo;04;Biossido di azoto (NO2);23;microgrammi / metro cubo;59.0;V;
16/06/2015;22:00;13;001272;805;Torino - Rebaudengo;04;Biossido di azoto (NO2);23;microgrammi / metro cubo;65.0;V;
16/06/2015;23:00;13;001272;805;Torino - Rebaudengo;04;Biossido di azoto (NO2);23;microgrammi / metro cubo;65.0;V;
16/06/2015;23:59;13;001272;805;Torino - Rebaudengo;04;Biossido di azoto (NO2);23;microgrammi / metro cubo;66.0;V;
17/06/2015;01:00;13;001272;805;Torino - Rebaudengo;04;Biossido di azoto (NO2);23;microgrammi / metro cubo;59.0;V;
17/06/2015;02:00;13;001272;805;Torino - Rebaudengo;04;Biossido di azoto (NO2);23;microgrammi / metro cubo;39.0;V;
17/06/2015;03:00;13;001272;805;Torino - Rebaudengo;04;Biossido di azoto (NO2);23;microgrammi / metro cubo;37.0;V;
17/06/2015;04:00;13;001272;805;Torino - Rebaudengo;04;Biossido di azoto (NO2);23;microgrammi / metro cubo;34.0;V;
17/06/2015;05:00;13;001272;805;Torino - Rebaudengo;04;Biossido di azoto (NO2);23;microgrammi / metro cubo;52.0;V;
17/06/2015;06:00;13;001272;805;Torino - Rebaudengo;04;Biossido di azoto (NO2);23;microgrammi / metro cubo;66.0;V;
17/06/2015;07:00;13;001272;805;Torino - Rebaudengo;04;Biossido di azoto (NO2);23;microgrammi / metro cubo;77.0;V;
17/06/2015;08:00;13;001272;805;Torino - Rebaudengo;04;Biossido di azoto (NO2);23;microgrammi / metro cubo;92.0;V;
17/06/2015;09:00;13;001272;805;Torino - Rebaudengo;04;Biossido di azoto (NO2);23;microgrammi / metro cubo;82.0;V;
17/06/2015;10:00;13;001272;805;Torino - Rebaudengo;04;Biossido di azoto (NO2);23;microgrammi / metro cubo;66.0;V;
17/06/2015;11:00;13;001272;805;Torino - Rebaudengo;04;Biossido di azoto (NO2);23;microgrammi / metro cubo;34.0;V;
17/06/2015;12:00;13;001272;805;Torino - Rebaudengo;04;Biossido di azoto (NO2);23;microgrammi / metro cubo;38.0;V;
17/06/2015;13:00;13;001272;805;Torino - Rebaudengo;04;Biossido di azoto (NO2);23;microgrammi / metro cubo;25.0;V;
17/06/2015;14:00;13;001272;805;Torino - Rebaudengo;04;Biossido di azoto (NO2);23;microgrammi / metro cubo;37.0;V;
17/06/2015;15:00;13;001272;805;Torino - Rebaudengo;04;Biossido di azoto (NO2);23;microgrammi / metro cubo;38.0;V;
17/06/2015;16:00;13;001272;805;Torino - Rebaudengo;04;Biossido di azoto (NO2);23;microgrammi / metro cubo;37.0;V;
17/06/2015;17:00;13;001272;805;Torino - Rebaudengo;04;Biossido di azoto (NO2);23;microgrammi / metro cubo;49.0;V;
17/06/2015;18:00;13;001272;805;Torino - Rebaudengo;04;Biossido di azoto (NO2);23;microgrammi / metro cubo;50.0;V;
17/06/2015;19:00;13;001272;805;Torino - Rebaudengo;04;Biossido di azoto (NO2);23;microgrammi / metro cubo;63.0;V;
17/06/2015;20:00;13;001272;805;Torino - Rebaudengo;04;Biossido di azoto (NO2);23;microgrammi / metro cubo;78.0;V;
17/06/2015;21:00;13;001272;805;Torino - Rebaudengo;04;Biossido di azoto (NO2);23;microgrammi / metro cubo;98.0;V;
17/06/2015;22:00;13;001272;805;Torino - Rebaudengo;04;Biossido di azoto (NO2);23;microgrammi / metro cubo;58.0;V;
17/06/2015;23:00;13;001272;805;Torino - Rebaudengo;04;Biossido di azoto (NO2);23;microgrammi / metro cubo;38.0;V;
17/06/2015;23:59;13;001272;805;Torino - Rebaudengo;04;Biossido di azoto (NO2);23;microgrammi / metro cubo;43.0;V;
18/06/2015;01:00;13;001272;805;Torino - Rebaudengo;04;Biossido di azoto (NO2);23;microgrammi / metro cubo;47.0;V;
18/06/2015;02:00;13;001272;805;Torino - Rebaudengo;04;Biossido di azoto (NO2);23;microgrammi / metro cubo;36.0;V;
18/06/2015;03:00;13;001272;805;Torino - Rebaudengo;04;Biossido di azoto (NO2);23;microgrammi / metro cubo;30.0;V;
18/06/2015;04:00;13;001272;805;Torino - Rebaudengo;04;Biossido di azoto (NO2);23;microgrammi / metro cubo;35.0;V;
18/06/2015;05:00;13;001272;805;Torino - Rebaudengo;04;Biossido di azoto (NO2);23;microgrammi / metro cubo;51.0;V;
18/06/2015;06:00;13;001272;805;Torino - Rebaudengo;04;Biossido di azoto (NO2);23;microgrammi / metro cubo;63.0;V;
18/06/2015;07:00;13;001272;805;Torino - Rebaudengo;04;Biossido di azoto (NO2);23;microgrammi / metro cubo;70.0;V;
18/06/2015;08:00;13;001272;805;Torino - Rebaudengo;04;Biossido di azoto (NO2);23;microgrammi / metro cubo;70.0;V;
18/06/2015;09:00;13;001272;805;Torino - Rebaudengo;04;Biossido di azoto (NO2);23;microgrammi / metro cubo;63.0;V;
18/06/2015;10:00;13;001272;805;Torino - Rebaudengo;04;Biossido di azoto (NO2);23;microgrammi / metro cubo;48.0;V;
18/06/2015;11:00;13;001272;805;Torino - Rebaudengo;04;Biossido di azoto (NO2);23;microgrammi / metro cubo;;E;
18/06/2015;12:00;13;001272;805;Torino - Rebaudengo;04;Biossido di azoto (NO2);23;microgrammi / metro cubo;;E;
18/06/2015;13:00;13;001272;805;Torino - Rebaudengo;04;Biossido di azoto (NO2);23;microgrammi / metro cubo;38.0;V;
18/06/2015;14:00;13;001272;805;Torino - Rebaudengo;04;Biossido di azoto (NO2);23;microgrammi / metro cubo;56.0;V;
18/06/2015;15:00;13;001272;805;Torino - Rebaudengo;04;Biossido di azoto (NO2);23;microgrammi / metro cubo;55.0;V;
18/06/2015;16:00;13;001272;805;Torino - Rebaudengo;04;Biossido di azoto (NO2);23;microgrammi / metro cubo;62.0;V;
18/06/2015;17:00;13;001272;805;Torino - Rebaudengo;04;Biossido di azoto (NO2);23;microgrammi / metro cubo;44.0;V;
18/06/2015;18:00;13;001272;805;Torino - Rebaudengo;04;Biossido di azoto (NO2);23;microgrammi / metro cubo;43.0;V;
18/06/2015;19:00;13;001272;805;Torino - Rebaudengo;04;Biossido di azoto (NO2);23;microgrammi / metro cubo;36.0;V;
18/06/2015;20:00;13;001272;805;Torino - Rebaudengo;04;Biossido di azoto (NO2);23;microgrammi / metro cubo;62.0;V;
18/06/2015;21:00;13;001272;805;Torino - Rebaudengo;04;Biossido di azoto (NO2);23;microgrammi / metro cubo;72.0;V;
18/06/2015;22:00;13;001272;805;Torino - Rebaudengo;04;Biossido di azoto (NO2);23;microgrammi / metro cubo;87.0;V;
18/06/2015;23:00;13;001272;805;Torino - Rebaudengo;04;Biossido di azoto (NO2);23;microgrammi / metro cubo;56.0;V;
18/06/2015;23:59;13;001272;805;Torino - Rebaudengo;04;Biossido di azoto (NO2);23;microgrammi / metro cubo;59.0;V;
19/06/2015;01:00;13;001272;805;Torino - Rebaudengo;04;Biossido di azoto (NO2);23;microgrammi / metro cubo;44.0;V;
19/06/2015;02:00;13;001272;805;Torino - Rebaudengo;04;Biossido di azoto (NO2);23;microgrammi / metro cubo;43.0;V;
19/06/2015;03:00;13;001272;805;Torino - Rebaudengo;04;Biossido di azoto (NO2);23;microgrammi / metro cubo;36.0;V;
19/06/2015;04:00;13;001272;805;Torino - Rebaudengo;04;Biossido di azoto (NO2);23;microgrammi / metro cubo;39.0;V;
19/06/2015;05:00;13;001272;805;Torino - Rebaudengo;04;Biossido di azoto (NO2);23;microgrammi / metro cubo;58.0;V;
19/06/2015;06:00;13;001272;805;Torino - Rebaudengo;04;Biossido di azoto (NO2);23;microgrammi / metro cubo;71.0;V;
19/06/2015;07:00;13;001272;805;Torino - Rebaudengo;04;Biossido di azoto (NO2);23;microgrammi / metro cubo;80.0;V;
19/06/2015;08:00;13;001272;805;Torino - Rebaudengo;04;Biossido di azoto (NO2);23;microgrammi / metro cubo;76.0;V;
19/06/2015;09:00;13;001272;805;Torino - Rebaudengo;04;Biossido di azoto (NO2);23;microgrammi / metro cubo;69.0;V;
19/06/2015;10:00;13;001272;805;Torino - Rebaudengo;04;Biossido di azoto (NO2);23;microgrammi / metro cubo;64.0;V;
19/06/2015;11:00;13;001272;805;Torino - Rebaudengo;04;Biossido di azoto (NO2);23;microgrammi / metro cubo;62.0;V;
19/06/2015;12:00;13;001272;805;Torino - Rebaudengo;04;Biossido di azoto (NO2);23;microgrammi / metro cubo;54.0;V;
19/06/2015;13:00;13;001272;805;Torino - Rebaudengo;04;Biossido di azoto (NO2);23;microgrammi / metro cubo;44.0;V;
19/06/2015;14:00;13;001272;805;Torino - Rebaudengo;04;Biossido di azoto (NO2);23;microgrammi / metro cubo;47.0;V;
19/06/2015;15:00;13;001272;805;Torino - Rebaudengo;04;Biossido di azoto (NO2);23;microgrammi / metro cubo;;E;
19/06/2015;16:00;13;001272;805;Torino - Rebaudengo;04;Biossido di azoto (NO2);23;microgrammi / metro cubo;;E;
19/06/2015;17:00;13;001272;805;Torino - Rebaudengo;04;Biossido di azoto (NO2);23;microgrammi / metro cubo;32.0;V;
19/06/2015;18:00;13;001272;805;Torino - Rebaudengo;04;Biossido di azoto (NO2);23;microgrammi / metro cubo;40.0;V;
19/06/2015;19:00;13;001272;805;Torino - Rebaudengo;04;Biossido di azoto (NO2);23;microgrammi / metro cubo;39.0;V;
19/06/2015;20:00;13;001272;805;Torino - Rebaudengo;04;Biossido di azoto (NO2);23;microgrammi / metro cubo;52.0;V;
19/06/2015;21:00;13;001272;805;Torino - Rebaudengo;04;Biossido di azoto (NO2);23;microgrammi / metro cubo;44.0;V;
19/06/2015;22:00;13;001272;805;Torino - Rebaudengo;04;Biossido di azoto (NO2);23;microgrammi / metro cubo;75.0;V;
19/06/2015;23:00;13;001272;805;Torino - Rebaudengo;04;Biossido di azoto (NO2);23;microgrammi / metro cubo;54.0;V;
19/06/2015;23:59;13;001272;805;Torino - Rebaudengo;04;Biossido di azoto (NO2);23;microgrammi / metro cubo;46.0;V;
20/06/2015;01:00;13;001272;805;Torino - Rebaudengo;04;Biossido di azoto (NO2);23;microgrammi / metro cubo;;E;
20/06/2015;02:00;13;001272;805;Torino - Rebaudengo;04;Biossido di azoto (NO2);23;microgrammi / metro cubo;;E;
20/06/2015;03:00;13;001272;805;Torino - Rebaudengo;04;Biossido di azoto (NO2);23;microgrammi / metro cubo;;E;
20/06/2015;04:00;13;001272;805;Torino - Rebaudengo;04;Biossido di azoto (NO2);23;microgrammi / metro cubo;;E;
20/06/2015;05:00;13;001272;805;Torino - Rebaudengo;04;Biossido di azoto (NO2);23;microgrammi / metro cubo;;E;
20/06/2015;06:00;13;001272;805;Torino - Rebaudengo;04;Biossido di azoto (NO2);23;microgrammi / metro cubo;;E;
20/06/2015;07:00;13;001272;805;Torino - Rebaudengo;04;Biossido di azoto (NO2);23;microgrammi / metro cubo;;E;
20/06/2015;08:00;13;001272;805;Torino - Rebaudengo;04;Biossido di azoto (NO2);23;microgrammi / metro cubo;;E;
20/06/2015;09:00;13;001272;805;Torino - Rebaudengo;04;Biossido di azoto (NO2);23;microgrammi / metro cubo;;E;
20/06/2015;10:00;13;001272;805;Torino - Rebaudengo;04;Biossido di azoto (NO2);23;microgrammi / metro cubo;;E;
20/06/2015;11:00;13;001272;805;Torino - Rebaudengo;04;Biossido di azoto (NO2);23;microgrammi / metro cubo;;E;
20/06/2015;12:00;13;001272;805;Torino - Rebaudengo;04;Biossido di azoto (NO2);23;microgrammi / metro cubo;;E;
20/06/2015;13:00;13;001272;805;Torino - Rebaudengo;04;Biossido di azoto (NO2);23;microgrammi / metro cubo;;E;
20/06/2015;14:00;13;001272;805;Torino - Rebaudengo;04;Biossido di azoto (NO2);23;microgrammi / metro cubo;;E;
20/06/2015;15:00;13;001272;805;Torino - Rebaudengo;04;Biossido di azoto (NO2);23;microgrammi / metro cubo;;E;
20/06/2015;16:00;13;001272;805;Torino - Rebaudengo;04;Biossido di azoto (NO2);23;microgrammi / metro cubo;;E;
20/06/2015;17:00;13;001272;805;Torino - Rebaudengo;04;Biossido di azoto (NO2);23;microgrammi / metro cubo;;E;
20/06/2015;18:00;13;001272;805;Torino - Rebaudengo;04;Biossido di azoto (NO2);23;microgrammi / metro cubo;;E;
20/06/2015;19:00;13;001272;805;Torino - Rebaudengo;04;Biossido di azoto (NO2);23;microgrammi / metro cubo;;E;
20/06/2015;20:00;13;001272;805;Torino - Rebaudengo;04;Biossido di azoto (NO2);23;microgrammi / metro cubo;;E;
20/06/2015;21:00;13;001272;805;Torino - Rebaudengo;04;Biossido di azoto (NO2);23;microgrammi / metro cubo;;E;
20/06/2015;22:00;13;001272;805;Torino - Rebaudengo;04;Biossido di azoto (NO2);23;microgrammi / metro cubo;;E;
20/06/2015;23:00;13;001272;805;Torino - Rebaudengo;04;Biossido di azoto (NO2);23;microgrammi / metro cubo;;E;
20/06/2015;23:59;13;001272;805;Torino - Rebaudengo;04;Biossido di azoto (NO2);23;microgrammi / metro cubo;;E;
21/06/2015;01:00;13;001272;805;Torino - Rebaudengo;04;Biossido di azoto (NO2);23;microgrammi / metro cubo;;E;
21/06/2015;02:00;13;001272;805;Torino - Rebaudengo;04;Biossido di azoto (NO2);23;microgrammi / metro cubo;;E;
21/06/2015;03:00;13;001272;805;Torino - Rebaudengo;04;Biossido di azoto (NO2);23;microgrammi / metro cubo;;E;
21/06/2015;04:00;13;001272;805;Torino - Rebaudengo;04;Biossido di azoto (NO2);23;microgrammi / metro cubo;;E;
21/06/2015;05:00;13;001272;805;Torino - Rebaudengo;04;Biossido di azoto (NO2);23;microgrammi / metro cubo;;E;
21/06/2015;06:00;13;001272;805;Torino - Rebaudengo;04;Biossido di azoto (NO2);23;microgrammi / metro cubo;;E;
21/06/2015;07:00;13;001272;805;Torino - Rebaudengo;04;Biossido di azoto (NO2);23;microgrammi / metro cubo;;E;
21/06/2015;08:00;13;001272;805;Torino - Rebaudengo;04;Biossido di azoto (NO2);23;microgrammi / metro cubo;;E;
21/06/2015;09:00;13;001272;805;Torino - Rebaudengo;04;Biossido di azoto (NO2);23;microgrammi / metro cubo;;E;
21/06/2015;10:00;13;001272;805;Torino - Rebaudengo;04;Biossido di azoto (NO2);23;microgrammi / metro cubo;;E;
21/06/2015;11:00;13;001272;805;Torino - Rebaudengo;04;Biossido di azoto (NO2);23;microgrammi / metro cubo;;E;
21/06/2015;12:00;13;001272;805;Torino - Rebaudengo;04;Biossido di azoto (NO2);23;microgrammi / metro cubo;;E;
21/06/2015;13:00;13;001272;805;Torino - Rebaudengo;04;Biossido di azoto (NO2);23;microgrammi / metro cubo;;E;
21/06/2015;14:00;13;001272;805;Torino - Rebaudengo;04;Biossido di azoto (NO2);23;microgrammi / metro cubo;;E;
21/06/2015;15:00;13;001272;805;Torino - Rebaudengo;04;Biossido di azoto (NO2);23;microgrammi / metro cubo;;E;
21/06/2015;16:00;13;001272;805;Torino - Rebaudengo;04;Biossido di azoto (NO2);23;microgrammi / metro cubo;;E;
21/06/2015;17:00;13;001272;805;Torino - Rebaudengo;04;Biossido di azoto (NO2);23;microgrammi / metro cubo;;E;
21/06/2015;18:00;13;001272;805;Torino - Rebaudengo;04;Biossido di azoto (NO2);23;microgrammi / metro cubo;;E;
21/06/2015;19:00;13;001272;805;Torino - Rebaudengo;04;Biossido di azoto (NO2);23;microgrammi / metro cubo;;E;
21/06/2015;20:00;13;001272;805;Torino - Rebaudengo;04;Biossido di azoto (NO2);23;microgrammi / metro cubo;;E;
21/06/2015;21:00;13;001272;805;Torino - Rebaudengo;04;Biossido di azoto (NO2);23;microgrammi / metro cubo;;E;
21/06/2015;22:00;13;001272;805;Torino - Rebaudengo;04;Biossido di azoto (NO2);23;microgrammi / metro cubo;;E;
21/06/2015;23:00;13;001272;805;Torino - Rebaudengo;04;Biossido di azoto (NO2);23;microgrammi / metro cubo;;E;
21/06/2015;23:59;13;001272;805;Torino - Rebaudengo;04;Biossido di azoto (NO2);23;microgrammi / metro cubo;;E;
22/06/2015;01:00;13;001272;805;Torino - Rebaudengo;04;Biossido di azoto (NO2);23;microgrammi / metro cubo;;E;
22/06/2015;02:00;13;001272;805;Torino - Rebaudengo;04;Biossido di azoto (NO2);23;microgrammi / metro cubo;;E;
22/06/2015;03:00;13;001272;805;Torino - Rebaudengo;04;Biossido di azoto (NO2);23;microgrammi / metro cubo;;E;
22/06/2015;04:00;13;001272;805;Torino - Rebaudengo;04;Biossido di azoto (NO2);23;microgrammi / metro cubo;;E;
22/06/2015;05:00;13;001272;805;Torino - Rebaudengo;04;Biossido di azoto (NO2);23;microgrammi / metro cubo;;E;
22/06/2015;06:00;13;001272;805;Torino - Rebaudengo;04;Biossido di azoto (NO2);23;microgrammi / metro cubo;;E;
22/06/2015;07:00;13;001272;805;Torino - Rebaudengo;04;Biossido di azoto (NO2);23;microgrammi / metro cubo;;E;
22/06/2015;08:00;13;001272;805;Torino - Rebaudengo;04;Biossido di azoto (NO2);23;microgrammi / metro cubo;;E;
22/06/2015;09:00;13;001272;805;Torino - Rebaudengo;04;Biossido di azoto (NO2);23;microgrammi / metro cubo;;E;
22/06/2015;10:00;13;001272;805;Torino - Rebaudengo;04;Biossido di azoto (NO2);23;microgrammi / metro cubo;;E;
22/06/2015;11:00;13;001272;805;Torino - Rebaudengo;04;Biossido di azoto (NO2);23;microgrammi / metro cubo;;E;
22/06/2015;12:00;13;001272;805;Torino - Rebaudengo;04;Biossido di azoto (NO2);23;microgrammi / metro cubo;;E;
22/06/2015;13:00;13;001272;805;Torino - Rebaudengo;04;Biossido di azoto (NO2);23;microgrammi / metro cubo;;E;
22/06/2015;14:00;13;001272;805;Torino - Rebaudengo;04;Biossido di azoto (NO2);23;microgrammi / metro cubo;;E;
22/06/2015;15:00;13;001272;805;Torino - Rebaudengo;04;Biossido di azoto (NO2);23;microgrammi / metro cubo;;E;
22/06/2015;16:00;13;001272;805;Torino - Rebaudengo;04;Biossido di azoto (NO2);23;microgrammi / metro cubo;49.0;V;
22/06/2015;17:00;13;001272;805;Torino - Rebaudengo;04;Biossido di azoto (NO2);23;microgrammi / metro cubo;70.0;V;
22/06/2015;18:00;13;001272;805;Torino - Rebaudengo;04;Biossido di azoto (NO2);23;microgrammi / metro cubo;64.0;V;
22/06/2015;19:00;13;001272;805;Torino - Rebaudengo;04;Biossido di azoto (NO2);23;microgrammi / metro cubo;46.0;V;
22/06/2015;20:00;13;001272;805;Torino - Rebaudengo;04;Biossido di azoto (NO2);23;microgrammi / metro cubo;39.0;V;
22/06/2015;21:00;13;001272;805;Torino - Rebaudengo;04;Biossido di azoto (NO2);23;microgrammi / metro cubo;40.0;V;
22/06/2015;22:00;13;001272;805;Torino - Rebaudengo;04;Biossido di azoto (NO2);23;microgrammi / metro cubo;49.0;V;
22/06/2015;23:00;13;001272;805;Torino - Rebaudengo;04;Biossido di azoto (NO2);23;microgrammi / metro cubo;52.0;V;
22/06/2015;23:59;13;001272;805;Torino - Rebaudengo;04;Biossido di azoto (NO2);23;microgrammi / metro cubo;64.0;V;
23/06/2015;01:00;13;001272;805;Torino - Rebaudengo;04;Biossido di azoto (NO2);23;microgrammi / metro cubo;51.0;V;
23/06/2015;02:00;13;001272;805;Torino - Rebaudengo;04;Biossido di azoto (NO2);23;microgrammi / metro cubo;43.0;V;
23/06/2015;03:00;13;001272;805;Torino - Rebaudengo;04;Biossido di azoto (NO2);23;microgrammi / metro cubo;33.0;V;
23/06/2015;04:00;13;001272;805;Torino - Rebaudengo;04;Biossido di azoto (NO2);23;microgrammi / metro cubo;40.0;V;
23/06/2015;05:00;13;001272;805;Torino - Rebaudengo;04;Biossido di azoto (NO2);23;microgrammi / metro cubo;43.0;V;
23/06/2015;06:00;13;001272;805;Torino - Rebaudengo;04;Biossido di azoto (NO2);23;microgrammi / metro cubo;56.0;V;
23/06/2015;07:00;13;001272;805;Torino - Rebaudengo;04;Biossido di azoto (NO2);23;microgrammi / metro cubo;70.0;V;
23/06/2015;08:00;13;001272;805;Torino - Rebaudengo;04;Biossido di azoto (NO2);23;microgrammi / metro cubo;79.0;V;
23/06/2015;09:00;13;001272;805;Torino - Rebaudengo;04;Biossido di azoto (NO2);23;microgrammi / metro cubo;61.0;V;
23/06/2015;10:00;13;001272;805;Torino - Rebaudengo;04;Biossido di azoto (NO2);23;microgrammi / metro cubo;59.0;V;
23/06/2015;11:00;13;001272;805;Torino - Rebaudengo;04;Biossido di azoto (NO2);23;microgrammi / metro cubo;63.0;V;
23/06/2015;12:00;13;001272;805;Torino - Rebaudengo;04;Biossido di azoto (NO2);23;microgrammi / metro cubo;55.0;V;
23/06/2015;13:00;13;001272;805;Torino - Rebaudengo;04;Biossido di azoto (NO2);23;microgrammi / metro cubo;61.0;V;
23/06/2015;14:00;13;001272;805;Torino - Rebaudengo;04;Biossido di azoto (NO2);23;microgrammi / metro cubo;77.0;V;
23/06/2015;15:00;13;001272;805;Torino - Rebaudengo;04;Biossido di azoto (NO2);23;microgrammi / metro cubo;106.0;V;
23/06/2015;16:00;13;001272;805;Torino - Rebaudengo;04;Biossido di azoto (NO2);23;microgrammi / metro cubo;98.0;V;
23/06/2015;17:00;13;001272;805;Torino - Rebaudengo;04;Biossido di azoto (NO2);23;microgrammi / metro cubo;102.0;V;
23/06/2015;18:00;13;001272;805;Torino - Rebaudengo;04;Biossido di azoto (NO2);23;microgrammi / metro cubo;95.0;V;
23/06/2015;19:00;13;001272;805;Torino - Rebaudengo;04;Biossido di azoto (NO2);23;microgrammi / metro cubo;66.0;V;
23/06/2015;20:00;13;001272;805;Torino - Rebaudengo;04;Biossido di azoto (NO2);23;microgrammi / metro cubo;43.0;V;
23/06/2015;21:00;13;001272;805;Torino - Rebaudengo;04;Biossido di azoto (NO2);23;microgrammi / metro cubo;58.0;V;
23/06/2015;22:00;13;001272;805;Torino - Rebaudengo;04;Biossido di azoto (NO2);23;microgrammi / metro cubo;85.0;V;
23/06/2015;23:00;13;001272;805;Torino - Rebaudengo;04;Biossido di azoto (NO2);23;microgrammi / metro cubo;110.0;V;
23/06/2015;23:59;13;001272;805;Torino - Rebaudengo;04;Biossido di azoto (NO2);23;microgrammi / metro cubo;92.0;V;
24/06/2015;01:00;13;001272;805;Torino - Rebaudengo;04;Biossido di azoto (NO2);23;microgrammi / metro cubo;59.0;V;
24/06/2015;02:00;13;001272;805;Torino - Rebaudengo;04;Biossido di azoto (NO2);23;microgrammi / metro cubo;44.0;V;
24/06/2015;03:00;13;001272;805;Torino - Rebaudengo;04;Biossido di azoto (NO2);23;microgrammi / metro cubo;29.0;V;
24/06/2015;04:00;13;001272;805;Torino - Rebaudengo;04;Biossido di azoto (NO2);23;microgrammi / metro cubo;20.0;V;
24/06/2015;05:00;13;001272;805;Torino - Rebaudengo;04;Biossido di azoto (NO2);23;microgrammi / metro cubo;20.0;V;
24/06/2015;06:00;13;001272;805;Torino - Rebaudengo;04;Biossido di azoto (NO2);23;microgrammi / metro cubo;33.0;V;
24/06/2015;07:00;13;001272;805;Torino - Rebaudengo;04;Biossido di azoto (NO2);23;microgrammi / metro cubo;35.0;V;
24/06/2015;08:00;13;001272;805;Torino - Rebaudengo;04;Biossido di azoto (NO2);23;microgrammi / metro cubo;44.0;V;
24/06/2015;09:00;13;001272;805;Torino - Rebaudengo;04;Biossido di azoto (NO2);23;microgrammi / metro cubo;37.0;V;
24/06/2015;10:00;13;001272;805;Torino - Rebaudengo;04;Biossido di azoto (NO2);23;microgrammi / metro cubo;34.0;V;
24/06/2015;11:00;13;001272;805;Torino - Rebaudengo;04;Biossido di azoto (NO2);23;microgrammi / metro cubo;30.0;V;
24/06/2015;12:00;13;001272;805;Torino - Rebaudengo;04;Biossido di azoto (NO2);23;microgrammi / metro cubo;34.0;V;
24/06/2015;13:00;13;001272;805;Torino - Rebaudengo;04;Biossido di azoto (NO2);23;microgrammi / metro cubo;30.0;V;
24/06/2015;14:00;13;001272;805;Torino - Rebaudengo;04;Biossido di azoto (NO2);23;microgrammi / metro cubo;41.0;V;
24/06/2015;15:00;13;001272;805;Torino - Rebaudengo;04;Biossido di azoto (NO2);23;microgrammi / metro cubo;38.0;V;
24/06/2015;16:00;13;001272;805;Torino - Rebaudengo;04;Biossido di azoto (NO2);23;microgrammi / metro cubo;40.0;V;
24/06/2015;17:00;13;001272;805;Torino - Rebaudengo;04;Biossido di azoto (NO2);23;microgrammi / metro cubo;39.0;V;
24/06/2015;18:00;13;001272;805;Torino - Rebaudengo;04;Biossido di azoto (NO2);23;microgrammi / metro cubo;31.0;V;
24/06/2015;19:00;13;001272;805;Torino - Rebaudengo;04;Biossido di azoto (NO2);23;microgrammi / metro cubo;53.0;V;
24/06/2015;20:00;13;001272;805;Torino - Rebaudengo;04;Biossido di azoto (NO2);23;microgrammi / metro cubo;59.0;V;
24/06/2015;21:00;13;001272;805;Torino - Rebaudengo;04;Biossido di azoto (NO2);23;microgrammi / metro cubo;54.0;V;
24/06/2015;22:00;13;001272;805;Torino - Rebaudengo;04;Biossido di azoto (NO2);23;microgrammi / metro cubo;60.0;V;
24/06/2015;23:00;13;001272;805;Torino - Rebaudengo;04;Biossido di azoto (NO2);23;microgrammi / metro cubo;53.0;V;
24/06/2015;23:59;13;001272;805;Torino - Rebaudengo;04;Biossido di azoto (NO2);23;microgrammi / metro cubo;61.0;V;
25/06/2015;01:00;13;001272;805;Torino - Rebaudengo;04;Biossido di azoto (NO2);23;microgrammi / metro cubo;67.0;V;
25/06/2015;02:00;13;001272;805;Torino - Rebaudengo;04;Biossido di azoto (NO2);23;microgrammi / metro cubo;39.0;V;
25/06/2015;03:00;13;001272;805;Torino - Rebaudengo;04;Biossido di azoto (NO2);23;microgrammi / metro cubo;28.0;V;
25/06/2015;04:00;13;001272;805;Torino - Rebaudengo;04;Biossido di azoto (NO2);23;microgrammi / metro cubo;36.0;V;
25/06/2015;05:00;13;001272;805;Torino - Rebaudengo;04;Biossido di azoto (NO2);23;microgrammi / metro cubo;51.0;V;
25/06/2015;06:00;13;001272;805;Torino - Rebaudengo;04;Biossido di azoto (NO2);23;microgrammi / metro cubo;63.0;V;
25/06/2015;07:00;13;001272;805;Torino - Rebaudengo;04;Biossido di azoto (NO2);23;microgrammi / metro cubo;72.0;V;
25/06/2015;08:00;13;001272;805;Torino - Rebaudengo;04;Biossido di azoto (NO2);23;microgrammi / metro cubo;85.0;V;
25/06/2015;09:00;13;001272;805;Torino - Rebaudengo;04;Biossido di azoto (NO2);23;microgrammi / metro cubo;88.0;V;
25/06/2015;10:00;13;001272;805;Torino - Rebaudengo;04;Biossido di azoto (NO2);23;microgrammi / metro cubo;68.0;V;
25/06/2015;11:00;13;001272;805;Torino - Rebaudengo;04;Biossido di azoto (NO2);23;microgrammi / metro cubo;49.0;V;
25/06/2015;12:00;13;001272;805;Torino - Rebaudengo;04;Biossido di azoto (NO2);23;microgrammi / metro cubo;46.0;V;
25/06/2015;13:00;13;001272;805;Torino - Rebaudengo;04;Biossido di azoto (NO2);23;microgrammi / metro cubo;44.0;V;
25/06/2015;14:00;13;001272;805;Torino - Rebaudengo;04;Biossido di azoto (NO2);23;microgrammi / metro cubo;53.0;V;
25/06/2015;15:00;13;001272;805;Torino - Rebaudengo;04;Biossido di azoto (NO2);23;microgrammi / metro cubo;54.0;V;
25/06/2015;16:00;13;001272;805;Torino - Rebaudengo;04;Biossido di azoto (NO2);23;microgrammi / metro cubo;80.0;V;
25/06/2015;17:00;13;001272;805;Torino - Rebaudengo;04;Biossido di azoto (NO2);23;microgrammi / metro cubo;69.0;V;
25/06/2015;18:00;13;001272;805;Torino - Rebaudengo;04;Biossido di azoto (NO2);23;microgrammi / metro cubo;97.0;V;
25/06/2015;19:00;13;001272;805;Torino - Rebaudengo;04;Biossido di azoto (NO2);23;microgrammi / metro cubo;78.0;V;
25/06/2015;20:00;13;001272;805;Torino - Rebaudengo;04;Biossido di azoto (NO2);23;microgrammi / metro cubo;62.0;V;
25/06/2015;21:00;13;001272;805;Torino - Rebaudengo;04;Biossido di azoto (NO2);23;microgrammi / metro cubo;74.0;V;
25/06/2015;22:00;13;001272;805;Torino - Rebaudengo;04;Biossido di azoto (NO2);23;microgrammi / metro cubo;70.0;V;
25/06/2015;23:00;13;001272;805;Torino - Rebaudengo;04;Biossido di azoto (NO2);23;microgrammi / metro cubo;69.0;V;
25/06/2015;23:59;13;001272;805;Torino - Rebaudengo;04;Biossido di azoto (NO2);23;microgrammi / metro cubo;50.0;V;
26/06/2015;01:00;13;001272;805;Torino - Rebaudengo;04;Biossido di azoto (NO2);23;microgrammi / metro cubo;41.0;V;
26/06/2015;02:00;13;001272;805;Torino - Rebaudengo;04;Biossido di azoto (NO2);23;microgrammi / metro cubo;37.0;V;
26/06/2015;03:00;13;001272;805;Torino - Rebaudengo;04;Biossido di azoto (NO2);23;microgrammi / metro cubo;27.0;V;
26/06/2015;04:00;13;001272;805;Torino - Rebaudengo;04;Biossido di azoto (NO2);23;microgrammi / metro cubo;31.0;V;
26/06/2015;05:00;13;001272;805;Torino - Rebaudengo;04;Biossido di azoto (NO2);23;microgrammi / metro cubo;45.0;V;
26/06/2015;06:00;13;001272;805;Torino - Rebaudengo;04;Biossido di azoto (NO2);23;microgrammi / metro cubo;71.0;V;
26/06/2015;07:00;13;001272;805;Torino - Rebaudengo;04;Biossido di azoto (NO2);23;microgrammi / metro cubo;73.0;V;
26/06/2015;08:00;13;001272;805;Torino - Rebaudengo;04;Biossido di azoto (NO2);23;microgrammi / metro cubo;73.0;V;
26/06/2015;09:00;13;001272;805;Torino - Rebaudengo;04;Biossido di azoto (NO2);23;microgrammi / metro cubo;85.0;V;
26/06/2015;10:00;13;001272;805;Torino - Rebaudengo;04;Biossido di azoto (NO2);23;microgrammi / metro cubo;65.0;V;
26/06/2015;11:00;13;001272;805;Torino - Rebaudengo;04;Biossido di azoto (NO2);23;microgrammi / metro cubo;56.0;V;
26/06/2015;12:00;13;001272;805;Torino - Rebaudengo;04;Biossido di azoto (NO2);23;microgrammi / metro cubo;46.0;V;
26/06/2015;13:00;13;001272;805;Torino - Rebaudengo;04;Biossido di azoto (NO2);23;microgrammi / metro cubo;40.0;V;
26/06/2015;14:00;13;001272;805;Torino - Rebaudengo;04;Biossido di azoto (NO2);23;microgrammi / metro cubo;39.0;V;
26/06/2015;15:00;13;001272;805;Torino - Rebaudengo;04;Biossido di azoto (NO2);23;microgrammi / metro cubo;46.0;V;
26/06/2015;16:00;13;001272;805;Torino - Rebaudengo;04;Biossido di azoto (NO2);23;microgrammi / metro cubo;70.0;V;
26/06/2015;17:00;13;001272;805;Torino - Rebaudengo;04;Biossido di azoto (NO2);23;microgrammi / metro cubo;69.0;V;
26/06/2015;18:00;13;001272;805;Torino - Rebaudengo;04;Biossido di azoto (NO2);23;microgrammi / metro cubo;89.0;V;
26/06/2015;19:00;13;001272;805;Torino - Rebaudengo;04;Biossido di azoto (NO2);23;microgrammi / metro cubo;74.0;V;
26/06/2015;20:00;13;001272;805;Torino - Rebaudengo;04;Biossido di azoto (NO2);23;microgrammi / metro cubo;93.0;V;
26/06/2015;21:00;13;001272;805;Torino - Rebaudengo;04;Biossido di azoto (NO2);23;microgrammi / metro cubo;79.0;V;
26/06/2015;22:00;13;001272;805;Torino - Rebaudengo;04;Biossido di azoto (NO2);23;microgrammi / metro cubo;86.0;V;
26/06/2015;23:00;13;001272;805;Torino - Rebaudengo;04;Biossido di azoto (NO2);23;microgrammi / metro cubo;56.0;V;
26/06/2015;23:59;13;001272;805;Torino - Rebaudengo;04;Biossido di azoto (NO2);23;microgrammi / metro cubo;50.0;V;
27/06/2015;01:00;13;001272;805;Torino - Rebaudengo;04;Biossido di azoto (NO2);23;microgrammi / metro cubo;54.0;V;
27/06/2015;02:00;13;001272;805;Torino - Rebaudengo;04;Biossido di azoto (NO2);23;microgrammi / metro cubo;49.0;V;
27/06/2015;03:00;13;001272;805;Torino - Rebaudengo;04;Biossido di azoto (NO2);23;microgrammi / metro cubo;36.0;V;
27/06/2015;04:00;13;001272;805;Torino - Rebaudengo;04;Biossido di azoto (NO2);23;microgrammi / metro cubo;41.0;V;
27/06/2015;05:00;13;001272;805;Torino - Rebaudengo;04;Biossido di azoto (NO2);23;microgrammi / metro cubo;49.0;V;
27/06/2015;06:00;13;001272;805;Torino - Rebaudengo;04;Biossido di azoto (NO2);23;microgrammi / metro cubo;62.0;V;
27/06/2015;07:00;13;001272;805;Torino - Rebaudengo;04;Biossido di azoto (NO2);23;microgrammi / metro cubo;63.0;V;
27/06/2015;08:00;13;001272;805;Torino - Rebaudengo;04;Biossido di azoto (NO2);23;microgrammi / metro cubo;69.0;V;
27/06/2015;09:00;13;001272;805;Torino - Rebaudengo;04;Biossido di azoto (NO2);23;microgrammi / metro cubo;61.0;V;
27/06/2015;10:00;13;001272;805;Torino - Rebaudengo;04;Biossido di azoto (NO2);23;microgrammi / metro cubo;57.0;V;
27/06/2015;11:00;13;001272;805;Torino - Rebaudengo;04;Biossido di azoto (NO2);23;microgrammi / metro cubo;45.0;V;
27/06/2015;12:00;13;001272;805;Torino - Rebaudengo;04;Biossido di azoto (NO2);23;microgrammi / metro cubo;50.0;V;
27/06/2015;13:00;13;001272;805;Torino - Rebaudengo;04;Biossido di azoto (NO2);23;microgrammi / metro cubo;42.0;V;
27/06/2015;14:00;13;001272;805;Torino - Rebaudengo;04;Biossido di azoto (NO2);23;microgrammi / metro cubo;41.0;V;
27/06/2015;15:00;13;001272;805;Torino - Rebaudengo;04;Biossido di azoto (NO2);23;microgrammi / metro cubo;41.0;V;
27/06/2015;16:00;13;001272;805;Torino - Rebaudengo;04;Biossido di azoto (NO2);23;microgrammi / metro cubo;62.0;V;
27/06/2015;17:00;13;001272;805;Torino - Rebaudengo;04;Biossido di azoto (NO2);23;microgrammi / metro cubo;58.0;V;
27/06/2015;18:00;13;001272;805;Torino - Rebaudengo;04;Biossido di azoto (NO2);23;microgrammi / metro cubo;72.0;V;
27/06/2015;19:00;13;001272;805;Torino - Rebaudengo;04;Biossido di azoto (NO2);23;microgrammi / metro cubo;69.0;V;
27/06/2015;20:00;13;001272;805;Torino - Rebaudengo;04;Biossido di azoto (NO2);23;microgrammi / metro cubo;58.0;V;
27/06/2015;21:00;13;001272;805;Torino - Rebaudengo;04;Biossido di azoto (NO2);23;microgrammi / metro cubo;52.0;V;
27/06/2015;22:00;13;001272;805;Torino - Rebaudengo;04;Biossido di azoto (NO2);23;microgrammi / metro cubo;47.0;V;
27/06/2015;23:00;13;001272;805;Torino - Rebaudengo;04;Biossido di azoto (NO2);23;microgrammi / metro cubo;58.0;V;
27/06/2015;23:59;13;001272;805;Torino - Rebaudengo;04;Biossido di azoto (NO2);23;microgrammi / metro cubo;44.0;V;
28/06/2015;01:00;13;001272;805;Torino - Rebaudengo;04;Biossido di azoto (NO2);23;microgrammi / metro cubo;55.0;V;
28/06/2015;02:00;13;001272;805;Torino - Rebaudengo;04;Biossido di azoto (NO2);23;microgrammi / metro cubo;56.0;V;
28/06/2015;03:00;13;001272;805;Torino - Rebaudengo;04;Biossido di azoto (NO2);23;microgrammi / metro cubo;36.0;V;
28/06/2015;04:00;13;001272;805;Torino - Rebaudengo;04;Biossido di azoto (NO2);23;microgrammi / metro cubo;22.0;V;
28/06/2015;05:00;13;001272;805;Torino - Rebaudengo;04;Biossido di azoto (NO2);23;microgrammi / metro cubo;19.0;V;
28/06/2015;06:00;13;001272;805;Torino - Rebaudengo;04;Biossido di azoto (NO2);23;microgrammi / metro cubo;25.0;V;
28/06/2015;07:00;13;001272;805;Torino - Rebaudengo;04;Biossido di azoto (NO2);23;microgrammi / metro cubo;30.0;V;
28/06/2015;08:00;13;001272;805;Torino - Rebaudengo;04;Biossido di azoto (NO2);23;microgrammi / metro cubo;30.0;V;
28/06/2015;09:00;13;001272;805;Torino - Rebaudengo;04;Biossido di azoto (NO2);23;microgrammi / metro cubo;41.0;V;
28/06/2015;10:00;13;001272;805;Torino - Rebaudengo;04;Biossido di azoto (NO2);23;microgrammi / metro cubo;38.0;V;
28/06/2015;11:00;13;001272;805;Torino - Rebaudengo;04;Biossido di azoto (NO2);23;microgrammi / metro cubo;38.0;V;
28/06/2015;12:00;13;001272;805;Torino - Rebaudengo;04;Biossido di azoto (NO2);23;microgrammi / metro cubo;27.0;V;
28/06/2015;13:00;13;001272;805;Torino - Rebaudengo;04;Biossido di azoto (NO2);23;microgrammi / metro cubo;27.0;V;
28/06/2015;14:00;13;001272;805;Torino - Rebaudengo;04;Biossido di azoto (NO2);23;microgrammi / metro cubo;26.0;V;
28/06/2015;15:00;13;001272;805;Torino - Rebaudengo;04;Biossido di azoto (NO2);23;microgrammi / metro cubo;33.0;V;
28/06/2015;16:00;13;001272;805;Torino - Rebaudengo;04;Biossido di azoto (NO2);23;microgrammi / metro cubo;42.0;V;
28/06/2015;17:00;13;001272;805;Torino - Rebaudengo;04;Biossido di azoto (NO2);23;microgrammi / metro cubo;44.0;V;
28/06/2015;18:00;13;001272;805;Torino - Rebaudengo;04;Biossido di azoto (NO2);23;microgrammi / metro cubo;51.0;V;
28/06/2015;19:00;13;001272;805;Torino - Rebaudengo;04;Biossido di azoto (NO2);23;microgrammi / metro cubo;67.0;V;
28/06/2015;20:00;13;001272;805;Torino - Rebaudengo;04;Biossido di azoto (NO2);23;microgrammi / metro cubo;81.0;V;
28/06/2015;21:00;13;001272;805;Torino - Rebaudengo;04;Biossido di azoto (NO2);23;microgrammi / metro cubo;75.0;V;
28/06/2015;22:00;13;001272;805;Torino - Rebaudengo;04;Biossido di azoto (NO2);23;microgrammi / metro cubo;89.0;V;
28/06/2015;23:00;13;001272;805;Torino - Rebaudengo;04;Biossido di azoto (NO2);23;microgrammi / metro cubo;57.0;V;
28/06/2015;23:59;13;001272;805;Torino - Rebaudengo;04;Biossido di azoto (NO2);23;microgrammi / metro cubo;49.0;V;
29/06/2015;01:00;13;001272;805;Torino - Rebaudengo;04;Biossido di azoto (NO2);23;microgrammi / metro cubo;43.0;V;
29/06/2015;02:00;13;001272;805;Torino - Rebaudengo;04;Biossido di azoto (NO2);23;microgrammi / metro cubo;37.0;V;
29/06/2015;03:00;13;001272;805;Torino - Rebaudengo;04;Biossido di azoto (NO2);23;microgrammi / metro cubo;33.0;V;
29/06/2015;04:00;13;001272;805;Torino - Rebaudengo;04;Biossido di azoto (NO2);23;microgrammi / metro cubo;38.0;V;
29/06/2015;05:00;13;001272;805;Torino - Rebaudengo;04;Biossido di azoto (NO2);23;microgrammi / metro cubo;46.0;V;
29/06/2015;06:00;13;001272;805;Torino - Rebaudengo;04;Biossido di azoto (NO2);23;microgrammi / metro cubo;68.0;V;
29/06/2015;07:00;13;001272;805;Torino - Rebaudengo;04;Biossido di azoto (NO2);23;microgrammi / metro cubo;78.0;V;
29/06/2015;08:00;13;001272;805;Torino - Rebaudengo;04;Biossido di azoto (NO2);23;microgrammi / metro cubo;61.0;V;
29/06/2015;09:00;13;001272;805;Torino - Rebaudengo;04;Biossido di azoto (NO2);23;microgrammi / metro cubo;64.0;V;
29/06/2015;10:00;13;001272;805;Torino - Rebaudengo;04;Biossido di azoto (NO2);23;microgrammi / metro cubo;49.0;V;
29/06/2015;11:00;13;001272;805;Torino - Rebaudengo;04;Biossido di azoto (NO2);23;microgrammi / metro cubo;48.0;V;
29/06/2015;12:00;13;001272;805;Torino - Rebaudengo;04;Biossido di azoto (NO2);23;microgrammi / metro cubo;44.0;V;
29/06/2015;13:00;13;001272;805;Torino - Rebaudengo;04;Biossido di azoto (NO2);23;microgrammi / metro cubo;44.0;V;
29/06/2015;14:00;13;001272;805;Torino - Rebaudengo;04;Biossido di azoto (NO2);23;microgrammi / metro cubo;43.0;V;
29/06/2015;15:00;13;001272;805;Torino - Rebaudengo;04;Biossido di azoto (NO2);23;microgrammi / metro cubo;41.0;V;
29/06/2015;16:00;13;001272;805;Torino - Rebaudengo;04;Biossido di azoto (NO2);23;microgrammi / metro cubo;55.0;V;
29/06/2015;17:00;13;001272;805;Torino - Rebaudengo;04;Biossido di azoto (NO2);23;microgrammi / metro cubo;65.0;V;
29/06/2015;18:00;13;001272;805;Torino - Rebaudengo;04;Biossido di azoto (NO2);23;microgrammi / metro cubo;46.0;V;
29/06/2015;19:00;13;001272;805;Torino - Rebaudengo;04;Biossido di azoto (NO2);23;microgrammi / metro cubo;43.0;V;
29/06/2015;20:00;13;001272;805;Torino - Rebaudengo;04;Biossido di azoto (NO2);23;microgrammi / metro cubo;41.0;V;
29/06/2015;21:00;13;001272;805;Torino - Rebaudengo;04;Biossido di azoto (NO2);23;microgrammi / metro cubo;46.0;V;
29/06/2015;22:00;13;001272;805;Torino - Rebaudengo;04;Biossido di azoto (NO2);23;microgrammi / metro cubo;63.0;V;
29/06/2015;23:00;13;001272;805;Torino - Rebaudengo;04;Biossido di azoto (NO2);23;microgrammi / metro cubo;65.0;V;
29/06/2015;23:59;13;001272;805;Torino - Rebaudengo;04;Biossido di azoto (NO2);23;microgrammi / metro cubo;53.0;V;
30/06/2015;01:00;13;001272;805;Torino - Rebaudengo;04;Biossido di azoto (NO2);23;microgrammi / metro cubo;32.0;V;
30/06/2015;02:00;13;001272;805;Torino - Rebaudengo;04;Biossido di azoto (NO2);23;microgrammi / metro cubo;23.0;V;
30/06/2015;03:00;13;001272;805;Torino - Rebaudengo;04;Biossido di azoto (NO2);23;microgrammi / metro cubo;23.0;V;
30/06/2015;04:00;13;001272;805;Torino - Rebaudengo;04;Biossido di azoto (NO2);23;microgrammi / metro cubo;29.0;V;
30/06/2015;05:00;13;001272;805;Torino - Rebaudengo;04;Biossido di azoto (NO2);23;microgrammi / metro cubo;50.0;V;
30/06/2015;06:00;13;001272;805;Torino - Rebaudengo;04;Biossido di azoto (NO2);23;microgrammi / metro cubo;76.0;V;
30/06/2015;07:00;13;001272;805;Torino - Rebaudengo;04;Biossido di azoto (NO2);23;microgrammi / metro cubo;82.0;V;
30/06/2015;08:00;13;001272;805;Torino - Rebaudengo;04;Biossido di azoto (NO2);23;microgrammi / metro cubo;67.0;V;
30/06/2015;09:00;13;001272;805;Torino - Rebaudengo;04;Biossido di azoto (NO2);23;microgrammi / metro cubo;55.0;V;
30/06/2015;10:00;13;001272;805;Torino - Rebaudengo;04;Biossido di azoto (NO2);23;microgrammi / metro cubo;59.0;V;
30/06/2015;11:00;13;001272;805;Torino - Rebaudengo;04;Biossido di azoto (NO2);23;microgrammi / metro cubo;47.0;V;
30/06/2015;12:00;13;001272;805;Torino - Rebaudengo;04;Biossido di azoto (NO2);23;microgrammi / metro cubo;51.0;V;
30/06/2015;13:00;13;001272;805;Torino - Rebaudengo;04;Biossido di azoto (NO2);23;microgrammi / metro cubo;54.0;V;
30/06/2015;14:00;13;001272;805;Torino - Rebaudengo;04;Biossido di azoto (NO2);23;microgrammi / metro cubo;55.0;V;
30/06/2015;15:00;13;001272;805;Torino - Rebaudengo;04;Biossido di azoto (NO2);23;microgrammi / metro cubo;45.0;V;
30/06/2015;16:00;13;001272;805;Torino - Rebaudengo;04;Biossido di azoto (NO2);23;microgrammi / metro cubo;51.0;V;
30/06/2015;17:00;13;001272;805;Torino - Rebaudengo;04;Biossido di azoto (NO2);23;microgrammi / metro cubo;73.0;V;
30/06/2015;18:00;13;001272;805;Torino - Rebaudengo;04;Biossido di azoto (NO2);23;microgrammi / metro cubo;72.0;V;
30/06/2015;19:00;13;001272;805;Torino - Rebaudengo;04;Biossido di azoto (NO2);23;microgrammi / metro cubo;74.0;V;
30/06/2015;20:00;13;001272;805;Torino - Rebaudengo;04;Biossido di azoto (NO2);23;microgrammi / metro cubo;47.0;V;
30/06/2015;21:00;13;001272;805;Torino - Rebaudengo;04;Biossido di azoto (NO2);23;microgrammi / metro cubo;36.0;V;
30/06/2015;22:00;13;001272;805;Torino - Rebaudengo;04;Biossido di azoto (NO2);23;microgrammi / metro cubo;62.0;V;
30/06/2015;23:00;13;001272;805;Torino - Rebaudengo;04;Biossido di azoto (NO2);23;microgrammi / metro cubo;71.0;V;
30/06/2015;23:59;13;001272;805;Torino - Rebaudengo;04;Biossido di azoto (NO2);23;microgrammi / metro cubo;44.0;V;
01/07/2015;01:00;13;001272;805;Torino - Rebaudengo;04;Biossido di azoto (NO2);23;microgrammi / metro cubo;26.0;V;
01/07/2015;02:00;13;001272;805;Torino - Rebaudengo;04;Biossido di azoto (NO2);23;microgrammi / metro cubo;26.0;V;
01/07/2015;03:00;13;001272;805;Torino - Rebaudengo;04;Biossido di azoto (NO2);23;microgrammi / metro cubo;24.0;V;
01/07/2015;04:00;13;001272;805;Torino - Rebaudengo;04;Biossido di azoto (NO2);23;microgrammi / metro cubo;34.0;V;
01/07/2015;05:00;13;001272;805;Torino - Rebaudengo;04;Biossido di azoto (NO2);23;microgrammi / metro cubo;51.0;V;
01/07/2015;06:00;13;001272;805;Torino - Rebaudengo;04;Biossido di azoto (NO2);23;microgrammi / metro cubo;68.0;V;
01/07/2015;07:00;13;001272;805;Torino - Rebaudengo;04;Biossido di azoto (NO2);23;microgrammi / metro cubo;71.0;V;
01/07/2015;08:00;13;001272;805;Torino - Rebaudengo;04;Biossido di azoto (NO2);23;microgrammi / metro cubo;105.0;V;
01/07/2015;09:00;13;001272;805;Torino - Rebaudengo;04;Biossido di azoto (NO2);23;microgrammi / metro cubo;94.0;V;
01/07/2015;10:00;13;001272;805;Torino - Rebaudengo;04;Biossido di azoto (NO2);23;microgrammi / metro cubo;69.0;V;
01/07/2015;11:00;13;001272;805;Torino - Rebaudengo;04;Biossido di azoto (NO2);23;microgrammi / metro cubo;46.0;V;
01/07/2015;12:00;13;001272;805;Torino - Rebaudengo;04;Biossido di azoto (NO2);23;microgrammi / metro cubo;47.0;V;
01/07/2015;13:00;13;001272;805;Torino - Rebaudengo;04;Biossido di azoto (NO2);23;microgrammi / metro cubo;;E;
01/07/2015;14:00;13;001272;805;Torino - Rebaudengo;04;Biossido di azoto (NO2);23;microgrammi / metro cubo;;E;
01/07/2015;15:00;13;001272;805;Torino - Rebaudengo;04;Biossido di azoto (NO2);23;microgrammi / metro cubo;70.0;V;
01/07/2015;16:00;13;001272;805;Torino - Rebaudengo;04;Biossido di azoto (NO2);23;microgrammi / metro cubo;82.0;V;
01/07/2015;17:00;13;001272;805;Torino - Rebaudengo;04;Biossido di azoto (NO2);23;microgrammi / metro cubo;75.0;V;
01/07/2015;18:00;13;001272;805;Torino - Rebaudengo;04;Biossido di azoto (NO2);23;microgrammi / metro cubo;68.0;V;
01/07/2015;19:00;13;001272;805;Torino - Rebaudengo;04;Biossido di azoto (NO2);23;microgrammi / metro cubo;47.0;V;
01/07/2015;20:00;13;001272;805;Torino - Rebaudengo;04;Biossido di azoto (NO2);23;microgrammi / metro cubo;41.0;V;
01/07/2015;21:00;13;001272;805;Torino - Rebaudengo;04;Biossido di azoto (NO2);23;microgrammi / metro cubo;45.0;V;
01/07/2015;22:00;13;001272;805;Torino - Rebaudengo;04;Biossido di azoto (NO2);23;microgrammi / metro cubo;56.0;V;
01/07/2015;23:00;13;001272;805;Torino - Rebaudengo;04;Biossido di azoto (NO2);23;microgrammi / metro cubo;52.0;V;
01/07/2015;23:59;13;001272;805;Torino - Rebaudengo;04;Biossido di azoto (NO2);23;microgrammi / metro cubo;54.0;V;
02/07/2015;01:00;13;001272;805;Torino - Rebaudengo;04;Biossido di azoto (NO2);23;microgrammi / metro cubo;43.0;V;
02/07/2015;02:00;13;001272;805;Torino - Rebaudengo;04;Biossido di azoto (NO2);23;microgrammi / metro cubo;31.0;V;
02/07/2015;03:00;13;001272;805;Torino - Rebaudengo;04;Biossido di azoto (NO2);23;microgrammi / metro cubo;26.0;V;
02/07/2015;04:00;13;001272;805;Torino - Rebaudengo;04;Biossido di azoto (NO2);23;microgrammi / metro cubo;29.0;V;
02/07/2015;05:00;13;001272;805;Torino - Rebaudengo;04;Biossido di azoto (NO2);23;microgrammi / metro cubo;48.0;V;
02/07/2015;06:00;13;001272;805;Torino - Rebaudengo;04;Biossido di azoto (NO2);23;microgrammi / metro cubo;69.0;V;
02/07/2015;07:00;13;001272;805;Torino - Rebaudengo;04;Biossido di azoto (NO2);23;microgrammi / metro cubo;85.0;V;
02/07/2015;08:00;13;001272;805;Torino - Rebaudengo;04;Biossido di azoto (NO2);23;microgrammi / metro cubo;86.0;V;
02/07/2015;09:00;13;001272;805;Torino - Rebaudengo;04;Biossido di azoto (NO2);23;microgrammi / metro cubo;86.0;V;
02/07/2015;10:00;13;001272;805;Torino - Rebaudengo;04;Biossido di azoto (NO2);23;microgrammi / metro cubo;70.0;V;
02/07/2015;11:00;13;001272;805;Torino - Rebaudengo;04;Biossido di azoto (NO2);23;microgrammi / metro cubo;58.0;V;
02/07/2015;12:00;13;001272;805;Torino - Rebaudengo;04;Biossido di azoto (NO2);23;microgrammi / metro cubo;51.0;V;
02/07/2015;13:00;13;001272;805;Torino - Rebaudengo;04;Biossido di azoto (NO2);23;microgrammi / metro cubo;63.0;V;
02/07/2015;14:00;13;001272;805;Torino - Rebaudengo;04;Biossido di azoto (NO2);23;microgrammi / metro cubo;72.0;V;
02/07/2015;15:00;13;001272;805;Torino - Rebaudengo;04;Biossido di azoto (NO2);23;microgrammi / metro cubo;68.0;V;
02/07/2015;16:00;13;001272;805;Torino - Rebaudengo;04;Biossido di azoto (NO2);23;microgrammi / metro cubo;68.0;V;
02/07/2015;17:00;13;001272;805;Torino - Rebaudengo;04;Biossido di azoto (NO2);23;microgrammi / metro cubo;69.0;V;
02/07/2015;18:00;13;001272;805;Torino - Rebaudengo;04;Biossido di azoto (NO2);23;microgrammi / metro cubo;95.0;V;
02/07/2015;19:00;13;001272;805;Torino - Rebaudengo;04;Biossido di azoto (NO2);23;microgrammi / metro cubo;99.0;V;
02/07/2015;20:00;13;001272;805;Torino - Rebaudengo;04;Biossido di azoto (NO2);23;microgrammi / metro cubo;86.0;V;
02/07/2015;21:00;13;001272;805;Torino - Rebaudengo;04;Biossido di azoto (NO2);23;microgrammi / metro cubo;75.0;V;
02/07/2015;22:00;13;001272;805;Torino - Rebaudengo;04;Biossido di azoto (NO2);23;microgrammi / metro cubo;88.0;V;
02/07/2015;23:00;13;001272;805;Torino - Rebaudengo;04;Biossido di azoto (NO2);23;microgrammi / metro cubo;81.0;V;
02/07/2015;23:59;13;001272;805;Torino - Rebaudengo;04;Biossido di azoto (NO2);23;microgrammi / metro cubo;30.0;V;
03/07/2015;01:00;13;001272;805;Torino - Rebaudengo;04;Biossido di azoto (NO2);23;microgrammi / metro cubo;22.0;V;
03/07/2015;02:00;13;001272;805;Torino - Rebaudengo;04;Biossido di azoto (NO2);23;microgrammi / metro cubo;27.0;V;
03/07/2015;03:00;13;001272;805;Torino - Rebaudengo;04;Biossido di azoto (NO2);23;microgrammi / metro cubo;22.0;V;
03/07/2015;04:00;13;001272;805;Torino - Rebaudengo;04;Biossido di azoto (NO2);23;microgrammi / metro cubo;32.0;V;
03/07/2015;05:00;13;001272;805;Torino - Rebaudengo;04;Biossido di azoto (NO2);23;microgrammi / metro cubo;41.0;V;
03/07/2015;06:00;13;001272;805;Torino - Rebaudengo;04;Biossido di azoto (NO2);23;microgrammi / metro cubo;69.0;V;
03/07/2015;07:00;13;001272;805;Torino - Rebaudengo;04;Biossido di azoto (NO2);23;microgrammi / metro cubo;73.0;V;
03/07/2015;08:00;13;001272;805;Torino - Rebaudengo;04;Biossido di azoto (NO2);23;microgrammi / metro cubo;87.0;V;
03/07/2015;09:00;13;001272;805;Torino - Rebaudengo;04;Biossido di azoto (NO2);23;microgrammi / metro cubo;93.0;V;
03/07/2015;10:00;13;001272;805;Torino - Rebaudengo;04;Biossido di azoto (NO2);23;microgrammi / metro cubo;90.0;V;
03/07/2015;11:00;13;001272;805;Torino - Rebaudengo;04;Biossido di azoto (NO2);23;microgrammi / metro cubo;94.0;V;
03/07/2015;12:00;13;001272;805;Torino - Rebaudengo;04;Biossido di azoto (NO2);23;microgrammi / metro cubo;77.0;V;
03/07/2015;13:00;13;001272;805;Torino - Rebaudengo;04;Biossido di azoto (NO2);23;microgrammi / metro cubo;60.0;V;
03/07/2015;14:00;13;001272;805;Torino - Rebaudengo;04;Biossido di azoto (NO2);23;microgrammi / metro cubo;51.0;V;
03/07/2015;15:00;13;001272;805;Torino - Rebaudengo;04;Biossido di azoto (NO2);23;microgrammi / metro cubo;71.0;V;
03/07/2015;16:00;13;001272;805;Torino - Rebaudengo;04;Biossido di azoto (NO2);23;microgrammi / metro cubo;84.0;V;
03/07/2015;17:00;13;001272;805;Torino - Rebaudengo;04;Biossido di azoto (NO2);23;microgrammi / metro cubo;97.0;V;
03/07/2015;18:00;13;001272;805;Torino - Rebaudengo;04;Biossido di azoto (NO2);23;microgrammi / metro cubo;107.0;V;
03/07/2015;19:00;13;001272;805;Torino - Rebaudengo;04;Biossido di azoto (NO2);23;microgrammi / metro cubo;95.0;V;
03/07/2015;20:00;13;001272;805;Torino - Rebaudengo;04;Biossido di azoto (NO2);23;microgrammi / metro cubo;60.0;V;
03/07/2015;21:00;13;001272;805;Torino - Rebaudengo;04;Biossido di azoto (NO2);23;microgrammi / metro cubo;42.0;V;
03/07/2015;22:00;13;001272;805;Torino - Rebaudengo;04;Biossido di azoto (NO2);23;microgrammi / metro cubo;34.0;V;
03/07/2015;23:00;13;001272;805;Torino - Rebaudengo;04;Biossido di azoto (NO2);23;microgrammi / metro cubo;20.0;V;
03/07/2015;23:59;13;001272;805;Torino - Rebaudengo;04;Biossido di azoto (NO2);23;microgrammi / metro cubo;24.0;V;
04/07/2015;01:00;13;001272;805;Torino - Rebaudengo;04;Biossido di azoto (NO2);23;microgrammi / metro cubo;31.0;V;
04/07/2015;02:00;13;001272;805;Torino - Rebaudengo;04;Biossido di azoto (NO2);23;microgrammi / metro cubo;20.0;V;
04/07/2015;03:00;13;001272;805;Torino - Rebaudengo;04;Biossido di azoto (NO2);23;microgrammi / metro cubo;19.0;V;
04/07/2015;04:00;13;001272;805;Torino - Rebaudengo;04;Biossido di azoto (NO2);23;microgrammi / metro cubo;28.0;V;
04/07/2015;05:00;13;001272;805;Torino - Rebaudengo;04;Biossido di azoto (NO2);23;microgrammi / metro cubo;71.0;V;
04/07/2015;06:00;13;001272;805;Torino - Rebaudengo;04;Biossido di azoto (NO2);23;microgrammi / metro cubo;61.0;V;
04/07/2015;07:00;13;001272;805;Torino - Rebaudengo;04;Biossido di azoto (NO2);23;microgrammi / metro cubo;39.0;V;
04/07/2015;08:00;13;001272;805;Torino - Rebaudengo;04;Biossido di azoto (NO2);23;microgrammi / metro cubo;35.0;V;
04/07/2015;09:00;13;001272;805;Torino - Rebaudengo;04;Biossido di azoto (NO2);23;microgrammi / metro cubo;38.0;V;
04/07/2015;10:00;13;001272;805;Torino - Rebaudengo;04;Biossido di azoto (NO2);23;microgrammi / metro cubo;41.0;V;
04/07/2015;11:00;13;001272;805;Torino - Rebaudengo;04;Biossido di azoto (NO2);23;microgrammi / metro cubo;57.0;V;
04/07/2015;12:00;13;001272;805;Torino - Rebaudengo;04;Biossido di azoto (NO2);23;microgrammi / metro cubo;51.0;V;
04/07/2015;13:00;13;001272;805;Torino - Rebaudengo;04;Biossido di azoto (NO2);23;microgrammi / metro cubo;47.0;V;
04/07/2015;14:00;13;001272;805;Torino - Rebaudengo;04;Biossido di azoto (NO2);23;microgrammi / metro cubo;36.0;V;
04/07/2015;15:00;13;001272;805;Torino - Rebaudengo;04;Biossido di azoto (NO2);23;microgrammi / metro cubo;43.0;V;
04/07/2015;16:00;13;001272;805;Torino - Rebaudengo;04;Biossido di azoto (NO2);23;microgrammi / metro cubo;27.0;V;
04/07/2015;17:00;13;001272;805;Torino - Rebaudengo;04;Biossido di azoto (NO2);23;microgrammi / metro cubo;42.0;V;
04/07/2015;18:00;13;001272;805;Torino - Rebaudengo;04;Biossido di azoto (NO2);23;microgrammi / metro cubo;89.0;V;
04/07/2015;19:00;13;001272;805;Torino - Rebaudengo;04;Biossido di azoto (NO2);23;microgrammi / metro cubo;99.0;V;
04/07/2015;20:00;13;001272;805;Torino - Rebaudengo;04;Biossido di azoto (NO2);23;microgrammi / metro cubo;82.0;V;
04/07/2015;21:00;13;001272;805;Torino - Rebaudengo;04;Biossido di azoto (NO2);23;microgrammi / metro cubo;59.0;V;
04/07/2015;22:00;13;001272;805;Torino - Rebaudengo;04;Biossido di azoto (NO2);23;microgrammi / metro cubo;73.0;V;
04/07/2015;23:00;13;001272;805;Torino - Rebaudengo;04;Biossido di azoto (NO2);23;microgrammi / metro cubo;49.0;V;
04/07/2015;23:59;13;001272;805;Torino - Rebaudengo;04;Biossido di azoto (NO2);23;microgrammi / metro cubo;31.0;V;
05/07/2015;01:00;13;001272;805;Torino - Rebaudengo;04;Biossido di azoto (NO2);23;microgrammi / metro cubo;26.0;V;
05/07/2015;02:00;13;001272;805;Torino - Rebaudengo;04;Biossido di azoto (NO2);23;microgrammi / metro cubo;21.0;V;
05/07/2015;03:00;13;001272;805;Torino - Rebaudengo;04;Biossido di azoto (NO2);23;microgrammi / metro cubo;16.0;V;
05/07/2015;04:00;13;001272;805;Torino - Rebaudengo;04;Biossido di azoto (NO2);23;microgrammi / metro cubo;18.0;V;
05/07/2015;05:00;13;001272;805;Torino - Rebaudengo;04;Biossido di azoto (NO2);23;microgrammi / metro cubo;35.0;V;
05/07/2015;06:00;13;001272;805;Torino - Rebaudengo;04;Biossido di azoto (NO2);23;microgrammi / metro cubo;52.0;V;
05/07/2015;07:00;13;001272;805;Torino - Rebaudengo;04;Biossido di azoto (NO2);23;microgrammi / metro cubo;41.0;V;
05/07/2015;08:00;13;001272;805;Torino - Rebaudengo;04;Biossido di azoto (NO2);23;microgrammi / metro cubo;41.0;V;
05/07/2015;09:00;13;001272;805;Torino - Rebaudengo;04;Biossido di azoto (NO2);23;microgrammi / metro cubo;45.0;V;
05/07/2015;10:00;13;001272;805;Torino - Rebaudengo;04;Biossido di azoto (NO2);23;microgrammi / metro cubo;45.0;V;
05/07/2015;11:00;13;001272;805;Torino - Rebaudengo;04;Biossido di azoto (NO2);23;microgrammi / metro cubo;47.0;V;
05/07/2015;12:00;13;001272;805;Torino - Rebaudengo;04;Biossido di azoto (NO2);23;microgrammi / metro cubo;48.0;V;
05/07/2015;13:00;13;001272;805;Torino - Rebaudengo;04;Biossido di azoto (NO2);23;microgrammi / metro cubo;26.0;V;
05/07/2015;14:00;13;001272;805;Torino - Rebaudengo;04;Biossido di azoto (NO2);23;microgrammi / metro cubo;30.0;V;
05/07/2015;15:00;13;001272;805;Torino - Rebaudengo;04;Biossido di azoto (NO2);23;microgrammi / metro cubo;28.0;V;
05/07/2015;16:00;13;001272;805;Torino - Rebaudengo;04;Biossido di azoto (NO2);23;microgrammi / metro cubo;32.0;V;
05/07/2015;17:00;13;001272;805;Torino - Rebaudengo;04;Biossido di azoto (NO2);23;microgrammi / metro cubo;34.0;V;
05/07/2015;18:00;13;001272;805;Torino - Rebaudengo;04;Biossido di azoto (NO2);23;microgrammi / metro cubo;32.0;V;
05/07/2015;19:00;13;001272;805;Torino - Rebaudengo;04;Biossido di azoto (NO2);23;microgrammi / metro cubo;43.0;V;
05/07/2015;20:00;13;001272;805;Torino - Rebaudengo;04;Biossido di azoto (NO2);23;microgrammi / metro cubo;47.0;V;
05/07/2015;21:00;13;001272;805;Torino - Rebaudengo;04;Biossido di azoto (NO2);23;microgrammi / metro cubo;48.0;V;
05/07/2015;22:00;13;001272;805;Torino - Rebaudengo;04;Biossido di azoto (NO2);23;microgrammi / metro cubo;38.0;V;
05/07/2015;23:00;13;001272;805;Torino - Rebaudengo;04;Biossido di azoto (NO2);23;microgrammi / metro cubo;36.0;V;
05/07/2015;23:59;13;001272;805;Torino - Rebaudengo;04;Biossido di azoto (NO2);23;microgrammi / metro cubo;27.0;V;
06/07/2015;01:00;13;001272;805;Torino - Rebaudengo;04;Biossido di azoto (NO2);23;microgrammi / metro cubo;21.0;V;
06/07/2015;02:00;13;001272;805;Torino - Rebaudengo;04;Biossido di azoto (NO2);23;microgrammi / metro cubo;22.0;V;
06/07/2015;03:00;13;001272;805;Torino - Rebaudengo;04;Biossido di azoto (NO2);23;microgrammi / metro cubo;20.0;V;
06/07/2015;04:00;13;001272;805;Torino - Rebaudengo;04;Biossido di azoto (NO2);23;microgrammi / metro cubo;28.0;V;
06/07/2015;05:00;13;001272;805;Torino - Rebaudengo;04;Biossido di azoto (NO2);23;microgrammi / metro cubo;42.0;V;
06/07/2015;06:00;13;001272;805;Torino - Rebaudengo;04;Biossido di azoto (NO2);23;microgrammi / metro cubo;39.0;V;
06/07/2015;07:00;13;001272;805;Torino - Rebaudengo;04;Biossido di azoto (NO2);23;microgrammi / metro cubo;43.0;V;
06/07/2015;08:00;13;001272;805;Torino - Rebaudengo;04;Biossido di azoto (NO2);23;microgrammi / metro cubo;48.0;V;
06/07/2015;09:00;13;001272;805;Torino - Rebaudengo;04;Biossido di azoto (NO2);23;microgrammi / metro cubo;38.0;V;
06/07/2015;10:00;13;001272;805;Torino - Rebaudengo;04;Biossido di azoto (NO2);23;microgrammi / metro cubo;33.0;V;
06/07/2015;11:00;13;001272;805;Torino - Rebaudengo;04;Biossido di azoto (NO2);23;microgrammi / metro cubo;32.0;V;
06/07/2015;12:00;13;001272;805;Torino - Rebaudengo;04;Biossido di azoto (NO2);23;microgrammi / metro cubo;61.0;V;
06/07/2015;13:00;13;001272;805;Torino - Rebaudengo;04;Biossido di azoto (NO2);23;microgrammi / metro cubo;109.0;V;
06/07/2015;14:00;13;001272;805;Torino - Rebaudengo;04;Biossido di azoto (NO2);23;microgrammi / metro cubo;88.0;V;
06/07/2015;15:00;13;001272;805;Torino - Rebaudengo;04;Biossido di azoto (NO2);23;microgrammi / metro cubo;81.0;V;
06/07/2015;16:00;13;001272;805;Torino - Rebaudengo;04;Biossido di azoto (NO2);23;microgrammi / metro cubo;67.0;V;
06/07/2015;17:00;13;001272;805;Torino - Rebaudengo;04;Biossido di azoto (NO2);23;microgrammi / metro cubo;84.0;V;
06/07/2015;18:00;13;001272;805;Torino - Rebaudengo;04;Biossido di azoto (NO2);23;microgrammi / metro cubo;77.0;V;
06/07/2015;19:00;13;001272;805;Torino - Rebaudengo;04;Biossido di azoto (NO2);23;microgrammi / metro cubo;53.0;V;
06/07/2015;20:00;13;001272;805;Torino - Rebaudengo;04;Biossido di azoto (NO2);23;microgrammi / metro cubo;47.0;V;
06/07/2015;21:00;13;001272;805;Torino - Rebaudengo;04;Biossido di azoto (NO2);23;microgrammi / metro cubo;49.0;V;
06/07/2015;22:00;13;001272;805;Torino - Rebaudengo;04;Biossido di azoto (NO2);23;microgrammi / metro cubo;64.0;V;
06/07/2015;23:00;13;001272;805;Torino - Rebaudengo;04;Biossido di azoto (NO2);23;microgrammi / metro cubo;73.0;V;
06/07/2015;23:59;13;001272;805;Torino - Rebaudengo;04;Biossido di azoto (NO2);23;microgrammi / metro cubo;57.0;V;
07/07/2015;01:00;13;001272;805;Torino - Rebaudengo;04;Biossido di azoto (NO2);23;microgrammi / metro cubo;52.0;V;
07/07/2015;02:00;13;001272;805;Torino - Rebaudengo;04;Biossido di azoto (NO2);23;microgrammi / metro cubo;34.0;V;
07/07/2015;03:00;13;001272;805;Torino - Rebaudengo;04;Biossido di azoto (NO2);23;microgrammi / metro cubo;29.0;V;
07/07/2015;04:00;13;001272;805;Torino - Rebaudengo;04;Biossido di azoto (NO2);23;microgrammi / metro cubo;21.0;V;
07/07/2015;05:00;13;001272;805;Torino - Rebaudengo;04;Biossido di azoto (NO2);23;microgrammi / metro cubo;36.0;V;
07/07/2015;06:00;13;001272;805;Torino - Rebaudengo;04;Biossido di azoto (NO2);23;microgrammi / metro cubo;55.0;V;
07/07/2015;07:00;13;001272;805;Torino - Rebaudengo;04;Biossido di azoto (NO2);23;microgrammi / metro cubo;67.0;V;
07/07/2015;08:00;13;001272;805;Torino - Rebaudengo;04;Biossido di azoto (NO2);23;microgrammi / metro cubo;55.0;V;
07/07/2015;09:00;13;001272;805;Torino - Rebaudengo;04;Biossido di azoto (NO2);23;microgrammi / metro cubo;56.0;V;
07/07/2015;10:00;13;001272;805;Torino - Rebaudengo;04;Biossido di azoto (NO2);23;microgrammi / metro cubo;82.0;V;
07/07/2015;11:00;13;001272;805;Torino - Rebaudengo;04;Biossido di azoto (NO2);23;microgrammi / metro cubo;107.0;V;
07/07/2015;12:00;13;001272;805;Torino - Rebaudengo;04;Biossido di azoto (NO2);23;microgrammi / metro cubo;63.0;V;
07/07/2015;13:00;13;001272;805;Torino - Rebaudengo;04;Biossido di azoto (NO2);23;microgrammi / metro cubo;58.0;V;
07/07/2015;14:00;13;001272;805;Torino - Rebaudengo;04;Biossido di azoto (NO2);23;microgrammi / metro cubo;59.0;V;
07/07/2015;15:00;13;001272;805;Torino - Rebaudengo;04;Biossido di azoto (NO2);23;microgrammi / metro cubo;71.0;V;
07/07/2015;16:00;13;001272;805;Torino - Rebaudengo;04;Biossido di azoto (NO2);23;microgrammi / metro cubo;77.0;V;
07/07/2015;17:00;13;001272;805;Torino - Rebaudengo;04;Biossido di azoto (NO2);23;microgrammi / metro cubo;66.0;V;
07/07/2015;18:00;13;001272;805;Torino - Rebaudengo;04;Biossido di azoto (NO2);23;microgrammi / metro cubo;73.0;V;
07/07/2015;19:00;13;001272;805;Torino - Rebaudengo;04;Biossido di azoto (NO2);23;microgrammi / metro cubo;73.0;V;
07/07/2015;20:00;13;001272;805;Torino - Rebaudengo;04;Biossido di azoto (NO2);23;microgrammi / metro cubo;64.0;V;
07/07/2015;21:00;13;001272;805;Torino - Rebaudengo;04;Biossido di azoto (NO2);23;microgrammi / metro cubo;63.0;V;
07/07/2015;22:00;13;001272;805;Torino - Rebaudengo;04;Biossido di azoto (NO2);23;microgrammi / metro cubo;46.0;V;
07/07/2015;23:00;13;001272;805;Torino - Rebaudengo;04;Biossido di azoto (NO2);23;microgrammi / metro cubo;46.0;V;
07/07/2015;23:59;13;001272;805;Torino - Rebaudengo;04;Biossido di azoto (NO2);23;microgrammi / metro cubo;43.0;V;
08/07/2015;01:00;13;001272;805;Torino - Rebaudengo;04;Biossido di azoto (NO2);23;microgrammi / metro cubo;39.0;V;
08/07/2015;02:00;13;001272;805;Torino - Rebaudengo;04;Biossido di azoto (NO2);23;microgrammi / metro cubo;38.0;V;
08/07/2015;03:00;13;001272;805;Torino - Rebaudengo;04;Biossido di azoto (NO2);23;microgrammi / metro cubo;21.0;V;
08/07/2015;04:00;13;001272;805;Torino - Rebaudengo;04;Biossido di azoto (NO2);23;microgrammi / metro cubo;16.0;V;
08/07/2015;05:00;13;001272;805;Torino - Rebaudengo;04;Biossido di azoto (NO2);23;microgrammi / metro cubo;28.0;V;
08/07/2015;06:00;13;001272;805;Torino - Rebaudengo;04;Biossido di azoto (NO2);23;microgrammi / metro cubo;46.0;V;
08/07/2015;07:00;13;001272;805;Torino - Rebaudengo;04;Biossido di azoto (NO2);23;microgrammi / metro cubo;59.0;V;
08/07/2015;08:00;13;001272;805;Torino - Rebaudengo;04;Biossido di azoto (NO2);23;microgrammi / metro cubo;62.0;V;
08/07/2015;09:00;13;001272;805;Torino - Rebaudengo;04;Biossido di azoto (NO2);23;microgrammi / metro cubo;57.0;V;
08/07/2015;10:00;13;001272;805;Torino - Rebaudengo;04;Biossido di azoto (NO2);23;microgrammi / metro cubo;55.0;V;
08/07/2015;11:00;13;001272;805;Torino - Rebaudengo;04;Biossido di azoto (NO2);23;microgrammi / metro cubo;48.0;V;
08/07/2015;12:00;13;001272;805;Torino - Rebaudengo;04;Biossido di azoto (NO2);23;microgrammi / metro cubo;49.0;V;
08/07/2015;13:00;13;001272;805;Torino - Rebaudengo;04;Biossido di azoto (NO2);23;microgrammi / metro cubo;103.0;V;
08/07/2015;14:00;13;001272;805;Torino - Rebaudengo;04;Biossido di azoto (NO2);23;microgrammi / metro cubo;75.0;V;
08/07/2015;15:00;13;001272;805;Torino - Rebaudengo;04;Biossido di azoto (NO2);23;microgrammi / metro cubo;51.0;V;
08/07/2015;16:00;13;001272;805;Torino - Rebaudengo;04;Biossido di azoto (NO2);23;microgrammi / metro cubo;45.0;V;
08/07/2015;17:00;13;001272;805;Torino - Rebaudengo;04;Biossido di azoto (NO2);23;microgrammi / metro cubo;59.0;V;
08/07/2015;18:00;13;001272;805;Torino - Rebaudengo;04;Biossido di azoto (NO2);23;microgrammi / metro cubo;66.0;V;
08/07/2015;19:00;13;001272;805;Torino - Rebaudengo;04;Biossido di azoto (NO2);23;microgrammi / metro cubo;62.0;V;
08/07/2015;20:00;13;001272;805;Torino - Rebaudengo;04;Biossido di azoto (NO2);23;microgrammi / metro cubo;58.0;V;
08/07/2015;21:00;13;001272;805;Torino - Rebaudengo;04;Biossido di azoto (NO2);23;microgrammi / metro cubo;49.0;V;
08/07/2015;22:00;13;001272;805;Torino - Rebaudengo;04;Biossido di azoto (NO2);23;microgrammi / metro cubo;90.0;V;
08/07/2015;23:00;13;001272;805;Torino - Rebaudengo;04;Biossido di azoto (NO2);23;microgrammi / metro cubo;45.0;V;
08/07/2015;23:59;13;001272;805;Torino - Rebaudengo;04;Biossido di azoto (NO2);23;microgrammi / metro cubo;53.0;V;
09/07/2015;01:00;13;001272;805;Torino - Rebaudengo;04;Biossido di azoto (NO2);23;microgrammi / metro cubo;45.0;V;
09/07/2015;02:00;13;001272;805;Torino - Rebaudengo;04;Biossido di azoto (NO2);23;microgrammi / metro cubo;32.0;V;
09/07/2015;03:00;13;001272;805;Torino - Rebaudengo;04;Biossido di azoto (NO2);23;microgrammi / metro cubo;34.0;V;
09/07/2015;04:00;13;001272;805;Torino - Rebaudengo;04;Biossido di azoto (NO2);23;microgrammi / metro cubo;40.0;V;
09/07/2015;05:00;13;001272;805;Torino - Rebaudengo;04;Biossido di azoto (NO2);23;microgrammi / metro cubo;42.0;V;
09/07/2015;06:00;13;001272;805;Torino - Rebaudengo;04;Biossido di azoto (NO2);23;microgrammi / metro cubo;72.0;V;
09/07/2015;07:00;13;001272;805;Torino - Rebaudengo;04;Biossido di azoto (NO2);23;microgrammi / metro cubo;74.0;V;
09/07/2015;08:00;13;001272;805;Torino - Rebaudengo;04;Biossido di azoto (NO2);23;microgrammi / metro cubo;79.0;V;
09/07/2015;09:00;13;001272;805;Torino - Rebaudengo;04;Biossido di azoto (NO2);23;microgrammi / metro cubo;41.0;V;
09/07/2015;10:00;13;001272;805;Torino - Rebaudengo;04;Biossido di azoto (NO2);23;microgrammi / metro cubo;41.0;V;
09/07/2015;11:00;13;001272;805;Torino - Rebaudengo;04;Biossido di azoto (NO2);23;microgrammi / metro cubo;40.0;V;
09/07/2015;12:00;13;001272;805;Torino - Rebaudengo;04;Biossido di azoto (NO2);23;microgrammi / metro cubo;33.0;V;
09/07/2015;13:00;13;001272;805;Torino - Rebaudengo;04;Biossido di azoto (NO2);23;microgrammi / metro cubo;30.0;V;
09/07/2015;14:00;13;001272;805;Torino - Rebaudengo;04;Biossido di azoto (NO2);23;microgrammi / metro cubo;31.0;V;
09/07/2015;15:00;13;001272;805;Torino - Rebaudengo;04;Biossido di azoto (NO2);23;microgrammi / metro cubo;43.0;V;
09/07/2015;16:00;13;001272;805;Torino - Rebaudengo;04;Biossido di azoto (NO2);23;microgrammi / metro cubo;36.0;V;
09/07/2015;17:00;13;001272;805;Torino - Rebaudengo;04;Biossido di azoto (NO2);23;microgrammi / metro cubo;45.0;V;
09/07/2015;18:00;13;001272;805;Torino - Rebaudengo;04;Biossido di azoto (NO2);23;microgrammi / metro cubo;50.0;V;
09/07/2015;19:00;13;001272;805;Torino - Rebaudengo;04;Biossido di azoto (NO2);23;microgrammi / metro cubo;51.0;V;
09/07/2015;20:00;13;001272;805;Torino - Rebaudengo;04;Biossido di azoto (NO2);23;microgrammi / metro cubo;39.0;V;
09/07/2015;21:00;13;001272;805;Torino - Rebaudengo;04;Biossido di azoto (NO2);23;microgrammi / metro cubo;47.0;V;
09/07/2015;22:00;13;001272;805;Torino - Rebaudengo;04;Biossido di azoto (NO2);23;microgrammi / metro cubo;70.0;V;
09/07/2015;23:00;13;001272;805;Torino - Rebaudengo;04;Biossido di azoto (NO2);23;microgrammi / metro cubo;61.0;V;
09/07/2015;23:59;13;001272;805;Torino - Rebaudengo;04;Biossido di azoto (NO2);23;microgrammi / metro cubo;43.0;V;
10/07/2015;01:00;13;001272;805;Torino - Rebaudengo;04;Biossido di azoto (NO2);23;microgrammi / metro cubo;30.0;V;
10/07/2015;02:00;13;001272;805;Torino - Rebaudengo;04;Biossido di azoto (NO2);23;microgrammi / metro cubo;20.0;V;
10/07/2015;03:00;13;001272;805;Torino - Rebaudengo;04;Biossido di azoto (NO2);23;microgrammi / metro cubo;18.0;V;
10/07/2015;04:00;13;001272;805;Torino - Rebaudengo;04;Biossido di azoto (NO2);23;microgrammi / metro cubo;21.0;V;
10/07/2015;05:00;13;001272;805;Torino - Rebaudengo;04;Biossido di azoto (NO2);23;microgrammi / metro cubo;23.0;V;
10/07/2015;06:00;13;001272;805;Torino - Rebaudengo;04;Biossido di azoto (NO2);23;microgrammi / metro cubo;46.0;V;
10/07/2015;07:00;13;001272;805;Torino - Rebaudengo;04;Biossido di azoto (NO2);23;microgrammi / metro cubo;52.0;V;
10/07/2015;08:00;13;001272;805;Torino - Rebaudengo;04;Biossido di azoto (NO2);23;microgrammi / metro cubo;54.0;V;
10/07/2015;09:00;13;001272;805;Torino - Rebaudengo;04;Biossido di azoto (NO2);23;microgrammi / metro cubo;45.0;V;
10/07/2015;10:00;13;001272;805;Torino - Rebaudengo;04;Biossido di azoto (NO2);23;microgrammi / metro cubo;42.0;V;
10/07/2015;11:00;13;001272;805;Torino - Rebaudengo;04;Biossido di azoto (NO2);23;microgrammi / metro cubo;39.0;V;
10/07/2015;12:00;13;001272;805;Torino - Rebaudengo;04;Biossido di azoto (NO2);23;microgrammi / metro cubo;36.0;V;
10/07/2015;13:00;13;001272;805;Torino - Rebaudengo;04;Biossido di azoto (NO2);23;microgrammi / metro cubo;33.0;V;
10/07/2015;14:00;13;001272;805;Torino - Rebaudengo;04;Biossido di azoto (NO2);23;microgrammi / metro cubo;40.0;V;
10/07/2015;15:00;13;001272;805;Torino - Rebaudengo;04;Biossido di azoto (NO2);23;microgrammi / metro cubo;57.0;V;
10/07/2015;16:00;13;001272;805;Torino - Rebaudengo;04;Biossido di azoto (NO2);23;microgrammi / metro cubo;56.0;V;
10/07/2015;17:00;13;001272;805;Torino - Rebaudengo;04;Biossido di azoto (NO2);23;microgrammi / metro cubo;51.0;V;
10/07/2015;18:00;13;001272;805;Torino - Rebaudengo;04;Biossido di azoto (NO2);23;microgrammi / metro cubo;55.0;V;
10/07/2015;19:00;13;001272;805;Torino - Rebaudengo;04;Biossido di azoto (NO2);23;microgrammi / metro cubo;77.0;V;
10/07/2015;20:00;13;001272;805;Torino - Rebaudengo;04;Biossido di azoto (NO2);23;microgrammi / metro cubo;103.0;V;
10/07/2015;21:00;13;001272;805;Torino - Rebaudengo;04;Biossido di azoto (NO2);23;microgrammi / metro cubo;66.0;V;
10/07/2015;22:00;13;001272;805;Torino - Rebaudengo;04;Biossido di azoto (NO2);23;microgrammi / metro cubo;77.0;V;
10/07/2015;23:00;13;001272;805;Torino - Rebaudengo;04;Biossido di azoto (NO2);23;microgrammi / metro cubo;56.0;V;
10/07/2015;23:59;13;001272;805;Torino - Rebaudengo;04;Biossido di azoto (NO2);23;microgrammi / metro cubo;37.0;V;
11/07/2015;01:00;13;001272;805;Torino - Rebaudengo;04;Biossido di azoto (NO2);23;microgrammi / metro cubo;38.0;V;
11/07/2015;02:00;13;001272;805;Torino - Rebaudengo;04;Biossido di azoto (NO2);23;microgrammi / metro cubo;38.0;V;
11/07/2015;03:00;13;001272;805;Torino - Rebaudengo;04;Biossido di azoto (NO2);23;microgrammi / metro cubo;30.0;V;
11/07/2015;04:00;13;001272;805;Torino - Rebaudengo;04;Biossido di azoto (NO2);23;microgrammi / metro cubo;30.0;V;
11/07/2015;05:00;13;001272;805;Torino - Rebaudengo;04;Biossido di azoto (NO2);23;microgrammi / metro cubo;35.0;V;
11/07/2015;06:00;13;001272;805;Torino - Rebaudengo;04;Biossido di azoto (NO2);23;microgrammi / metro cubo;46.0;V;
11/07/2015;07:00;13;001272;805;Torino - Rebaudengo;04;Biossido di azoto (NO2);23;microgrammi / metro cubo;56.0;V;
11/07/2015;08:00;13;001272;805;Torino - Rebaudengo;04;Biossido di azoto (NO2);23;microgrammi / metro cubo;62.0;V;
11/07/2015;09:00;13;001272;805;Torino - Rebaudengo;04;Biossido di azoto (NO2);23;microgrammi / metro cubo;54.0;V;
11/07/2015;10:00;13;001272;805;Torino - Rebaudengo;04;Biossido di azoto (NO2);23;microgrammi / metro cubo;44.0;V;
11/07/2015;11:00;13;001272;805;Torino - Rebaudengo;04;Biossido di azoto (NO2);23;microgrammi / metro cubo;46.0;V;
11/07/2015;12:00;13;001272;805;Torino - Rebaudengo;04;Biossido di azoto (NO2);23;microgrammi / metro cubo;56.0;V;
11/07/2015;13:00;13;001272;805;Torino - Rebaudengo;04;Biossido di azoto (NO2);23;microgrammi / metro cubo;65.0;V;
11/07/2015;14:00;13;001272;805;Torino - Rebaudengo;04;Biossido di azoto (NO2);23;microgrammi / metro cubo;52.0;V;
11/07/2015;15:00;13;001272;805;Torino - Rebaudengo;04;Biossido di azoto (NO2);23;microgrammi / metro cubo;37.0;V;
11/07/2015;16:00;13;001272;805;Torino - Rebaudengo;04;Biossido di azoto (NO2);23;microgrammi / metro cubo;46.0;V;
11/07/2015;17:00;13;001272;805;Torino - Rebaudengo;04;Biossido di azoto (NO2);23;microgrammi / metro cubo;56.0;V;
11/07/2015;18:00;13;001272;805;Torino - Rebaudengo;04;Biossido di azoto (NO2);23;microgrammi / metro cubo;63.0;V;
11/07/2015;19:00;13;001272;805;Torino - Rebaudengo;04;Biossido di azoto (NO2);23;microgrammi / metro cubo;74.0;V;
11/07/2015;20:00;13;001272;805;Torino - Rebaudengo;04;Biossido di azoto (NO2);23;microgrammi / metro cubo;73.0;V;
11/07/2015;21:00;13;001272;805;Torino - Rebaudengo;04;Biossido di azoto (NO2);23;microgrammi / metro cubo;64.0;V;
11/07/2015;22:00;13;001272;805;Torino - Rebaudengo;04;Biossido di azoto (NO2);23;microgrammi / metro cubo;73.0;V;
11/07/2015;23:00;13;001272;805;Torino - Rebaudengo;04;Biossido di azoto (NO2);23;microgrammi / metro cubo;49.0;V;
11/07/2015;23:59;13;001272;805;Torino - Rebaudengo;04;Biossido di azoto (NO2);23;microgrammi / metro cubo;43.0;V;
12/07/2015;01:00;13;001272;805;Torino - Rebaudengo;04;Biossido di azoto (NO2);23;microgrammi / metro cubo;47.0;V;
12/07/2015;02:00;13;001272;805;Torino - Rebaudengo;04;Biossido di azoto (NO2);23;microgrammi / metro cubo;45.0;V;
12/07/2015;03:00;13;001272;805;Torino - Rebaudengo;04;Biossido di azoto (NO2);23;microgrammi / metro cubo;35.0;V;
12/07/2015;04:00;13;001272;805;Torino - Rebaudengo;04;Biossido di azoto (NO2);23;microgrammi / metro cubo;30.0;V;
12/07/2015;05:00;13;001272;805;Torino - Rebaudengo;04;Biossido di azoto (NO2);23;microgrammi / metro cubo;29.0;V;
12/07/2015;06:00;13;001272;805;Torino - Rebaudengo;04;Biossido di azoto (NO2);23;microgrammi / metro cubo;40.0;V;
12/07/2015;07:00;13;001272;805;Torino - Rebaudengo;04;Biossido di azoto (NO2);23;microgrammi / metro cubo;41.0;V;
12/07/2015;08:00;13;001272;805;Torino - Rebaudengo;04;Biossido di azoto (NO2);23;microgrammi / metro cubo;36.0;V;
12/07/2015;09:00;13;001272;805;Torino - Rebaudengo;04;Biossido di azoto (NO2);23;microgrammi / metro cubo;45.0;V;
12/07/2015;10:00;13;001272;805;Torino - Rebaudengo;04;Biossido di azoto (NO2);23;microgrammi / metro cubo;35.0;V;
12/07/2015;11:00;13;001272;805;Torino - Rebaudengo;04;Biossido di azoto (NO2);23;microgrammi / metro cubo;34.0;V;
12/07/2015;12:00;13;001272;805;Torino - Rebaudengo;04;Biossido di azoto (NO2);23;microgrammi / metro cubo;32.0;V;
12/07/2015;13:00;13;001272;805;Torino - Rebaudengo;04;Biossido di azoto (NO2);23;microgrammi / metro cubo;37.0;V;
12/07/2015;14:00;13;001272;805;Torino - Rebaudengo;04;Biossido di azoto (NO2);23;microgrammi / metro cubo;26.0;V;
12/07/2015;15:00;13;001272;805;Torino - Rebaudengo;04;Biossido di azoto (NO2);23;microgrammi / metro cubo;27.0;V;
12/07/2015;16:00;13;001272;805;Torino - Rebaudengo;04;Biossido di azoto (NO2);23;microgrammi / metro cubo;25.0;V;
12/07/2015;17:00;13;001272;805;Torino - Rebaudengo;04;Biossido di azoto (NO2);23;microgrammi / metro cubo;25.0;V;
12/07/2015;18:00;13;001272;805;Torino - Rebaudengo;04;Biossido di azoto (NO2);23;microgrammi / metro cubo;23.0;V;
12/07/2015;19:00;13;001272;805;Torino - Rebaudengo;04;Biossido di azoto (NO2);23;microgrammi / metro cubo;27.0;V;
12/07/2015;20:00;13;001272;805;Torino - Rebaudengo;04;Biossido di azoto (NO2);23;microgrammi / metro cubo;28.0;V;
12/07/2015;21:00;13;001272;805;Torino - Rebaudengo;04;Biossido di azoto (NO2);23;microgrammi / metro cubo;30.0;V;
12/07/2015;22:00;13;001272;805;Torino - Rebaudengo;04;Biossido di azoto (NO2);23;microgrammi / metro cubo;36.0;V;
12/07/2015;23:00;13;001272;805;Torino - Rebaudengo;04;Biossido di azoto (NO2);23;microgrammi / metro cubo;43.0;V;
12/07/2015;23:59;13;001272;805;Torino - Rebaudengo;04;Biossido di azoto (NO2);23;microgrammi / metro cubo;45.0;V;
13/07/2015;01:00;13;001272;805;Torino - Rebaudengo;04;Biossido di azoto (NO2);23;microgrammi / metro cubo;33.0;V;
13/07/2015;02:00;13;001272;805;Torino - Rebaudengo;04;Biossido di azoto (NO2);23;microgrammi / metro cubo;32.0;V;
13/07/2015;03:00;13;001272;805;Torino - Rebaudengo;04;Biossido di azoto (NO2);23;microgrammi / metro cubo;27.0;V;
13/07/2015;04:00;13;001272;805;Torino - Rebaudengo;04;Biossido di azoto (NO2);23;microgrammi / metro cubo;36.0;V;
13/07/2015;05:00;13;001272;805;Torino - Rebaudengo;04;Biossido di azoto (NO2);23;microgrammi / metro cubo;58.0;V;
13/07/2015;06:00;13;001272;805;Torino - Rebaudengo;04;Biossido di azoto (NO2);23;microgrammi / metro cubo;64.0;V;
13/07/2015;07:00;13;001272;805;Torino - Rebaudengo;04;Biossido di azoto (NO2);23;microgrammi / metro cubo;80.0;V;
13/07/2015;08:00;13;001272;805;Torino - Rebaudengo;04;Biossido di azoto (NO2);23;microgrammi / metro cubo;88.0;V;
13/07/2015;09:00;13;001272;805;Torino - Rebaudengo;04;Biossido di azoto (NO2);23;microgrammi / metro cubo;94.0;V;
13/07/2015;10:00;13;001272;805;Torino - Rebaudengo;04;Biossido di azoto (NO2);23;microgrammi / metro cubo;95.0;V;
13/07/2015;11:00;13;001272;805;Torino - Rebaudengo;04;Biossido di azoto (NO2);23;microgrammi / metro cubo;82.0;V;
13/07/2015;12:00;13;001272;805;Torino - Rebaudengo;04;Biossido di azoto (NO2);23;microgrammi / metro cubo;53.0;V;
13/07/2015;13:00;13;001272;805;Torino - Rebaudengo;04;Biossido di azoto (NO2);23;microgrammi / metro cubo;43.0;V;
13/07/2015;14:00;13;001272;805;Torino - Rebaudengo;04;Biossido di azoto (NO2);23;microgrammi / metro cubo;49.0;V;
13/07/2015;15:00;13;001272;805;Torino - Rebaudengo;04;Biossido di azoto (NO2);23;microgrammi / metro cubo;53.0;V;
13/07/2015;16:00;13;001272;805;Torino - Rebaudengo;04;Biossido di azoto (NO2);23;microgrammi / metro cubo;51.0;V;
13/07/2015;17:00;13;001272;805;Torino - Rebaudengo;04;Biossido di azoto (NO2);23;microgrammi / metro cubo;49.0;V;
13/07/2015;18:00;13;001272;805;Torino - Rebaudengo;04;Biossido di azoto (NO2);23;microgrammi / metro cubo;46.0;V;
13/07/2015;19:00;13;001272;805;Torino - Rebaudengo;04;Biossido di azoto (NO2);23;microgrammi / metro cubo;39.0;V;
13/07/2015;20:00;13;001272;805;Torino - Rebaudengo;04;Biossido di azoto (NO2);23;microgrammi / metro cubo;33.0;V;
13/07/2015;21:00;13;001272;805;Torino - Rebaudengo;04;Biossido di azoto (NO2);23;microgrammi / metro cubo;55.0;V;
13/07/2015;22:00;13;001272;805;Torino - Rebaudengo;04;Biossido di azoto (NO2);23;microgrammi / metro cubo;61.0;V;
13/07/2015;23:00;13;001272;805;Torino - Rebaudengo;04;Biossido di azoto (NO2);23;microgrammi / metro cubo;32.0;V;
13/07/2015;23:59;13;001272;805;Torino - Rebaudengo;04;Biossido di azoto (NO2);23;microgrammi / metro cubo;32.0;V;
14/07/2015;01:00;13;001272;805;Torino - Rebaudengo;04;Biossido di azoto (NO2);23;microgrammi / metro cubo;34.0;V;
14/07/2015;02:00;13;001272;805;Torino - Rebaudengo;04;Biossido di azoto (NO2);23;microgrammi / metro cubo;32.0;V;
14/07/2015;03:00;13;001272;805;Torino - Rebaudengo;04;Biossido di azoto (NO2);23;microgrammi / metro cubo;31.0;V;
14/07/2015;04:00;13;001272;805;Torino - Rebaudengo;04;Biossido di azoto (NO2);23;microgrammi / metro cubo;31.0;V;
14/07/2015;05:00;13;001272;805;Torino - Rebaudengo;04;Biossido di azoto (NO2);23;microgrammi / metro cubo;39.0;V;
14/07/2015;06:00;13;001272;805;Torino - Rebaudengo;04;Biossido di azoto (NO2);23;microgrammi / metro cubo;64.0;V;
14/07/2015;07:00;13;001272;805;Torino - Rebaudengo;04;Biossido di azoto (NO2);23;microgrammi / metro cubo;81.0;V;
14/07/2015;08:00;13;001272;805;Torino - Rebaudengo;04;Biossido di azoto (NO2);23;microgrammi / metro cubo;65.0;V;
14/07/2015;09:00;13;001272;805;Torino - Rebaudengo;04;Biossido di azoto (NO2);23;microgrammi / metro cubo;59.0;V;
14/07/2015;10:00;13;001272;805;Torino - Rebaudengo;04;Biossido di azoto (NO2);23;microgrammi / metro cubo;55.0;V;
14/07/2015;11:00;13;001272;805;Torino - Rebaudengo;04;Biossido di azoto (NO2);23;microgrammi / metro cubo;43.0;V;
14/07/2015;12:00;13;001272;805;Torino - Rebaudengo;04;Biossido di azoto (NO2);23;microgrammi / metro cubo;47.0;V;
14/07/2015;13:00;13;001272;805;Torino - Rebaudengo;04;Biossido di azoto (NO2);23;microgrammi / metro cubo;37.0;V;
14/07/2015;14:00;13;001272;805;Torino - Rebaudengo;04;Biossido di azoto (NO2);23;microgrammi / metro cubo;49.0;V;
14/07/2015;15:00;13;001272;805;Torino - Rebaudengo;04;Biossido di azoto (NO2);23;microgrammi / metro cubo;52.0;V;
14/07/2015;16:00;13;001272;805;Torino - Rebaudengo;04;Biossido di azoto (NO2);23;microgrammi / metro cubo;47.0;V;
14/07/2015;17:00;13;001272;805;Torino - Rebaudengo;04;Biossido di azoto (NO2);23;microgrammi / metro cubo;73.0;V;
14/07/2015;18:00;13;001272;805;Torino - Rebaudengo;04;Biossido di azoto (NO2);23;microgrammi / metro cubo;75.0;V;
14/07/2015;19:00;13;001272;805;Torino - Rebaudengo;04;Biossido di azoto (NO2);23;microgrammi / metro cubo;56.0;V;
14/07/2015;20:00;13;001272;805;Torino - Rebaudengo;04;Biossido di azoto (NO2);23;microgrammi / metro cubo;42.0;V;
14/07/2015;21:00;13;001272;805;Torino - Rebaudengo;04;Biossido di azoto (NO2);23;microgrammi / metro cubo;36.0;V;
14/07/2015;22:00;13;001272;805;Torino - Rebaudengo;04;Biossido di azoto (NO2);23;microgrammi / metro cubo;56.0;V;
14/07/2015;23:00;13;001272;805;Torino - Rebaudengo;04;Biossido di azoto (NO2);23;microgrammi / metro cubo;49.0;V;
14/07/2015;23:59;13;001272;805;Torino - Rebaudengo;04;Biossido di azoto (NO2);23;microgrammi / metro cubo;42.0;V;
15/07/2015;01:00;13;001272;805;Torino - Rebaudengo;04;Biossido di azoto (NO2);23;microgrammi / metro cubo;35.0;V;
15/07/2015;02:00;13;001272;805;Torino - Rebaudengo;04;Biossido di azoto (NO2);23;microgrammi / metro cubo;31.0;V;
15/07/2015;03:00;13;001272;805;Torino - Rebaudengo;04;Biossido di azoto (NO2);23;microgrammi / metro cubo;33.0;V;
15/07/2015;04:00;13;001272;805;Torino - Rebaudengo;04;Biossido di azoto (NO2);23;microgrammi / metro cubo;37.0;V;
15/07/2015;05:00;13;001272;805;Torino - Rebaudengo;04;Biossido di azoto (NO2);23;microgrammi / metro cubo;44.0;V;
15/07/2015;06:00;13;001272;805;Torino - Rebaudengo;04;Biossido di azoto (NO2);23;microgrammi / metro cubo;63.0;V;
15/07/2015;07:00;13;001272;805;Torino - Rebaudengo;04;Biossido di azoto (NO2);23;microgrammi / metro cubo;88.0;V;
15/07/2015;08:00;13;001272;805;Torino - Rebaudengo;04;Biossido di azoto (NO2);23;microgrammi / metro cubo;76.0;V;
15/07/2015;09:00;13;001272;805;Torino - Rebaudengo;04;Biossido di azoto (NO2);23;microgrammi / metro cubo;69.0;V;
15/07/2015;10:00;13;001272;805;Torino - Rebaudengo;04;Biossido di azoto (NO2);23;microgrammi / metro cubo;60.0;V;
15/07/2015;11:00;13;001272;805;Torino - Rebaudengo;04;Biossido di azoto (NO2);23;microgrammi / metro cubo;52.0;V;
15/07/2015;12:00;13;001272;805;Torino - Rebaudengo;04;Biossido di azoto (NO2);23;microgrammi / metro cubo;45.0;V;
15/07/2015;13:00;13;001272;805;Torino - Rebaudengo;04;Biossido di azoto (NO2);23;microgrammi / metro cubo;39.0;V;
15/07/2015;14:00;13;001272;805;Torino - Rebaudengo;04;Biossido di azoto (NO2);23;microgrammi / metro cubo;49.0;V;
15/07/2015;15:00;13;001272;805;Torino - Rebaudengo;04;Biossido di azoto (NO2);23;microgrammi / metro cubo;49.0;V;
15/07/2015;16:00;13;001272;805;Torino - Rebaudengo;04;Biossido di azoto (NO2);23;microgrammi / metro cubo;43.0;V;
15/07/2015;17:00;13;001272;805;Torino - Rebaudengo;04;Biossido di azoto (NO2);23;microgrammi / metro cubo;52.0;V;
15/07/2015;18:00;13;001272;805;Torino - Rebaudengo;04;Biossido di azoto (NO2);23;microgrammi / metro cubo;43.0;V;
15/07/2015;19:00;13;001272;805;Torino - Rebaudengo;04;Biossido di azoto (NO2);23;microgrammi / metro cubo;50.0;V;
15/07/2015;20:00;13;001272;805;Torino - Rebaudengo;04;Biossido di azoto (NO2);23;microgrammi / metro cubo;39.0;V;
15/07/2015;21:00;13;001272;805;Torino - Rebaudengo;04;Biossido di azoto (NO2);23;microgrammi / metro cubo;26.0;V;
15/07/2015;22:00;13;001272;805;Torino - Rebaudengo;04;Biossido di azoto (NO2);23;microgrammi / metro cubo;38.0;V;
15/07/2015;23:00;13;001272;805;Torino - Rebaudengo;04;Biossido di azoto (NO2);23;microgrammi / metro cubo;42.0;V;
15/07/2015;23:59;13;001272;805;Torino - Rebaudengo;04;Biossido di azoto (NO2);23;microgrammi / metro cubo;40.0;V;
16/07/2015;01:00;13;001272;805;Torino - Rebaudengo;04;Biossido di azoto (NO2);23;microgrammi / metro cubo;29.0;V;
16/07/2015;02:00;13;001272;805;Torino - Rebaudengo;04;Biossido di azoto (NO2);23;microgrammi / metro cubo;30.0;V;
16/07/2015;03:00;13;001272;805;Torino - Rebaudengo;04;Biossido di azoto (NO2);23;microgrammi / metro cubo;26.0;V;
16/07/2015;04:00;13;001272;805;Torino - Rebaudengo;04;Biossido di azoto (NO2);23;microgrammi / metro cubo;27.0;V;
16/07/2015;05:00;13;001272;805;Torino - Rebaudengo;04;Biossido di azoto (NO2);23;microgrammi / metro cubo;45.0;V;
16/07/2015;06:00;13;001272;805;Torino - Rebaudengo;04;Biossido di azoto (NO2);23;microgrammi / metro cubo;61.0;V;
16/07/2015;07:00;13;001272;805;Torino - Rebaudengo;04;Biossido di azoto (NO2);23;microgrammi / metro cubo;71.0;V;
16/07/2015;08:00;13;001272;805;Torino - Rebaudengo;04;Biossido di azoto (NO2);23;microgrammi / metro cubo;68.0;V;
16/07/2015;09:00;13;001272;805;Torino - Rebaudengo;04;Biossido di azoto (NO2);23;microgrammi / metro cubo;55.0;V;
16/07/2015;10:00;13;001272;805;Torino - Rebaudengo;04;Biossido di azoto (NO2);23;microgrammi / metro cubo;55.0;V;
16/07/2015;11:00;13;001272;805;Torino - Rebaudengo;04;Biossido di azoto (NO2);23;microgrammi / metro cubo;57.0;V;
16/07/2015;12:00;13;001272;805;Torino - Rebaudengo;04;Biossido di azoto (NO2);23;microgrammi / metro cubo;41.0;V;
16/07/2015;13:00;13;001272;805;Torino - Rebaudengo;04;Biossido di azoto (NO2);23;microgrammi / metro cubo;35.0;V;
16/07/2015;14:00;13;001272;805;Torino - Rebaudengo;04;Biossido di azoto (NO2);23;microgrammi / metro cubo;39.0;V;
16/07/2015;15:00;13;001272;805;Torino - Rebaudengo;04;Biossido di azoto (NO2);23;microgrammi / metro cubo;45.0;V;
16/07/2015;16:00;13;001272;805;Torino - Rebaudengo;04;Biossido di azoto (NO2);23;microgrammi / metro cubo;60.0;V;
16/07/2015;17:00;13;001272;805;Torino - Rebaudengo;04;Biossido di azoto (NO2);23;microgrammi / metro cubo;42.0;V;
16/07/2015;18:00;13;001272;805;Torino - Rebaudengo;04;Biossido di azoto (NO2);23;microgrammi / metro cubo;50.0;V;
16/07/2015;19:00;13;001272;805;Torino - Rebaudengo;04;Biossido di azoto (NO2);23;microgrammi / metro cubo;61.0;V;
16/07/2015;20:00;13;001272;805;Torino - Rebaudengo;04;Biossido di azoto (NO2);23;microgrammi / metro cubo;35.0;V;
16/07/2015;21:00;13;001272;805;Torino - Rebaudengo;04;Biossido di azoto (NO2);23;microgrammi / metro cubo;47.0;V;
16/07/2015;22:00;13;001272;805;Torino - Rebaudengo;04;Biossido di azoto (NO2);23;microgrammi / metro cubo;48.0;V;
16/07/2015;23:00;13;001272;805;Torino - Rebaudengo;04;Biossido di azoto (NO2);23;microgrammi / metro cubo;48.0;V;
16/07/2015;23:59;13;001272;805;Torino - Rebaudengo;04;Biossido di azoto (NO2);23;microgrammi / metro cubo;56.0;V;
17/07/2015;01:00;13;001272;805;Torino - Rebaudengo;04;Biossido di azoto (NO2);23;microgrammi / metro cubo;31.0;V;
17/07/2015;02:00;13;001272;805;Torino - Rebaudengo;04;Biossido di azoto (NO2);23;microgrammi / metro cubo;38.0;V;
17/07/2015;03:00;13;001272;805;Torino - Rebaudengo;04;Biossido di azoto (NO2);23;microgrammi / metro cubo;39.0;V;
17/07/2015;04:00;13;001272;805;Torino - Rebaudengo;04;Biossido di azoto (NO2);23;microgrammi / metro cubo;45.0;V;
17/07/2015;05:00;13;001272;805;Torino - Rebaudengo;04;Biossido di azoto (NO2);23;microgrammi / metro cubo;60.0;V;
17/07/2015;06:00;13;001272;805;Torino - Rebaudengo;04;Biossido di azoto (NO2);23;microgrammi / metro cubo;74.0;V;
17/07/2015;07:00;13;001272;805;Torino - Rebaudengo;04;Biossido di azoto (NO2);23;microgrammi / metro cubo;78.0;V;
17/07/2015;08:00;13;001272;805;Torino - Rebaudengo;04;Biossido di azoto (NO2);23;microgrammi / metro cubo;68.0;V;
17/07/2015;09:00;13;001272;805;Torino - Rebaudengo;04;Biossido di azoto (NO2);23;microgrammi / metro cubo;64.0;V;
17/07/2015;10:00;13;001272;805;Torino - Rebaudengo;04;Biossido di azoto (NO2);23;microgrammi / metro cubo;54.0;V;
17/07/2015;11:00;13;001272;805;Torino - Rebaudengo;04;Biossido di azoto (NO2);23;microgrammi / metro cubo;54.0;V;
17/07/2015;12:00;13;001272;805;Torino - Rebaudengo;04;Biossido di azoto (NO2);23;microgrammi / metro cubo;40.0;V;
17/07/2015;13:00;13;001272;805;Torino - Rebaudengo;04;Biossido di azoto (NO2);23;microgrammi / metro cubo;32.0;V;
17/07/2015;14:00;13;001272;805;Torino - Rebaudengo;04;Biossido di azoto (NO2);23;microgrammi / metro cubo;53.0;V;
17/07/2015;15:00;13;001272;805;Torino - Rebaudengo;04;Biossido di azoto (NO2);23;microgrammi / metro cubo;44.0;V;
17/07/2015;16:00;13;001272;805;Torino - Rebaudengo;04;Biossido di azoto (NO2);23;microgrammi / metro cubo;49.0;V;
17/07/2015;17:00;13;001272;805;Torino - Rebaudengo;04;Biossido di azoto (NO2);23;microgrammi / metro cubo;52.0;V;
17/07/2015;18:00;13;001272;805;Torino - Rebaudengo;04;Biossido di azoto (NO2);23;microgrammi / metro cubo;50.0;V;
17/07/2015;19:00;13;001272;805;Torino - Rebaudengo;04;Biossido di azoto (NO2);23;microgrammi / metro cubo;54.0;V;
17/07/2015;20:00;13;001272;805;Torino - Rebaudengo;04;Biossido di azoto (NO2);23;microgrammi / metro cubo;53.0;V;
17/07/2015;21:00;13;001272;805;Torino - Rebaudengo;04;Biossido di azoto (NO2);23;microgrammi / metro cubo;57.0;V;
17/07/2015;22:00;13;001272;805;Torino - Rebaudengo;04;Biossido di azoto (NO2);23;microgrammi / metro cubo;51.0;V;
17/07/2015;23:00;13;001272;805;Torino - Rebaudengo;04;Biossido di azoto (NO2);23;microgrammi / metro cubo;55.0;V;
17/07/2015;23:59;13;001272;805;Torino - Rebaudengo;04;Biossido di azoto (NO2);23;microgrammi / metro cubo;58.0;V;
18/07/2015;01:00;13;001272;805;Torino - Rebaudengo;04;Biossido di azoto (NO2);23;microgrammi / metro cubo;39.0;V;
18/07/2015;02:00;13;001272;805;Torino - Rebaudengo;04;Biossido di azoto (NO2);23;microgrammi / metro cubo;38.0;V;
18/07/2015;03:00;13;001272;805;Torino - Rebaudengo;04;Biossido di azoto (NO2);23;microgrammi / metro cubo;42.0;V;
18/07/2015;04:00;13;001272;805;Torino - Rebaudengo;04;Biossido di azoto (NO2);23;microgrammi / metro cubo;42.0;V;
18/07/2015;05:00;13;001272;805;Torino - Rebaudengo;04;Biossido di azoto (NO2);23;microgrammi / metro cubo;50.0;V;
18/07/2015;06:00;13;001272;805;Torino - Rebaudengo;04;Biossido di azoto (NO2);23;microgrammi / metro cubo;59.0;V;
18/07/2015;07:00;13;001272;805;Torino - Rebaudengo;04;Biossido di azoto (NO2);23;microgrammi / metro cubo;54.0;V;
18/07/2015;08:00;13;001272;805;Torino - Rebaudengo;04;Biossido di azoto (NO2);23;microgrammi / metro cubo;63.0;V;
18/07/2015;09:00;13;001272;805;Torino - Rebaudengo;04;Biossido di azoto (NO2);23;microgrammi / metro cubo;64.0;V;
18/07/2015;10:00;13;001272;805;Torino - Rebaudengo;04;Biossido di azoto (NO2);23;microgrammi / metro cubo;52.0;V;
18/07/2015;11:00;13;001272;805;Torino - Rebaudengo;04;Biossido di azoto (NO2);23;microgrammi / metro cubo;48.0;V;
18/07/2015;12:00;13;001272;805;Torino - Rebaudengo;04;Biossido di azoto (NO2);23;microgrammi / metro cubo;44.0;V;
18/07/2015;13:00;13;001272;805;Torino - Rebaudengo;04;Biossido di azoto (NO2);23;microgrammi / metro cubo;38.0;V;
18/07/2015;14:00;13;001272;805;Torino - Rebaudengo;04;Biossido di azoto (NO2);23;microgrammi / metro cubo;37.0;V;
18/07/2015;15:00;13;001272;805;Torino - Rebaudengo;04;Biossido di azoto (NO2);23;microgrammi / metro cubo;43.0;V;
18/07/2015;16:00;13;001272;805;Torino - Rebaudengo;04;Biossido di azoto (NO2);23;microgrammi / metro cubo;54.0;V;
18/07/2015;17:00;13;001272;805;Torino - Rebaudengo;04;Biossido di azoto (NO2);23;microgrammi / metro cubo;81.0;V;
18/07/2015;18:00;13;001272;805;Torino - Rebaudengo;04;Biossido di azoto (NO2);23;microgrammi / metro cubo;62.0;V;
18/07/2015;19:00;13;001272;805;Torino - Rebaudengo;04;Biossido di azoto (NO2);23;microgrammi / metro cubo;37.0;V;
18/07/2015;20:00;13;001272;805;Torino - Rebaudengo;04;Biossido di azoto (NO2);23;microgrammi / metro cubo;38.0;V;
18/07/2015;21:00;13;001272;805;Torino - Rebaudengo;04;Biossido di azoto (NO2);23;microgrammi / metro cubo;56.0;V;
18/07/2015;22:00;13;001272;805;Torino - Rebaudengo;04;Biossido di azoto (NO2);23;microgrammi / metro cubo;55.0;V;
18/07/2015;23:00;13;001272;805;Torino - Rebaudengo;04;Biossido di azoto (NO2);23;microgrammi / metro cubo;59.0;V;
18/07/2015;23:59;13;001272;805;Torino - Rebaudengo;04;Biossido di azoto (NO2);23;microgrammi / metro cubo;52.0;V;
19/07/2015;01:00;13;001272;805;Torino - Rebaudengo;04;Biossido di azoto (NO2);23;microgrammi / metro cubo;47.0;V;
19/07/2015;02:00;13;001272;805;Torino - Rebaudengo;04;Biossido di azoto (NO2);23;microgrammi / metro cubo;41.0;V;
19/07/2015;03:00;13;001272;805;Torino - Rebaudengo;04;Biossido di azoto (NO2);23;microgrammi / metro cubo;39.0;V;
19/07/2015;04:00;13;001272;805;Torino - Rebaudengo;04;Biossido di azoto (NO2);23;microgrammi / metro cubo;38.0;V;
19/07/2015;05:00;13;001272;805;Torino - Rebaudengo;04;Biossido di azoto (NO2);23;microgrammi / metro cubo;28.0;V;
19/07/2015;06:00;13;001272;805;Torino - Rebaudengo;04;Biossido di azoto (NO2);23;microgrammi / metro cubo;31.0;V;
19/07/2015;07:00;13;001272;805;Torino - Rebaudengo;04;Biossido di azoto (NO2);23;microgrammi / metro cubo;36.0;V;
19/07/2015;08:00;13;001272;805;Torino - Rebaudengo;04;Biossido di azoto (NO2);23;microgrammi / metro cubo;40.0;V;
19/07/2015;09:00;13;001272;805;Torino - Rebaudengo;04;Biossido di azoto (NO2);23;microgrammi / metro cubo;33.0;V;
19/07/2015;10:00;13;001272;805;Torino - Rebaudengo;04;Biossido di azoto (NO2);23;microgrammi / metro cubo;32.0;V;
19/07/2015;11:00;13;001272;805;Torino - Rebaudengo;04;Biossido di azoto (NO2);23;microgrammi / metro cubo;32.0;V;
19/07/2015;12:00;13;001272;805;Torino - Rebaudengo;04;Biossido di azoto (NO2);23;microgrammi / metro cubo;36.0;V;
19/07/2015;13:00;13;001272;805;Torino - Rebaudengo;04;Biossido di azoto (NO2);23;microgrammi / metro cubo;24.0;V;
19/07/2015;14:00;13;001272;805;Torino - Rebaudengo;04;Biossido di azoto (NO2);23;microgrammi / metro cubo;24.0;V;
19/07/2015;15:00;13;001272;805;Torino - Rebaudengo;04;Biossido di azoto (NO2);23;microgrammi / metro cubo;30.0;V;
19/07/2015;16:00;13;001272;805;Torino - Rebaudengo;04;Biossido di azoto (NO2);23;microgrammi / metro cubo;28.0;V;
19/07/2015;17:00;13;001272;805;Torino - Rebaudengo;04;Biossido di azoto (NO2);23;microgrammi / metro cubo;31.0;V;
19/07/2015;18:00;13;001272;805;Torino - Rebaudengo;04;Biossido di azoto (NO2);23;microgrammi / metro cubo;28.0;V;
19/07/2015;19:00;13;001272;805;Torino - Rebaudengo;04;Biossido di azoto (NO2);23;microgrammi / metro cubo;38.0;V;
19/07/2015;20:00;13;001272;805;Torino - Rebaudengo;04;Biossido di azoto (NO2);23;microgrammi / metro cubo;25.0;V;
19/07/2015;21:00;13;001272;805;Torino - Rebaudengo;04;Biossido di azoto (NO2);23;microgrammi / metro cubo;30.0;V;
19/07/2015;22:00;13;001272;805;Torino - Rebaudengo;04;Biossido di azoto (NO2);23;microgrammi / metro cubo;29.0;V;
19/07/2015;23:00;13;001272;805;Torino - Rebaudengo;04;Biossido di azoto (NO2);23;microgrammi / metro cubo;28.0;V;
19/07/2015;23:59;13;001272;805;Torino - Rebaudengo;04;Biossido di azoto (NO2);23;microgrammi / metro cubo;28.0;V;
20/07/2015;01:00;13;001272;805;Torino - Rebaudengo;04;Biossido di azoto (NO2);23;microgrammi / metro cubo;31.0;V;
20/07/2015;02:00;13;001272;805;Torino - Rebaudengo;04;Biossido di azoto (NO2);23;microgrammi / metro cubo;40.0;V;
20/07/2015;03:00;13;001272;805;Torino - Rebaudengo;04;Biossido di azoto (NO2);23;microgrammi / metro cubo;29.0;V;
20/07/2015;04:00;13;001272;805;Torino - Rebaudengo;04;Biossido di azoto (NO2);23;microgrammi / metro cubo;38.0;V;
20/07/2015;05:00;13;001272;805;Torino - Rebaudengo;04;Biossido di azoto (NO2);23;microgrammi / metro cubo;44.0;V;
20/07/2015;06:00;13;001272;805;Torino - Rebaudengo;04;Biossido di azoto (NO2);23;microgrammi / metro cubo;55.0;V;
20/07/2015;07:00;13;001272;805;Torino - Rebaudengo;04;Biossido di azoto (NO2);23;microgrammi / metro cubo;66.0;V;
20/07/2015;08:00;13;001272;805;Torino - Rebaudengo;04;Biossido di azoto (NO2);23;microgrammi / metro cubo;82.0;V;
20/07/2015;09:00;13;001272;805;Torino - Rebaudengo;04;Biossido di azoto (NO2);23;microgrammi / metro cubo;55.0;V;
20/07/2015;10:00;13;001272;805;Torino - Rebaudengo;04;Biossido di azoto (NO2);23;microgrammi / metro cubo;63.0;V;
20/07/2015;11:00;13;001272;805;Torino - Rebaudengo;04;Biossido di azoto (NO2);23;microgrammi / metro cubo;68.0;V;
20/07/2015;12:00;13;001272;805;Torino - Rebaudengo;04;Biossido di azoto (NO2);23;microgrammi / metro cubo;52.0;V;
20/07/2015;13:00;13;001272;805;Torino - Rebaudengo;04;Biossido di azoto (NO2);23;microgrammi / metro cubo;39.0;V;
20/07/2015;14:00;13;001272;805;Torino - Rebaudengo;04;Biossido di azoto (NO2);23;microgrammi / metro cubo;88.0;V;
20/07/2015;15:00;13;001272;805;Torino - Rebaudengo;04;Biossido di azoto (NO2);23;microgrammi / metro cubo;76.0;V;
20/07/2015;16:00;13;001272;805;Torino - Rebaudengo;04;Biossido di azoto (NO2);23;microgrammi / metro cubo;45.0;V;
20/07/2015;17:00;13;001272;805;Torino - Rebaudengo;04;Biossido di azoto (NO2);23;microgrammi / metro cubo;64.0;V;
20/07/2015;18:00;13;001272;805;Torino - Rebaudengo;04;Biossido di azoto (NO2);23;microgrammi / metro cubo;63.0;V;
20/07/2015;19:00;13;001272;805;Torino - Rebaudengo;04;Biossido di azoto (NO2);23;microgrammi / metro cubo;49.0;V;
20/07/2015;20:00;13;001272;805;Torino - Rebaudengo;04;Biossido di azoto (NO2);23;microgrammi / metro cubo;89.0;V;
20/07/2015;21:00;13;001272;805;Torino - Rebaudengo;04;Biossido di azoto (NO2);23;microgrammi / metro cubo;76.0;V;
20/07/2015;22:00;13;001272;805;Torino - Rebaudengo;04;Biossido di azoto (NO2);23;microgrammi / metro cubo;76.0;V;
20/07/2015;23:00;13;001272;805;Torino - Rebaudengo;04;Biossido di azoto (NO2);23;microgrammi / metro cubo;68.0;V;
20/07/2015;23:59;13;001272;805;Torino - Rebaudengo;04;Biossido di azoto (NO2);23;microgrammi / metro cubo;34.0;V;
21/07/2015;01:00;13;001272;805;Torino - Rebaudengo;04;Biossido di azoto (NO2);23;microgrammi / metro cubo;34.0;V;
21/07/2015;02:00;13;001272;805;Torino - Rebaudengo;04;Biossido di azoto (NO2);23;microgrammi / metro cubo;34.0;V;
21/07/2015;03:00;13;001272;805;Torino - Rebaudengo;04;Biossido di azoto (NO2);23;microgrammi / metro cubo;33.0;V;
21/07/2015;04:00;13;001272;805;Torino - Rebaudengo;04;Biossido di azoto (NO2);23;microgrammi / metro cubo;34.0;V;
21/07/2015;05:00;13;001272;805;Torino - Rebaudengo;04;Biossido di azoto (NO2);23;microgrammi / metro cubo;44.0;V;
21/07/2015;06:00;13;001272;805;Torino - Rebaudengo;04;Biossido di azoto (NO2);23;microgrammi / metro cubo;63.0;V;
21/07/2015;07:00;13;001272;805;Torino - Rebaudengo;04;Biossido di azoto (NO2);23;microgrammi / metro cubo;68.0;V;
21/07/2015;08:00;13;001272;805;Torino - Rebaudengo;04;Biossido di azoto (NO2);23;microgrammi / metro cubo;76.0;V;
21/07/2015;09:00;13;001272;805;Torino - Rebaudengo;04;Biossido di azoto (NO2);23;microgrammi / metro cubo;80.0;V;
21/07/2015;10:00;13;001272;805;Torino - Rebaudengo;04;Biossido di azoto (NO2);23;microgrammi / metro cubo;82.0;V;
21/07/2015;11:00;13;001272;805;Torino - Rebaudengo;04;Biossido di azoto (NO2);23;microgrammi / metro cubo;63.0;V;
21/07/2015;12:00;13;001272;805;Torino - Rebaudengo;04;Biossido di azoto (NO2);23;microgrammi / metro cubo;52.0;V;
21/07/2015;13:00;13;001272;805;Torino - Rebaudengo;04;Biossido di azoto (NO2);23;microgrammi / metro cubo;53.0;V;
21/07/2015;14:00;13;001272;805;Torino - Rebaudengo;04;Biossido di azoto (NO2);23;microgrammi / metro cubo;52.0;V;
21/07/2015;15:00;13;001272;805;Torino - Rebaudengo;04;Biossido di azoto (NO2);23;microgrammi / metro cubo;62.0;V;
21/07/2015;16:00;13;001272;805;Torino - Rebaudengo;04;Biossido di azoto (NO2);23;microgrammi / metro cubo;67.0;V;
21/07/2015;17:00;13;001272;805;Torino - Rebaudengo;04;Biossido di azoto (NO2);23;microgrammi / metro cubo;92.0;V;
21/07/2015;18:00;13;001272;805;Torino - Rebaudengo;04;Biossido di azoto (NO2);23;microgrammi / metro cubo;118.0;V;
21/07/2015;19:00;13;001272;805;Torino - Rebaudengo;04;Biossido di azoto (NO2);23;microgrammi / metro cubo;132.0;V;
21/07/2015;20:00;13;001272;805;Torino - Rebaudengo;04;Biossido di azoto (NO2);23;microgrammi / metro cubo;109.0;V;
21/07/2015;21:00;13;001272;805;Torino - Rebaudengo;04;Biossido di azoto (NO2);23;microgrammi / metro cubo;93.0;V;
21/07/2015;22:00;13;001272;805;Torino - Rebaudengo;04;Biossido di azoto (NO2);23;microgrammi / metro cubo;73.0;V;
21/07/2015;23:00;13;001272;805;Torino - Rebaudengo;04;Biossido di azoto (NO2);23;microgrammi / metro cubo;43.0;V;
21/07/2015;23:59;13;001272;805;Torino - Rebaudengo;04;Biossido di azoto (NO2);23;microgrammi / metro cubo;38.0;V;
22/07/2015;01:00;13;001272;805;Torino - Rebaudengo;04;Biossido di azoto (NO2);23;microgrammi / metro cubo;26.0;V;
22/07/2015;02:00;13;001272;805;Torino - Rebaudengo;04;Biossido di azoto (NO2);23;microgrammi / metro cubo;31.0;V;
22/07/2015;03:00;13;001272;805;Torino - Rebaudengo;04;Biossido di azoto (NO2);23;microgrammi / metro cubo;25.0;V;
22/07/2015;04:00;13;001272;805;Torino - Rebaudengo;04;Biossido di azoto (NO2);23;microgrammi / metro cubo;38.0;V;
22/07/2015;05:00;13;001272;805;Torino - Rebaudengo;04;Biossido di azoto (NO2);23;microgrammi / metro cubo;55.0;V;
22/07/2015;06:00;13;001272;805;Torino - Rebaudengo;04;Biossido di azoto (NO2);23;microgrammi / metro cubo;66.0;V;
22/07/2015;07:00;13;001272;805;Torino - Rebaudengo;04;Biossido di azoto (NO2);23;microgrammi / metro cubo;81.0;V;
22/07/2015;08:00;13;001272;805;Torino - Rebaudengo;04;Biossido di azoto (NO2);23;microgrammi / metro cubo;88.0;V;
22/07/2015;09:00;13;001272;805;Torino - Rebaudengo;04;Biossido di azoto (NO2);23;microgrammi / metro cubo;88.0;V;
22/07/2015;10:00;13;001272;805;Torino - Rebaudengo;04;Biossido di azoto (NO2);23;microgrammi / metro cubo;56.0;V;
22/07/2015;11:00;13;001272;805;Torino - Rebaudengo;04;Biossido di azoto (NO2);23;microgrammi / metro cubo;50.0;V;
22/07/2015;12:00;13;001272;805;Torino - Rebaudengo;04;Biossido di azoto (NO2);23;microgrammi / metro cubo;62.0;V;
22/07/2015;13:00;13;001272;805;Torino - Rebaudengo;04;Biossido di azoto (NO2);23;microgrammi / metro cubo;47.0;V;
22/07/2015;14:00;13;001272;805;Torino - Rebaudengo;04;Biossido di azoto (NO2);23;microgrammi / metro cubo;46.0;V;
22/07/2015;15:00;13;001272;805;Torino - Rebaudengo;04;Biossido di azoto (NO2);23;microgrammi / metro cubo;47.0;V;
22/07/2015;16:00;13;001272;805;Torino - Rebaudengo;04;Biossido di azoto (NO2);23;microgrammi / metro cubo;57.0;V;
22/07/2015;17:00;13;001272;805;Torino - Rebaudengo;04;Biossido di azoto (NO2);23;microgrammi / metro cubo;48.0;V;
22/07/2015;18:00;13;001272;805;Torino - Rebaudengo;04;Biossido di azoto (NO2);23;microgrammi / metro cubo;41.0;V;
22/07/2015;19:00;13;001272;805;Torino - Rebaudengo;04;Biossido di azoto (NO2);23;microgrammi / metro cubo;52.0;V;
22/07/2015;20:00;13;001272;805;Torino - Rebaudengo;04;Biossido di azoto (NO2);23;microgrammi / metro cubo;58.0;V;
22/07/2015;21:00;13;001272;805;Torino - Rebaudengo;04;Biossido di azoto (NO2);23;microgrammi / metro cubo;83.0;V;
22/07/2015;22:00;13;001272;805;Torino - Rebaudengo;04;Biossido di azoto (NO2);23;microgrammi / metro cubo;62.0;V;
22/07/2015;23:00;13;001272;805;Torino - Rebaudengo;04;Biossido di azoto (NO2);23;microgrammi / metro cubo;63.0;V;
22/07/2015;23:59;13;001272;805;Torino - Rebaudengo;04;Biossido di azoto (NO2);23;microgrammi / metro cubo;57.0;V;
23/07/2015;01:00;13;001272;805;Torino - Rebaudengo;04;Biossido di azoto (NO2);23;microgrammi / metro cubo;49.0;V;
23/07/2015;02:00;13;001272;805;Torino - Rebaudengo;04;Biossido di azoto (NO2);23;microgrammi / metro cubo;38.0;V;
23/07/2015;03:00;13;001272;805;Torino - Rebaudengo;04;Biossido di azoto (NO2);23;microgrammi / metro cubo;25.0;V;
23/07/2015;04:00;13;001272;805;Torino - Rebaudengo;04;Biossido di azoto (NO2);23;microgrammi / metro cubo;37.0;V;
23/07/2015;05:00;13;001272;805;Torino - Rebaudengo;04;Biossido di azoto (NO2);23;microgrammi / metro cubo;52.0;V;
23/07/2015;06:00;13;001272;805;Torino - Rebaudengo;04;Biossido di azoto (NO2);23;microgrammi / metro cubo;82.0;V;
23/07/2015;07:00;13;001272;805;Torino - Rebaudengo;04;Biossido di azoto (NO2);23;microgrammi / metro cubo;81.0;V;
23/07/2015;08:00;13;001272;805;Torino - Rebaudengo;04;Biossido di azoto (NO2);23;microgrammi / metro cubo;93.0;V;
23/07/2015;09:00;13;001272;805;Torino - Rebaudengo;04;Biossido di azoto (NO2);23;microgrammi / metro cubo;85.0;V;
23/07/2015;10:00;13;001272;805;Torino - Rebaudengo;04;Biossido di azoto (NO2);23;microgrammi / metro cubo;68.0;V;
23/07/2015;11:00;13;001272;805;Torino - Rebaudengo;04;Biossido di azoto (NO2);23;microgrammi / metro cubo;47.0;V;
23/07/2015;12:00;13;001272;805;Torino - Rebaudengo;04;Biossido di azoto (NO2);23;microgrammi / metro cubo;42.0;V;
23/07/2015;13:00;13;001272;805;Torino - Rebaudengo;04;Biossido di azoto (NO2);23;microgrammi / metro cubo;41.0;V;
23/07/2015;14:00;13;001272;805;Torino - Rebaudengo;04;Biossido di azoto (NO2);23;microgrammi / metro cubo;39.0;V;
23/07/2015;15:00;13;001272;805;Torino - Rebaudengo;04;Biossido di azoto (NO2);23;microgrammi / metro cubo;35.0;V;
23/07/2015;16:00;13;001272;805;Torino - Rebaudengo;04;Biossido di azoto (NO2);23;microgrammi / metro cubo;41.0;V;
23/07/2015;17:00;13;001272;805;Torino - Rebaudengo;04;Biossido di azoto (NO2);23;microgrammi / metro cubo;66.0;V;
23/07/2015;18:00;13;001272;805;Torino - Rebaudengo;04;Biossido di azoto (NO2);23;microgrammi / metro cubo;43.0;V;
23/07/2015;19:00;13;001272;805;Torino - Rebaudengo;04;Biossido di azoto (NO2);23;microgrammi / metro cubo;59.0;V;
23/07/2015;20:00;13;001272;805;Torino - Rebaudengo;04;Biossido di azoto (NO2);23;microgrammi / metro cubo;47.0;V;
23/07/2015;21:00;13;001272;805;Torino - Rebaudengo;04;Biossido di azoto (NO2);23;microgrammi / metro cubo;86.0;V;
23/07/2015;22:00;13;001272;805;Torino - Rebaudengo;04;Biossido di azoto (NO2);23;microgrammi / metro cubo;74.0;V;
23/07/2015;23:00;13;001272;805;Torino - Rebaudengo;04;Biossido di azoto (NO2);23;microgrammi / metro cubo;49.0;V;
23/07/2015;23:59;13;001272;805;Torino - Rebaudengo;04;Biossido di azoto (NO2);23;microgrammi / metro cubo;47.0;V;
24/07/2015;01:00;13;001272;805;Torino - Rebaudengo;04;Biossido di azoto (NO2);23;microgrammi / metro cubo;53.0;V;
24/07/2015;02:00;13;001272;805;Torino - Rebaudengo;04;Biossido di azoto (NO2);23;microgrammi / metro cubo;62.0;V;
24/07/2015;03:00;13;001272;805;Torino - Rebaudengo;04;Biossido di azoto (NO2);23;microgrammi / metro cubo;57.0;V;
24/07/2015;04:00;13;001272;805;Torino - Rebaudengo;04;Biossido di azoto (NO2);23;microgrammi / metro cubo;48.0;V;
24/07/2015;05:00;13;001272;805;Torino - Rebaudengo;04;Biossido di azoto (NO2);23;microgrammi / metro cubo;52.0;V;
24/07/2015;06:00;13;001272;805;Torino - Rebaudengo;04;Biossido di azoto (NO2);23;microgrammi / metro cubo;63.0;V;
24/07/2015;07:00;13;001272;805;Torino - Rebaudengo;04;Biossido di azoto (NO2);23;microgrammi / metro cubo;80.0;V;
24/07/2015;08:00;13;001272;805;Torino - Rebaudengo;04;Biossido di azoto (NO2);23;microgrammi / metro cubo;69.0;V;
24/07/2015;09:00;13;001272;805;Torino - Rebaudengo;04;Biossido di azoto (NO2);23;microgrammi / metro cubo;46.0;V;
24/07/2015;10:00;13;001272;805;Torino - Rebaudengo;04;Biossido di azoto (NO2);23;microgrammi / metro cubo;48.0;V;
24/07/2015;11:00;13;001272;805;Torino - Rebaudengo;04;Biossido di azoto (NO2);23;microgrammi / metro cubo;41.0;V;
24/07/2015;12:00;13;001272;805;Torino - Rebaudengo;04;Biossido di azoto (NO2);23;microgrammi / metro cubo;36.0;V;
24/07/2015;13:00;13;001272;805;Torino - Rebaudengo;04;Biossido di azoto (NO2);23;microgrammi / metro cubo;33.0;V;
24/07/2015;14:00;13;001272;805;Torino - Rebaudengo;04;Biossido di azoto (NO2);23;microgrammi / metro cubo;35.0;V;
24/07/2015;15:00;13;001272;805;Torino - Rebaudengo;04;Biossido di azoto (NO2);23;microgrammi / metro cubo;35.0;V;
24/07/2015;16:00;13;001272;805;Torino - Rebaudengo;04;Biossido di azoto (NO2);23;microgrammi / metro cubo;61.0;V;
24/07/2015;17:00;13;001272;805;Torino - Rebaudengo;04;Biossido di azoto (NO2);23;microgrammi / metro cubo;65.0;V;
24/07/2015;18:00;13;001272;805;Torino - Rebaudengo;04;Biossido di azoto (NO2);23;microgrammi / metro cubo;88.0;V;
24/07/2015;19:00;13;001272;805;Torino - Rebaudengo;04;Biossido di azoto (NO2);23;microgrammi / metro cubo;127.0;V;
24/07/2015;20:00;13;001272;805;Torino - Rebaudengo;04;Biossido di azoto (NO2);23;microgrammi / metro cubo;109.0;V;
24/07/2015;21:00;13;001272;805;Torino - Rebaudengo;04;Biossido di azoto (NO2);23;microgrammi / metro cubo;103.0;V;
24/07/2015;22:00;13;001272;805;Torino - Rebaudengo;04;Biossido di azoto (NO2);23;microgrammi / metro cubo;84.0;V;
24/07/2015;23:00;13;001272;805;Torino - Rebaudengo;04;Biossido di azoto (NO2);23;microgrammi / metro cubo;68.0;V;
24/07/2015;23:59;13;001272;805;Torino - Rebaudengo;04;Biossido di azoto (NO2);23;microgrammi / metro cubo;54.0;V;
25/07/2015;01:00;13;001272;805;Torino - Rebaudengo;04;Biossido di azoto (NO2);23;microgrammi / metro cubo;31.0;V;
25/07/2015;02:00;13;001272;805;Torino - Rebaudengo;04;Biossido di azoto (NO2);23;microgrammi / metro cubo;24.0;V;
25/07/2015;03:00;13;001272;805;Torino - Rebaudengo;04;Biossido di azoto (NO2);23;microgrammi / metro cubo;22.0;V;
25/07/2015;04:00;13;001272;805;Torino - Rebaudengo;04;Biossido di azoto (NO2);23;microgrammi / metro cubo;33.0;V;
25/07/2015;05:00;13;001272;805;Torino - Rebaudengo;04;Biossido di azoto (NO2);23;microgrammi / metro cubo;47.0;V;
25/07/2015;06:00;13;001272;805;Torino - Rebaudengo;04;Biossido di azoto (NO2);23;microgrammi / metro cubo;40.0;V;
25/07/2015;07:00;13;001272;805;Torino - Rebaudengo;04;Biossido di azoto (NO2);23;microgrammi / metro cubo;41.0;V;
25/07/2015;08:00;13;001272;805;Torino - Rebaudengo;04;Biossido di azoto (NO2);23;microgrammi / metro cubo;37.0;V;
25/07/2015;09:00;13;001272;805;Torino - Rebaudengo;04;Biossido di azoto (NO2);23;microgrammi / metro cubo;34.0;V;
25/07/2015;10:00;13;001272;805;Torino - Rebaudengo;04;Biossido di azoto (NO2);23;microgrammi / metro cubo;46.0;V;
25/07/2015;11:00;13;001272;805;Torino - Rebaudengo;04;Biossido di azoto (NO2);23;microgrammi / metro cubo;37.0;V;
25/07/2015;12:00;13;001272;805;Torino - Rebaudengo;04;Biossido di azoto (NO2);23;microgrammi / metro cubo;40.0;V;
25/07/2015;13:00;13;001272;805;Torino - Rebaudengo;04;Biossido di azoto (NO2);23;microgrammi / metro cubo;33.0;V;
25/07/2015;14:00;13;001272;805;Torino - Rebaudengo;04;Biossido di azoto (NO2);23;microgrammi / metro cubo;35.0;V;
25/07/2015;15:00;13;001272;805;Torino - Rebaudengo;04;Biossido di azoto (NO2);23;microgrammi / metro cubo;33.0;V;
25/07/2015;16:00;13;001272;805;Torino - Rebaudengo;04;Biossido di azoto (NO2);23;microgrammi / metro cubo;26.0;V;
25/07/2015;17:00;13;001272;805;Torino - Rebaudengo;04;Biossido di azoto (NO2);23;microgrammi / metro cubo;39.0;V;
25/07/2015;18:00;13;001272;805;Torino - Rebaudengo;04;Biossido di azoto (NO2);23;microgrammi / metro cubo;27.0;V;
25/07/2015;19:00;13;001272;805;Torino - Rebaudengo;04;Biossido di azoto (NO2);23;microgrammi / metro cubo;31.0;V;
25/07/2015;20:00;13;001272;805;Torino - Rebaudengo;04;Biossido di azoto (NO2);23;microgrammi / metro cubo;26.0;V;
25/07/2015;21:00;13;001272;805;Torino - Rebaudengo;04;Biossido di azoto (NO2);23;microgrammi / metro cubo;28.0;V;
25/07/2015;22:00;13;001272;805;Torino - Rebaudengo;04;Biossido di azoto (NO2);23;microgrammi / metro cubo;44.0;V;
25/07/2015;23:00;13;001272;805;Torino - Rebaudengo;04;Biossido di azoto (NO2);23;microgrammi / metro cubo;76.0;V;
25/07/2015;23:59;13;001272;805;Torino - Rebaudengo;04;Biossido di azoto (NO2);23;microgrammi / metro cubo;56.0;V;
26/07/2015;01:00;13;001272;805;Torino - Rebaudengo;04;Biossido di azoto (NO2);23;microgrammi / metro cubo;50.0;V;
26/07/2015;02:00;13;001272;805;Torino - Rebaudengo;04;Biossido di azoto (NO2);23;microgrammi / metro cubo;35.0;V;
26/07/2015;03:00;13;001272;805;Torino - Rebaudengo;04;Biossido di azoto (NO2);23;microgrammi / metro cubo;40.0;V;
26/07/2015;04:00;13;001272;805;Torino - Rebaudengo;04;Biossido di azoto (NO2);23;microgrammi / metro cubo;61.0;V;
26/07/2015;05:00;13;001272;805;Torino - Rebaudengo;04;Biossido di azoto (NO2);23;microgrammi / metro cubo;43.0;V;
26/07/2015;06:00;13;001272;805;Torino - Rebaudengo;04;Biossido di azoto (NO2);23;microgrammi / metro cubo;43.0;V;
26/07/2015;07:00;13;001272;805;Torino - Rebaudengo;04;Biossido di azoto (NO2);23;microgrammi / metro cubo;47.0;V;
26/07/2015;08:00;13;001272;805;Torino - Rebaudengo;04;Biossido di azoto (NO2);23;microgrammi / metro cubo;45.0;V;
26/07/2015;09:00;13;001272;805;Torino - Rebaudengo;04;Biossido di azoto (NO2);23;microgrammi / metro cubo;51.0;V;
26/07/2015;10:00;13;001272;805;Torino - Rebaudengo;04;Biossido di azoto (NO2);23;microgrammi / metro cubo;44.0;V;
26/07/2015;11:00;13;001272;805;Torino - Rebaudengo;04;Biossido di azoto (NO2);23;microgrammi / metro cubo;32.0;V;
26/07/2015;12:00;13;001272;805;Torino - Rebaudengo;04;Biossido di azoto (NO2);23;microgrammi / metro cubo;25.0;V;
26/07/2015;13:00;13;001272;805;Torino - Rebaudengo;04;Biossido di azoto (NO2);23;microgrammi / metro cubo;18.0;V;
26/07/2015;14:00;13;001272;805;Torino - Rebaudengo;04;Biossido di azoto (NO2);23;microgrammi / metro cubo;16.0;V;
26/07/2015;15:00;13;001272;805;Torino - Rebaudengo;04;Biossido di azoto (NO2);23;microgrammi / metro cubo;18.0;V;
26/07/2015;16:00;13;001272;805;Torino - Rebaudengo;04;Biossido di azoto (NO2);23;microgrammi / metro cubo;25.0;V;
26/07/2015;17:00;13;001272;805;Torino - Rebaudengo;04;Biossido di azoto (NO2);23;microgrammi / metro cubo;22.0;V;
26/07/2015;18:00;13;001272;805;Torino - Rebaudengo;04;Biossido di azoto (NO2);23;microgrammi / metro cubo;23.0;V;
26/07/2015;19:00;13;001272;805;Torino - Rebaudengo;04;Biossido di azoto (NO2);23;microgrammi / metro cubo;44.0;V;
26/07/2015;20:00;13;001272;805;Torino - Rebaudengo;04;Biossido di azoto (NO2);23;microgrammi / metro cubo;39.0;V;
26/07/2015;21:00;13;001272;805;Torino - Rebaudengo;04;Biossido di azoto (NO2);23;microgrammi / metro cubo;39.0;V;
26/07/2015;22:00;13;001272;805;Torino - Rebaudengo;04;Biossido di azoto (NO2);23;microgrammi / metro cubo;42.0;V;
26/07/2015;23:00;13;001272;805;Torino - Rebaudengo;04;Biossido di azoto (NO2);23;microgrammi / metro cubo;41.0;V;
26/07/2015;23:59;13;001272;805;Torino - Rebaudengo;04;Biossido di azoto (NO2);23;microgrammi / metro cubo;40.0;V;
27/07/2015;01:00;13;001272;805;Torino - Rebaudengo;04;Biossido di azoto (NO2);23;microgrammi / metro cubo;33.0;V;
27/07/2015;02:00;13;001272;805;Torino - Rebaudengo;04;Biossido di azoto (NO2);23;microgrammi / metro cubo;23.0;V;
27/07/2015;03:00;13;001272;805;Torino - Rebaudengo;04;Biossido di azoto (NO2);23;microgrammi / metro cubo;34.0;V;
27/07/2015;04:00;13;001272;805;Torino - Rebaudengo;04;Biossido di azoto (NO2);23;microgrammi / metro cubo;33.0;V;
27/07/2015;05:00;13;001272;805;Torino - Rebaudengo;04;Biossido di azoto (NO2);23;microgrammi / metro cubo;39.0;V;
27/07/2015;06:00;13;001272;805;Torino - Rebaudengo;04;Biossido di azoto (NO2);23;microgrammi / metro cubo;59.0;V;
27/07/2015;07:00;13;001272;805;Torino - Rebaudengo;04;Biossido di azoto (NO2);23;microgrammi / metro cubo;66.0;V;
27/07/2015;08:00;13;001272;805;Torino - Rebaudengo;04;Biossido di azoto (NO2);23;microgrammi / metro cubo;72.0;V;
27/07/2015;09:00;13;001272;805;Torino - Rebaudengo;04;Biossido di azoto (NO2);23;microgrammi / metro cubo;63.0;V;
27/07/2015;10:00;13;001272;805;Torino - Rebaudengo;04;Biossido di azoto (NO2);23;microgrammi / metro cubo;47.0;V;
27/07/2015;11:00;13;001272;805;Torino - Rebaudengo;04;Biossido di azoto (NO2);23;microgrammi / metro cubo;48.0;V;
27/07/2015;12:00;13;001272;805;Torino - Rebaudengo;04;Biossido di azoto (NO2);23;microgrammi / metro cubo;44.0;V;
27/07/2015;13:00;13;001272;805;Torino - Rebaudengo;04;Biossido di azoto (NO2);23;microgrammi / metro cubo;41.0;V;
27/07/2015;14:00;13;001272;805;Torino - Rebaudengo;04;Biossido di azoto (NO2);23;microgrammi / metro cubo;48.0;V;
27/07/2015;15:00;13;001272;805;Torino - Rebaudengo;04;Biossido di azoto (NO2);23;microgrammi / metro cubo;43.0;V;
27/07/2015;16:00;13;001272;805;Torino - Rebaudengo;04;Biossido di azoto (NO2);23;microgrammi / metro cubo;37.0;V;
27/07/2015;17:00;13;001272;805;Torino - Rebaudengo;04;Biossido di azoto (NO2);23;microgrammi / metro cubo;49.0;V;
27/07/2015;18:00;13;001272;805;Torino - Rebaudengo;04;Biossido di azoto (NO2);23;microgrammi / metro cubo;43.0;V;
27/07/2015;19:00;13;001272;805;Torino - Rebaudengo;04;Biossido di azoto (NO2);23;microgrammi / metro cubo;38.0;V;
27/07/2015;20:00;13;001272;805;Torino - Rebaudengo;04;Biossido di azoto (NO2);23;microgrammi / metro cubo;27.0;V;
27/07/2015;21:00;13;001272;805;Torino - Rebaudengo;04;Biossido di azoto (NO2);23;microgrammi / metro cubo;26.0;V;
27/07/2015;22:00;13;001272;805;Torino - Rebaudengo;04;Biossido di azoto (NO2);23;microgrammi / metro cubo;41.0;V;
27/07/2015;23:00;13;001272;805;Torino - Rebaudengo;04;Biossido di azoto (NO2);23;microgrammi / metro cubo;49.0;V;
27/07/2015;23:59;13;001272;805;Torino - Rebaudengo;04;Biossido di azoto (NO2);23;microgrammi / metro cubo;42.0;V;
28/07/2015;01:00;13;001272;805;Torino - Rebaudengo;04;Biossido di azoto (NO2);23;microgrammi / metro cubo;32.0;V;
28/07/2015;02:00;13;001272;805;Torino - Rebaudengo;04;Biossido di azoto (NO2);23;microgrammi / metro cubo;31.0;V;
28/07/2015;03:00;13;001272;805;Torino - Rebaudengo;04;Biossido di azoto (NO2);23;microgrammi / metro cubo;29.0;V;
28/07/2015;04:00;13;001272;805;Torino - Rebaudengo;04;Biossido di azoto (NO2);23;microgrammi / metro cubo;32.0;V;
28/07/2015;05:00;13;001272;805;Torino - Rebaudengo;04;Biossido di azoto (NO2);23;microgrammi / metro cubo;57.0;V;
28/07/2015;06:00;13;001272;805;Torino - Rebaudengo;04;Biossido di azoto (NO2);23;microgrammi / metro cubo;76.0;V;
28/07/2015;07:00;13;001272;805;Torino - Rebaudengo;04;Biossido di azoto (NO2);23;microgrammi / metro cubo;74.0;V;
28/07/2015;08:00;13;001272;805;Torino - Rebaudengo;04;Biossido di azoto (NO2);23;microgrammi / metro cubo;78.0;V;
28/07/2015;09:00;13;001272;805;Torino - Rebaudengo;04;Biossido di azoto (NO2);23;microgrammi / metro cubo;62.0;V;
28/07/2015;10:00;13;001272;805;Torino - Rebaudengo;04;Biossido di azoto (NO2);23;microgrammi / metro cubo;59.0;V;
28/07/2015;11:00;13;001272;805;Torino - Rebaudengo;04;Biossido di azoto (NO2);23;microgrammi / metro cubo;46.0;V;
28/07/2015;12:00;13;001272;805;Torino - Rebaudengo;04;Biossido di azoto (NO2);23;microgrammi / metro cubo;41.0;V;
28/07/2015;13:00;13;001272;805;Torino - Rebaudengo;04;Biossido di azoto (NO2);23;microgrammi / metro cubo;32.0;V;
28/07/2015;14:00;13;001272;805;Torino - Rebaudengo;04;Biossido di azoto (NO2);23;microgrammi / metro cubo;35.0;V;
28/07/2015;15:00;13;001272;805;Torino - Rebaudengo;04;Biossido di azoto (NO2);23;microgrammi / metro cubo;39.0;V;
28/07/2015;16:00;13;001272;805;Torino - Rebaudengo;04;Biossido di azoto (NO2);23;microgrammi / metro cubo;58.0;V;
28/07/2015;17:00;13;001272;805;Torino - Rebaudengo;04;Biossido di azoto (NO2);23;microgrammi / metro cubo;37.0;V;
28/07/2015;18:00;13;001272;805;Torino - Rebaudengo;04;Biossido di azoto (NO2);23;microgrammi / metro cubo;53.0;V;
28/07/2015;19:00;13;001272;805;Torino - Rebaudengo;04;Biossido di azoto (NO2);23;microgrammi / metro cubo;35.0;V;
28/07/2015;20:00;13;001272;805;Torino - Rebaudengo;04;Biossido di azoto (NO2);23;microgrammi / metro cubo;40.0;V;
28/07/2015;21:00;13;001272;805;Torino - Rebaudengo;04;Biossido di azoto (NO2);23;microgrammi / metro cubo;27.0;V;
28/07/2015;22:00;13;001272;805;Torino - Rebaudengo;04;Biossido di azoto (NO2);23;microgrammi / metro cubo;26.0;V;
28/07/2015;23:00;13;001272;805;Torino - Rebaudengo;04;Biossido di azoto (NO2);23;microgrammi / metro cubo;24.0;V;
28/07/2015;23:59;13;001272;805;Torino - Rebaudengo;04;Biossido di azoto (NO2);23;microgrammi / metro cubo;26.0;V;
29/07/2015;01:00;13;001272;805;Torino - Rebaudengo;04;Biossido di azoto (NO2);23;microgrammi / metro cubo;27.0;V;
29/07/2015;02:00;13;001272;805;Torino - Rebaudengo;04;Biossido di azoto (NO2);23;microgrammi / metro cubo;18.0;V;
29/07/2015;03:00;13;001272;805;Torino - Rebaudengo;04;Biossido di azoto (NO2);23;microgrammi / metro cubo;27.0;V;
29/07/2015;04:00;13;001272;805;Torino - Rebaudengo;04;Biossido di azoto (NO2);23;microgrammi / metro cubo;32.0;V;
29/07/2015;05:00;13;001272;805;Torino - Rebaudengo;04;Biossido di azoto (NO2);23;microgrammi / metro cubo;41.0;V;
29/07/2015;06:00;13;001272;805;Torino - Rebaudengo;04;Biossido di azoto (NO2);23;microgrammi / metro cubo;49.0;V;
29/07/2015;07:00;13;001272;805;Torino - Rebaudengo;04;Biossido di azoto (NO2);23;microgrammi / metro cubo;53.0;V;
29/07/2015;08:00;13;001272;805;Torino - Rebaudengo;04;Biossido di azoto (NO2);23;microgrammi / metro cubo;56.0;V;
29/07/2015;09:00;13;001272;805;Torino - Rebaudengo;04;Biossido di azoto (NO2);23;microgrammi / metro cubo;;E;
29/07/2015;10:00;13;001272;805;Torino - Rebaudengo;04;Biossido di azoto (NO2);23;microgrammi / metro cubo;;E;
29/07/2015;11:00;13;001272;805;Torino - Rebaudengo;04;Biossido di azoto (NO2);23;microgrammi / metro cubo;;E;
29/07/2015;12:00;13;001272;805;Torino - Rebaudengo;04;Biossido di azoto (NO2);23;microgrammi / metro cubo;41.0;V;
29/07/2015;13:00;13;001272;805;Torino - Rebaudengo;04;Biossido di azoto (NO2);23;microgrammi / metro cubo;38.0;V;
29/07/2015;14:00;13;001272;805;Torino - Rebaudengo;04;Biossido di azoto (NO2);23;microgrammi / metro cubo;32.0;V;
29/07/2015;15:00;13;001272;805;Torino - Rebaudengo;04;Biossido di azoto (NO2);23;microgrammi / metro cubo;34.0;V;
29/07/2015;16:00;13;001272;805;Torino - Rebaudengo;04;Biossido di azoto (NO2);23;microgrammi / metro cubo;35.0;V;
29/07/2015;17:00;13;001272;805;Torino - Rebaudengo;04;Biossido di azoto (NO2);23;microgrammi / metro cubo;48.0;V;
29/07/2015;18:00;13;001272;805;Torino - Rebaudengo;04;Biossido di azoto (NO2);23;microgrammi / metro cubo;40.0;V;
29/07/2015;19:00;13;001272;805;Torino - Rebaudengo;04;Biossido di azoto (NO2);23;microgrammi / metro cubo;33.0;V;
29/07/2015;20:00;13;001272;805;Torino - Rebaudengo;04;Biossido di azoto (NO2);23;microgrammi / metro cubo;25.0;V;
29/07/2015;21:00;13;001272;805;Torino - Rebaudengo;04;Biossido di azoto (NO2);23;microgrammi / metro cubo;32.0;V;
29/07/2015;22:00;13;001272;805;Torino - Rebaudengo;04;Biossido di azoto (NO2);23;microgrammi / metro cubo;35.0;V;
29/07/2015;23:00;13;001272;805;Torino - Rebaudengo;04;Biossido di azoto (NO2);23;microgrammi / metro cubo;41.0;V;
29/07/2015;23:59;13;001272;805;Torino - Rebaudengo;04;Biossido di azoto (NO2);23;microgrammi / metro cubo;38.0;V;
30/07/2015;01:00;13;001272;805;Torino - Rebaudengo;04;Biossido di azoto (NO2);23;microgrammi / metro cubo;39.0;V;
30/07/2015;02:00;13;001272;805;Torino - Rebaudengo;04;Biossido di azoto (NO2);23;microgrammi / metro cubo;30.0;V;
30/07/2015;03:00;13;001272;805;Torino - Rebaudengo;04;Biossido di azoto (NO2);23;microgrammi / metro cubo;26.0;V;
30/07/2015;04:00;13;001272;805;Torino - Rebaudengo;04;Biossido di azoto (NO2);23;microgrammi / metro cubo;31.0;V;
30/07/2015;05:00;13;001272;805;Torino - Rebaudengo;04;Biossido di azoto (NO2);23;microgrammi / metro cubo;41.0;V;
30/07/2015;06:00;13;001272;805;Torino - Rebaudengo;04;Biossido di azoto (NO2);23;microgrammi / metro cubo;50.0;V;
30/07/2015;07:00;13;001272;805;Torino - Rebaudengo;04;Biossido di azoto (NO2);23;microgrammi / metro cubo;61.0;V;
30/07/2015;08:00;13;001272;805;Torino - Rebaudengo;04;Biossido di azoto (NO2);23;microgrammi / metro cubo;63.0;V;
30/07/2015;09:00;13;001272;805;Torino - Rebaudengo;04;Biossido di azoto (NO2);23;microgrammi / metro cubo;39.0;V;
30/07/2015;10:00;13;001272;805;Torino - Rebaudengo;04;Biossido di azoto (NO2);23;microgrammi / metro cubo;34.0;V;
30/07/2015;11:00;13;001272;805;Torino - Rebaudengo;04;Biossido di azoto (NO2);23;microgrammi / metro cubo;31.0;V;
30/07/2015;12:00;13;001272;805;Torino - Rebaudengo;04;Biossido di azoto (NO2);23;microgrammi / metro cubo;28.0;V;
30/07/2015;13:00;13;001272;805;Torino - Rebaudengo;04;Biossido di azoto (NO2);23;microgrammi / metro cubo;29.0;V;
30/07/2015;14:00;13;001272;805;Torino - Rebaudengo;04;Biossido di azoto (NO2);23;microgrammi / metro cubo;42.0;V;
30/07/2015;15:00;13;001272;805;Torino - Rebaudengo;04;Biossido di azoto (NO2);23;microgrammi / metro cubo;38.0;V;
30/07/2015;16:00;13;001272;805;Torino - Rebaudengo;04;Biossido di azoto (NO2);23;microgrammi / metro cubo;39.0;V;
30/07/2015;17:00;13;001272;805;Torino - Rebaudengo;04;Biossido di azoto (NO2);23;microgrammi / metro cubo;53.0;V;
30/07/2015;18:00;13;001272;805;Torino - Rebaudengo;04;Biossido di azoto (NO2);23;microgrammi / metro cubo;47.0;V;
30/07/2015;19:00;13;001272;805;Torino - Rebaudengo;04;Biossido di azoto (NO2);23;microgrammi / metro cubo;39.0;V;
30/07/2015;20:00;13;001272;805;Torino - Rebaudengo;04;Biossido di azoto (NO2);23;microgrammi / metro cubo;33.0;V;
30/07/2015;21:00;13;001272;805;Torino - Rebaudengo;04;Biossido di azoto (NO2);23;microgrammi / metro cubo;33.0;V;
30/07/2015;22:00;13;001272;805;Torino - Rebaudengo;04;Biossido di azoto (NO2);23;microgrammi / metro cubo;27.0;V;
30/07/2015;23:00;13;001272;805;Torino - Rebaudengo;04;Biossido di azoto (NO2);23;microgrammi / metro cubo;25.0;V;
30/07/2015;23:59;13;001272;805;Torino - Rebaudengo;04;Biossido di azoto (NO2);23;microgrammi / metro cubo;28.0;V;
31/07/2015;01:00;13;001272;805;Torino - Rebaudengo;04;Biossido di azoto (NO2);23;microgrammi / metro cubo;35.0;V;
31/07/2015;02:00;13;001272;805;Torino - Rebaudengo;04;Biossido di azoto (NO2);23;microgrammi / metro cubo;27.0;V;
31/07/2015;03:00;13;001272;805;Torino - Rebaudengo;04;Biossido di azoto (NO2);23;microgrammi / metro cubo;25.0;V;
31/07/2015;04:00;13;001272;805;Torino - Rebaudengo;04;Biossido di azoto (NO2);23;microgrammi / metro cubo;25.0;V;
31/07/2015;05:00;13;001272;805;Torino - Rebaudengo;04;Biossido di azoto (NO2);23;microgrammi / metro cubo;34.0;V;
31/07/2015;06:00;13;001272;805;Torino - Rebaudengo;04;Biossido di azoto (NO2);23;microgrammi / metro cubo;47.0;V;
31/07/2015;07:00;13;001272;805;Torino - Rebaudengo;04;Biossido di azoto (NO2);23;microgrammi / metro cubo;56.0;V;
31/07/2015;08:00;13;001272;805;Torino - Rebaudengo;04;Biossido di azoto (NO2);23;microgrammi / metro cubo;46.0;V;
31/07/2015;09:00;13;001272;805;Torino - Rebaudengo;04;Biossido di azoto (NO2);23;microgrammi / metro cubo;33.0;V;
31/07/2015;10:00;13;001272;805;Torino - Rebaudengo;04;Biossido di azoto (NO2);23;microgrammi / metro cubo;31.0;V;
31/07/2015;11:00;13;001272;805;Torino - Rebaudengo;04;Biossido di azoto (NO2);23;microgrammi / metro cubo;24.0;V;
31/07/2015;12:00;13;001272;805;Torino - Rebaudengo;04;Biossido di azoto (NO2);23;microgrammi / metro cubo;29.0;V;
31/07/2015;13:00;13;001272;805;Torino - Rebaudengo;04;Biossido di azoto (NO2);23;microgrammi / metro cubo;24.0;V;
31/07/2015;14:00;13;001272;805;Torino - Rebaudengo;04;Biossido di azoto (NO2);23;microgrammi / metro cubo;33.0;V;
31/07/2015;15:00;13;001272;805;Torino - Rebaudengo;04;Biossido di azoto (NO2);23;microgrammi / metro cubo;24.0;V;
31/07/2015;16:00;13;001272;805;Torino - Rebaudengo;04;Biossido di azoto (NO2);23;microgrammi / metro cubo;31.0;V;
31/07/2015;17:00;13;001272;805;Torino - Rebaudengo;04;Biossido di azoto (NO2);23;microgrammi / metro cubo;34.0;V;
31/07/2015;18:00;13;001272;805;Torino - Rebaudengo;04;Biossido di azoto (NO2);23;microgrammi / metro cubo;34.0;V;
31/07/2015;19:00;13;001272;805;Torino - Rebaudengo;04;Biossido di azoto (NO2);23;microgrammi / metro cubo;34.0;V;
31/07/2015;20:00;13;001272;805;Torino - Rebaudengo;04;Biossido di azoto (NO2);23;microgrammi / metro cubo;31.0;V;
31/07/2015;21:00;13;001272;805;Torino - Rebaudengo;04;Biossido di azoto (NO2);23;microgrammi / metro cubo;35.0;V;
31/07/2015;22:00;13;001272;805;Torino - Rebaudengo;04;Biossido di azoto (NO2);23;microgrammi / metro cubo;43.0;V;
31/07/2015;23:00;13;001272;805;Torino - Rebaudengo;04;Biossido di azoto (NO2);23;microgrammi / metro cubo;48.0;V;
31/07/2015;23:59;13;001272;805;Torino - Rebaudengo;04;Biossido di azoto (NO2);23;microgrammi / metro cubo;43.0;V;
01/08/2015;01:00;13;001272;805;Torino - Rebaudengo;04;Biossido di azoto (NO2);23;microgrammi / metro cubo;40.0;V;
01/08/2015;02:00;13;001272;805;Torino - Rebaudengo;04;Biossido di azoto (NO2);23;microgrammi / metro cubo;24.0;V;
01/08/2015;03:00;13;001272;805;Torino - Rebaudengo;04;Biossido di azoto (NO2);23;microgrammi / metro cubo;20.0;V;
01/08/2015;04:00;13;001272;805;Torino - Rebaudengo;04;Biossido di azoto (NO2);23;microgrammi / metro cubo;20.0;V;
01/08/2015;05:00;13;001272;805;Torino - Rebaudengo;04;Biossido di azoto (NO2);23;microgrammi / metro cubo;20.0;V;
01/08/2015;06:00;13;001272;805;Torino - Rebaudengo;04;Biossido di azoto (NO2);23;microgrammi / metro cubo;22.0;V;
01/08/2015;07:00;13;001272;805;Torino - Rebaudengo;04;Biossido di azoto (NO2);23;microgrammi / metro cubo;26.0;V;
01/08/2015;08:00;13;001272;805;Torino - Rebaudengo;04;Biossido di azoto (NO2);23;microgrammi / metro cubo;37.0;V;
01/08/2015;09:00;13;001272;805;Torino - Rebaudengo;04;Biossido di azoto (NO2);23;microgrammi / metro cubo;48.0;V;
01/08/2015;10:00;13;001272;805;Torino - Rebaudengo;04;Biossido di azoto (NO2);23;microgrammi / metro cubo;49.0;V;
01/08/2015;11:00;13;001272;805;Torino - Rebaudengo;04;Biossido di azoto (NO2);23;microgrammi / metro cubo;38.0;V;
01/08/2015;12:00;13;001272;805;Torino - Rebaudengo;04;Biossido di azoto (NO2);23;microgrammi / metro cubo;27.0;V;
01/08/2015;13:00;13;001272;805;Torino - Rebaudengo;04;Biossido di azoto (NO2);23;microgrammi / metro cubo;29.0;V;
01/08/2015;14:00;13;001272;805;Torino - Rebaudengo;04;Biossido di azoto (NO2);23;microgrammi / metro cubo;22.0;V;
01/08/2015;15:00;13;001272;805;Torino - Rebaudengo;04;Biossido di azoto (NO2);23;microgrammi / metro cubo;24.0;V;
01/08/2015;16:00;13;001272;805;Torino - Rebaudengo;04;Biossido di azoto (NO2);23;microgrammi / metro cubo;30.0;V;
01/08/2015;17:00;13;001272;805;Torino - Rebaudengo;04;Biossido di azoto (NO2);23;microgrammi / metro cubo;35.0;V;
01/08/2015;18:00;13;001272;805;Torino - Rebaudengo;04;Biossido di azoto (NO2);23;microgrammi / metro cubo;30.0;V;
01/08/2015;19:00;13;001272;805;Torino - Rebaudengo;04;Biossido di azoto (NO2);23;microgrammi / metro cubo;33.0;V;
01/08/2015;20:00;13;001272;805;Torino - Rebaudengo;04;Biossido di azoto (NO2);23;microgrammi / metro cubo;33.0;V;
01/08/2015;21:00;13;001272;805;Torino - Rebaudengo;04;Biossido di azoto (NO2);23;microgrammi / metro cubo;50.0;V;
01/08/2015;22:00;13;001272;805;Torino - Rebaudengo;04;Biossido di azoto (NO2);23;microgrammi / metro cubo;60.0;V;
01/08/2015;23:00;13;001272;805;Torino - Rebaudengo;04;Biossido di azoto (NO2);23;microgrammi / metro cubo;56.0;V;
01/08/2015;23:59;13;001272;805;Torino - Rebaudengo;04;Biossido di azoto (NO2);23;microgrammi / metro cubo;55.0;V;
02/08/2015;01:00;13;001272;805;Torino - Rebaudengo;04;Biossido di azoto (NO2);23;microgrammi / metro cubo;42.0;V;
02/08/2015;02:00;13;001272;805;Torino - Rebaudengo;04;Biossido di azoto (NO2);23;microgrammi / metro cubo;40.0;V;
02/08/2015;03:00;13;001272;805;Torino - Rebaudengo;04;Biossido di azoto (NO2);23;microgrammi / metro cubo;33.0;V;
02/08/2015;04:00;13;001272;805;Torino - Rebaudengo;04;Biossido di azoto (NO2);23;microgrammi / metro cubo;28.0;V;
02/08/2015;05:00;13;001272;805;Torino - Rebaudengo;04;Biossido di azoto (NO2);23;microgrammi / metro cubo;28.0;V;
02/08/2015;06:00;13;001272;805;Torino - Rebaudengo;04;Biossido di azoto (NO2);23;microgrammi / metro cubo;30.0;V;
02/08/2015;07:00;13;001272;805;Torino - Rebaudengo;04;Biossido di azoto (NO2);23;microgrammi / metro cubo;27.0;V;
02/08/2015;08:00;13;001272;805;Torino - Rebaudengo;04;Biossido di azoto (NO2);23;microgrammi / metro cubo;29.0;V;
02/08/2015;09:00;13;001272;805;Torino - Rebaudengo;04;Biossido di azoto (NO2);23;microgrammi / metro cubo;38.0;V;
02/08/2015;10:00;13;001272;805;Torino - Rebaudengo;04;Biossido di azoto (NO2);23;microgrammi / metro cubo;40.0;V;
02/08/2015;11:00;13;001272;805;Torino - Rebaudengo;04;Biossido di azoto (NO2);23;microgrammi / metro cubo;38.0;V;
02/08/2015;12:00;13;001272;805;Torino - Rebaudengo;04;Biossido di azoto (NO2);23;microgrammi / metro cubo;39.0;V;
02/08/2015;13:00;13;001272;805;Torino - Rebaudengo;04;Biossido di azoto (NO2);23;microgrammi / metro cubo;23.0;V;
02/08/2015;14:00;13;001272;805;Torino - Rebaudengo;04;Biossido di azoto (NO2);23;microgrammi / metro cubo;18.0;V;
02/08/2015;15:00;13;001272;805;Torino - Rebaudengo;04;Biossido di azoto (NO2);23;microgrammi / metro cubo;25.0;V;
02/08/2015;16:00;13;001272;805;Torino - Rebaudengo;04;Biossido di azoto (NO2);23;microgrammi / metro cubo;22.0;V;
02/08/2015;17:00;13;001272;805;Torino - Rebaudengo;04;Biossido di azoto (NO2);23;microgrammi / metro cubo;23.0;V;
02/08/2015;18:00;13;001272;805;Torino - Rebaudengo;04;Biossido di azoto (NO2);23;microgrammi / metro cubo;23.0;V;
02/08/2015;19:00;13;001272;805;Torino - Rebaudengo;04;Biossido di azoto (NO2);23;microgrammi / metro cubo;27.0;V;
02/08/2015;20:00;13;001272;805;Torino - Rebaudengo;04;Biossido di azoto (NO2);23;microgrammi / metro cubo;20.0;V;
02/08/2015;21:00;13;001272;805;Torino - Rebaudengo;04;Biossido di azoto (NO2);23;microgrammi / metro cubo;32.0;V;
02/08/2015;22:00;13;001272;805;Torino - Rebaudengo;04;Biossido di azoto (NO2);23;microgrammi / metro cubo;38.0;V;
02/08/2015;23:00;13;001272;805;Torino - Rebaudengo;04;Biossido di azoto (NO2);23;microgrammi / metro cubo;39.0;V;
02/08/2015;23:59;13;001272;805;Torino - Rebaudengo;04;Biossido di azoto (NO2);23;microgrammi / metro cubo;45.0;V;
03/08/2015;01:00;13;001272;805;Torino - Rebaudengo;04;Biossido di azoto (NO2);23;microgrammi / metro cubo;28.0;V;
03/08/2015;02:00;13;001272;805;Torino - Rebaudengo;04;Biossido di azoto (NO2);23;microgrammi / metro cubo;25.0;V;
03/08/2015;03:00;13;001272;805;Torino - Rebaudengo;04;Biossido di azoto (NO2);23;microgrammi / metro cubo;25.0;V;
03/08/2015;04:00;13;001272;805;Torino - Rebaudengo;04;Biossido di azoto (NO2);23;microgrammi / metro cubo;28.0;V;
03/08/2015;05:00;13;001272;805;Torino - Rebaudengo;04;Biossido di azoto (NO2);23;microgrammi / metro cubo;40.0;V;
03/08/2015;06:00;13;001272;805;Torino - Rebaudengo;04;Biossido di azoto (NO2);23;microgrammi / metro cubo;54.0;V;
03/08/2015;07:00;13;001272;805;Torino - Rebaudengo;04;Biossido di azoto (NO2);23;microgrammi / metro cubo;50.0;V;
03/08/2015;08:00;13;001272;805;Torino - Rebaudengo;04;Biossido di azoto (NO2);23;microgrammi / metro cubo;68.0;V;
03/08/2015;09:00;13;001272;805;Torino - Rebaudengo;04;Biossido di azoto (NO2);23;microgrammi / metro cubo;64.0;V;
03/08/2015;10:00;13;001272;805;Torino - Rebaudengo;04;Biossido di azoto (NO2);23;microgrammi / metro cubo;60.0;V;
03/08/2015;11:00;13;001272;805;Torino - Rebaudengo;04;Biossido di azoto (NO2);23;microgrammi / metro cubo;47.0;V;
03/08/2015;12:00;13;001272;805;Torino - Rebaudengo;04;Biossido di azoto (NO2);23;microgrammi / metro cubo;41.0;V;
03/08/2015;13:00;13;001272;805;Torino - Rebaudengo;04;Biossido di azoto (NO2);23;microgrammi / metro cubo;26.0;V;
03/08/2015;14:00;13;001272;805;Torino - Rebaudengo;04;Biossido di azoto (NO2);23;microgrammi / metro cubo;46.0;V;
03/08/2015;15:00;13;001272;805;Torino - Rebaudengo;04;Biossido di azoto (NO2);23;microgrammi / metro cubo;48.0;V;
03/08/2015;16:00;13;001272;805;Torino - Rebaudengo;04;Biossido di azoto (NO2);23;microgrammi / metro cubo;47.0;V;
03/08/2015;17:00;13;001272;805;Torino - Rebaudengo;04;Biossido di azoto (NO2);23;microgrammi / metro cubo;46.0;V;
03/08/2015;18:00;13;001272;805;Torino - Rebaudengo;04;Biossido di azoto (NO2);23;microgrammi / metro cubo;38.0;V;
03/08/2015;19:00;13;001272;805;Torino - Rebaudengo;04;Biossido di azoto (NO2);23;microgrammi / metro cubo;38.0;V;
03/08/2015;20:00;13;001272;805;Torino - Rebaudengo;04;Biossido di azoto (NO2);23;microgrammi / metro cubo;32.0;V;
03/08/2015;21:00;13;001272;805;Torino - Rebaudengo;04;Biossido di azoto (NO2);23;microgrammi / metro cubo;38.0;V;
03/08/2015;22:00;13;001272;805;Torino - Rebaudengo;04;Biossido di azoto (NO2);23;microgrammi / metro cubo;36.0;V;
03/08/2015;23:00;13;001272;805;Torino - Rebaudengo;04;Biossido di azoto (NO2);23;microgrammi / metro cubo;41.0;V;
03/08/2015;23:59;13;001272;805;Torino - Rebaudengo;04;Biossido di azoto (NO2);23;microgrammi / metro cubo;35.0;V;
04/08/2015;01:00;13;001272;805;Torino - Rebaudengo;04;Biossido di azoto (NO2);23;microgrammi / metro cubo;30.0;V;
04/08/2015;02:00;13;001272;805;Torino - Rebaudengo;04;Biossido di azoto (NO2);23;microgrammi / metro cubo;33.0;V;
04/08/2015;03:00;13;001272;805;Torino - Rebaudengo;04;Biossido di azoto (NO2);23;microgrammi / metro cubo;25.0;V;
04/08/2015;04:00;13;001272;805;Torino - Rebaudengo;04;Biossido di azoto (NO2);23;microgrammi / metro cubo;26.0;V;
04/08/2015;05:00;13;001272;805;Torino - Rebaudengo;04;Biossido di azoto (NO2);23;microgrammi / metro cubo;37.0;V;
04/08/2015;06:00;13;001272;805;Torino - Rebaudengo;04;Biossido di azoto (NO2);23;microgrammi / metro cubo;48.0;V;
04/08/2015;07:00;13;001272;805;Torino - Rebaudengo;04;Biossido di azoto (NO2);23;microgrammi / metro cubo;62.0;V;
04/08/2015;08:00;13;001272;805;Torino - Rebaudengo;04;Biossido di azoto (NO2);23;microgrammi / metro cubo;76.0;V;
04/08/2015;09:00;13;001272;805;Torino - Rebaudengo;04;Biossido di azoto (NO2);23;microgrammi / metro cubo;69.0;V;
04/08/2015;10:00;13;001272;805;Torino - Rebaudengo;04;Biossido di azoto (NO2);23;microgrammi / metro cubo;64.0;V;
04/08/2015;11:00;13;001272;805;Torino - Rebaudengo;04;Biossido di azoto (NO2);23;microgrammi / metro cubo;70.0;V;
04/08/2015;12:00;13;001272;805;Torino - Rebaudengo;04;Biossido di azoto (NO2);23;microgrammi / metro cubo;57.0;V;
04/08/2015;13:00;13;001272;805;Torino - Rebaudengo;04;Biossido di azoto (NO2);23;microgrammi / metro cubo;65.0;V;
04/08/2015;14:00;13;001272;805;Torino - Rebaudengo;04;Biossido di azoto (NO2);23;microgrammi / metro cubo;74.0;V;
04/08/2015;15:00;13;001272;805;Torino - Rebaudengo;04;Biossido di azoto (NO2);23;microgrammi / metro cubo;61.0;V;
04/08/2015;16:00;13;001272;805;Torino - Rebaudengo;04;Biossido di azoto (NO2);23;microgrammi / metro cubo;59.0;V;
04/08/2015;17:00;13;001272;805;Torino - Rebaudengo;04;Biossido di azoto (NO2);23;microgrammi / metro cubo;61.0;V;
04/08/2015;18:00;13;001272;805;Torino - Rebaudengo;04;Biossido di azoto (NO2);23;microgrammi / metro cubo;73.0;V;
04/08/2015;19:00;13;001272;805;Torino - Rebaudengo;04;Biossido di azoto (NO2);23;microgrammi / metro cubo;43.0;V;
04/08/2015;20:00;13;001272;805;Torino - Rebaudengo;04;Biossido di azoto (NO2);23;microgrammi / metro cubo;37.0;V;
04/08/2015;21:00;13;001272;805;Torino - Rebaudengo;04;Biossido di azoto (NO2);23;microgrammi / metro cubo;43.0;V;
04/08/2015;22:00;13;001272;805;Torino - Rebaudengo;04;Biossido di azoto (NO2);23;microgrammi / metro cubo;53.0;V;
04/08/2015;23:00;13;001272;805;Torino - Rebaudengo;04;Biossido di azoto (NO2);23;microgrammi / metro cubo;35.0;V;
04/08/2015;23:59;13;001272;805;Torino - Rebaudengo;04;Biossido di azoto (NO2);23;microgrammi / metro cubo;45.0;V;
05/08/2015;01:00;13;001272;805;Torino - Rebaudengo;04;Biossido di azoto (NO2);23;microgrammi / metro cubo;46.0;V;
05/08/2015;02:00;13;001272;805;Torino - Rebaudengo;04;Biossido di azoto (NO2);23;microgrammi / metro cubo;48.0;V;
05/08/2015;03:00;13;001272;805;Torino - Rebaudengo;04;Biossido di azoto (NO2);23;microgrammi / metro cubo;40.0;V;
05/08/2015;04:00;13;001272;805;Torino - Rebaudengo;04;Biossido di azoto (NO2);23;microgrammi / metro cubo;34.0;V;
05/08/2015;05:00;13;001272;805;Torino - Rebaudengo;04;Biossido di azoto (NO2);23;microgrammi / metro cubo;42.0;V;
05/08/2015;06:00;13;001272;805;Torino - Rebaudengo;04;Biossido di azoto (NO2);23;microgrammi / metro cubo;53.0;V;
05/08/2015;07:00;13;001272;805;Torino - Rebaudengo;04;Biossido di azoto (NO2);23;microgrammi / metro cubo;69.0;V;
05/08/2015;08:00;13;001272;805;Torino - Rebaudengo;04;Biossido di azoto (NO2);23;microgrammi / metro cubo;63.0;V;
05/08/2015;09:00;13;001272;805;Torino - Rebaudengo;04;Biossido di azoto (NO2);23;microgrammi / metro cubo;57.0;V;
05/08/2015;10:00;13;001272;805;Torino - Rebaudengo;04;Biossido di azoto (NO2);23;microgrammi / metro cubo;57.0;V;
05/08/2015;11:00;13;001272;805;Torino - Rebaudengo;04;Biossido di azoto (NO2);23;microgrammi / metro cubo;43.0;V;
05/08/2015;12:00;13;001272;805;Torino - Rebaudengo;04;Biossido di azoto (NO2);23;microgrammi / metro cubo;42.0;V;
05/08/2015;13:00;13;001272;805;Torino - Rebaudengo;04;Biossido di azoto (NO2);23;microgrammi / metro cubo;38.0;V;
05/08/2015;14:00;13;001272;805;Torino - Rebaudengo;04;Biossido di azoto (NO2);23;microgrammi / metro cubo;33.0;V;
05/08/2015;15:00;13;001272;805;Torino - Rebaudengo;04;Biossido di azoto (NO2);23;microgrammi / metro cubo;41.0;V;
05/08/2015;16:00;13;001272;805;Torino - Rebaudengo;04;Biossido di azoto (NO2);23;microgrammi / metro cubo;47.0;V;
05/08/2015;17:00;13;001272;805;Torino - Rebaudengo;04;Biossido di azoto (NO2);23;microgrammi / metro cubo;62.0;V;
05/08/2015;18:00;13;001272;805;Torino - Rebaudengo;04;Biossido di azoto (NO2);23;microgrammi / metro cubo;44.0;V;
05/08/2015;19:00;13;001272;805;Torino - Rebaudengo;04;Biossido di azoto (NO2);23;microgrammi / metro cubo;39.0;V;
05/08/2015;20:00;13;001272;805;Torino - Rebaudengo;04;Biossido di azoto (NO2);23;microgrammi / metro cubo;31.0;V;
05/08/2015;21:00;13;001272;805;Torino - Rebaudengo;04;Biossido di azoto (NO2);23;microgrammi / metro cubo;55.0;V;
05/08/2015;22:00;13;001272;805;Torino - Rebaudengo;04;Biossido di azoto (NO2);23;microgrammi / metro cubo;52.0;V;
05/08/2015;23:00;13;001272;805;Torino - Rebaudengo;04;Biossido di azoto (NO2);23;microgrammi / metro cubo;49.0;V;
05/08/2015;23:59;13;001272;805;Torino - Rebaudengo;04;Biossido di azoto (NO2);23;microgrammi / metro cubo;42.0;V;
06/08/2015;01:00;13;001272;805;Torino - Rebaudengo;04;Biossido di azoto (NO2);23;microgrammi / metro cubo;32.0;V;
06/08/2015;02:00;13;001272;805;Torino - Rebaudengo;04;Biossido di azoto (NO2);23;microgrammi / metro cubo;35.0;V;
06/08/2015;03:00;13;001272;805;Torino - Rebaudengo;04;Biossido di azoto (NO2);23;microgrammi / metro cubo;32.0;V;
06/08/2015;04:00;13;001272;805;Torino - Rebaudengo;04;Biossido di azoto (NO2);23;microgrammi / metro cubo;28.0;V;
06/08/2015;05:00;13;001272;805;Torino - Rebaudengo;04;Biossido di azoto (NO2);23;microgrammi / metro cubo;48.0;V;
06/08/2015;06:00;13;001272;805;Torino - Rebaudengo;04;Biossido di azoto (NO2);23;microgrammi / metro cubo;57.0;V;
06/08/2015;07:00;13;001272;805;Torino - Rebaudengo;04;Biossido di azoto (NO2);23;microgrammi / metro cubo;71.0;V;
06/08/2015;08:00;13;001272;805;Torino - Rebaudengo;04;Biossido di azoto (NO2);23;microgrammi / metro cubo;70.0;V;
06/08/2015;09:00;13;001272;805;Torino - Rebaudengo;04;Biossido di azoto (NO2);23;microgrammi / metro cubo;84.0;V;
06/08/2015;10:00;13;001272;805;Torino - Rebaudengo;04;Biossido di azoto (NO2);23;microgrammi / metro cubo;56.0;V;
06/08/2015;11:00;13;001272;805;Torino - Rebaudengo;04;Biossido di azoto (NO2);23;microgrammi / metro cubo;54.0;V;
06/08/2015;12:00;13;001272;805;Torino - Rebaudengo;04;Biossido di azoto (NO2);23;microgrammi / metro cubo;36.0;V;
06/08/2015;13:00;13;001272;805;Torino - Rebaudengo;04;Biossido di azoto (NO2);23;microgrammi / metro cubo;74.0;V;
06/08/2015;14:00;13;001272;805;Torino - Rebaudengo;04;Biossido di azoto (NO2);23;microgrammi / metro cubo;68.0;V;
06/08/2015;15:00;13;001272;805;Torino - Rebaudengo;04;Biossido di azoto (NO2);23;microgrammi / metro cubo;49.0;V;
06/08/2015;16:00;13;001272;805;Torino - Rebaudengo;04;Biossido di azoto (NO2);23;microgrammi / metro cubo;59.0;V;
06/08/2015;17:00;13;001272;805;Torino - Rebaudengo;04;Biossido di azoto (NO2);23;microgrammi / metro cubo;35.0;V;
06/08/2015;18:00;13;001272;805;Torino - Rebaudengo;04;Biossido di azoto (NO2);23;microgrammi / metro cubo;38.0;V;
06/08/2015;19:00;13;001272;805;Torino - Rebaudengo;04;Biossido di azoto (NO2);23;microgrammi / metro cubo;44.0;V;
06/08/2015;20:00;13;001272;805;Torino - Rebaudengo;04;Biossido di azoto (NO2);23;microgrammi / metro cubo;42.0;V;
06/08/2015;21:00;13;001272;805;Torino - Rebaudengo;04;Biossido di azoto (NO2);23;microgrammi / metro cubo;49.0;V;
06/08/2015;22:00;13;001272;805;Torino - Rebaudengo;04;Biossido di azoto (NO2);23;microgrammi / metro cubo;43.0;V;
06/08/2015;23:00;13;001272;805;Torino - Rebaudengo;04;Biossido di azoto (NO2);23;microgrammi / metro cubo;35.0;V;
06/08/2015;23:59;13;001272;805;Torino - Rebaudengo;04;Biossido di azoto (NO2);23;microgrammi / metro cubo;42.0;V;
07/08/2015;01:00;13;001272;805;Torino - Rebaudengo;04;Biossido di azoto (NO2);23;microgrammi / metro cubo;26.0;V;
07/08/2015;02:00;13;001272;805;Torino - Rebaudengo;04;Biossido di azoto (NO2);23;microgrammi / metro cubo;24.0;V;
07/08/2015;03:00;13;001272;805;Torino - Rebaudengo;04;Biossido di azoto (NO2);23;microgrammi / metro cubo;31.0;V;
07/08/2015;04:00;13;001272;805;Torino - Rebaudengo;04;Biossido di azoto (NO2);23;microgrammi / metro cubo;44.0;V;
07/08/2015;05:00;13;001272;805;Torino - Rebaudengo;04;Biossido di azoto (NO2);23;microgrammi / metro cubo;49.0;V;
07/08/2015;06:00;13;001272;805;Torino - Rebaudengo;04;Biossido di azoto (NO2);23;microgrammi / metro cubo;62.0;V;
07/08/2015;07:00;13;001272;805;Torino - Rebaudengo;04;Biossido di azoto (NO2);23;microgrammi / metro cubo;68.0;V;
07/08/2015;08:00;13;001272;805;Torino - Rebaudengo;04;Biossido di azoto (NO2);23;microgrammi / metro cubo;81.0;V;
07/08/2015;09:00;13;001272;805;Torino - Rebaudengo;04;Biossido di azoto (NO2);23;microgrammi / metro cubo;91.0;V;
07/08/2015;10:00;13;001272;805;Torino - Rebaudengo;04;Biossido di azoto (NO2);23;microgrammi / metro cubo;92.0;V;
07/08/2015;11:00;13;001272;805;Torino - Rebaudengo;04;Biossido di azoto (NO2);23;microgrammi / metro cubo;69.0;V;
07/08/2015;12:00;13;001272;805;Torino - Rebaudengo;04;Biossido di azoto (NO2);23;microgrammi / metro cubo;52.0;V;
07/08/2015;13:00;13;001272;805;Torino - Rebaudengo;04;Biossido di azoto (NO2);23;microgrammi / metro cubo;37.0;V;
07/08/2015;14:00;13;001272;805;Torino - Rebaudengo;04;Biossido di azoto (NO2);23;microgrammi / metro cubo;49.0;V;
07/08/2015;15:00;13;001272;805;Torino - Rebaudengo;04;Biossido di azoto (NO2);23;microgrammi / metro cubo;45.0;V;
07/08/2015;16:00;13;001272;805;Torino - Rebaudengo;04;Biossido di azoto (NO2);23;microgrammi / metro cubo;55.0;V;
07/08/2015;17:00;13;001272;805;Torino - Rebaudengo;04;Biossido di azoto (NO2);23;microgrammi / metro cubo;51.0;V;
07/08/2015;18:00;13;001272;805;Torino - Rebaudengo;04;Biossido di azoto (NO2);23;microgrammi / metro cubo;62.0;V;
07/08/2015;19:00;13;001272;805;Torino - Rebaudengo;04;Biossido di azoto (NO2);23;microgrammi / metro cubo;39.0;V;
07/08/2015;20:00;13;001272;805;Torino - Rebaudengo;04;Biossido di azoto (NO2);23;microgrammi / metro cubo;44.0;V;
07/08/2015;21:00;13;001272;805;Torino - Rebaudengo;04;Biossido di azoto (NO2);23;microgrammi / metro cubo;63.0;V;
07/08/2015;22:00;13;001272;805;Torino - Rebaudengo;04;Biossido di azoto (NO2);23;microgrammi / metro cubo;48.0;V;
07/08/2015;23:00;13;001272;805;Torino - Rebaudengo;04;Biossido di azoto (NO2);23;microgrammi / metro cubo;44.0;V;
07/08/2015;23:59;13;001272;805;Torino - Rebaudengo;04;Biossido di azoto (NO2);23;microgrammi / metro cubo;38.0;V;
08/08/2015;01:00;13;001272;805;Torino - Rebaudengo;04;Biossido di azoto (NO2);23;microgrammi / metro cubo;38.0;V;
08/08/2015;02:00;13;001272;805;Torino - Rebaudengo;04;Biossido di azoto (NO2);23;microgrammi / metro cubo;28.0;V;
08/08/2015;03:00;13;001272;805;Torino - Rebaudengo;04;Biossido di azoto (NO2);23;microgrammi / metro cubo;37.0;V;
08/08/2015;04:00;13;001272;805;Torino - Rebaudengo;04;Biossido di azoto (NO2);23;microgrammi / metro cubo;30.0;V;
08/08/2015;05:00;13;001272;805;Torino - Rebaudengo;04;Biossido di azoto (NO2);23;microgrammi / metro cubo;35.0;V;
08/08/2015;06:00;13;001272;805;Torino - Rebaudengo;04;Biossido di azoto (NO2);23;microgrammi / metro cubo;38.0;V;
08/08/2015;07:00;13;001272;805;Torino - Rebaudengo;04;Biossido di azoto (NO2);23;microgrammi / metro cubo;41.0;V;
08/08/2015;08:00;13;001272;805;Torino - Rebaudengo;04;Biossido di azoto (NO2);23;microgrammi / metro cubo;60.0;V;
08/08/2015;09:00;13;001272;805;Torino - Rebaudengo;04;Biossido di azoto (NO2);23;microgrammi / metro cubo;71.0;V;
08/08/2015;10:00;13;001272;805;Torino - Rebaudengo;04;Biossido di azoto (NO2);23;microgrammi / metro cubo;52.0;V;
08/08/2015;11:00;13;001272;805;Torino - Rebaudengo;04;Biossido di azoto (NO2);23;microgrammi / metro cubo;39.0;V;
08/08/2015;12:00;13;001272;805;Torino - Rebaudengo;04;Biossido di azoto (NO2);23;microgrammi / metro cubo;38.0;V;
08/08/2015;13:00;13;001272;805;Torino - Rebaudengo;04;Biossido di azoto (NO2);23;microgrammi / metro cubo;43.0;V;
08/08/2015;14:00;13;001272;805;Torino - Rebaudengo;04;Biossido di azoto (NO2);23;microgrammi / metro cubo;32.0;V;
08/08/2015;15:00;13;001272;805;Torino - Rebaudengo;04;Biossido di azoto (NO2);23;microgrammi / metro cubo;35.0;V;
08/08/2015;16:00;13;001272;805;Torino - Rebaudengo;04;Biossido di azoto (NO2);23;microgrammi / metro cubo;36.0;V;
08/08/2015;17:00;13;001272;805;Torino - Rebaudengo;04;Biossido di azoto (NO2);23;microgrammi / metro cubo;32.0;V;
08/08/2015;18:00;13;001272;805;Torino - Rebaudengo;04;Biossido di azoto (NO2);23;microgrammi / metro cubo;43.0;V;
08/08/2015;19:00;13;001272;805;Torino - Rebaudengo;04;Biossido di azoto (NO2);23;microgrammi / metro cubo;30.0;V;
08/08/2015;20:00;13;001272;805;Torino - Rebaudengo;04;Biossido di azoto (NO2);23;microgrammi / metro cubo;38.0;V;
08/08/2015;21:00;13;001272;805;Torino - Rebaudengo;04;Biossido di azoto (NO2);23;microgrammi / metro cubo;38.0;V;
08/08/2015;22:00;13;001272;805;Torino - Rebaudengo;04;Biossido di azoto (NO2);23;microgrammi / metro cubo;23.0;V;
08/08/2015;23:00;13;001272;805;Torino - Rebaudengo;04;Biossido di azoto (NO2);23;microgrammi / metro cubo;15.0;V;
08/08/2015;23:59;13;001272;805;Torino - Rebaudengo;04;Biossido di azoto (NO2);23;microgrammi / metro cubo;26.0;V;
09/08/2015;01:00;13;001272;805;Torino - Rebaudengo;04;Biossido di azoto (NO2);23;microgrammi / metro cubo;18.0;V;
09/08/2015;02:00;13;001272;805;Torino - Rebaudengo;04;Biossido di azoto (NO2);23;microgrammi / metro cubo;15.0;V;
09/08/2015;03:00;13;001272;805;Torino - Rebaudengo;04;Biossido di azoto (NO2);23;microgrammi / metro cubo;14.0;V;
09/08/2015;04:00;13;001272;805;Torino - Rebaudengo;04;Biossido di azoto (NO2);23;microgrammi / metro cubo;14.0;V;
09/08/2015;05:00;13;001272;805;Torino - Rebaudengo;04;Biossido di azoto (NO2);23;microgrammi / metro cubo;16.0;V;
09/08/2015;06:00;13;001272;805;Torino - Rebaudengo;04;Biossido di azoto (NO2);23;microgrammi / metro cubo;19.0;V;
09/08/2015;07:00;13;001272;805;Torino - Rebaudengo;04;Biossido di azoto (NO2);23;microgrammi / metro cubo;35.0;V;
09/08/2015;08:00;13;001272;805;Torino - Rebaudengo;04;Biossido di azoto (NO2);23;microgrammi / metro cubo;28.0;V;
09/08/2015;09:00;13;001272;805;Torino - Rebaudengo;04;Biossido di azoto (NO2);23;microgrammi / metro cubo;24.0;V;
09/08/2015;10:00;13;001272;805;Torino - Rebaudengo;04;Biossido di azoto (NO2);23;microgrammi / metro cubo;22.0;V;
09/08/2015;11:00;13;001272;805;Torino - Rebaudengo;04;Biossido di azoto (NO2);23;microgrammi / metro cubo;21.0;V;
09/08/2015;12:00;13;001272;805;Torino - Rebaudengo;04;Biossido di azoto (NO2);23;microgrammi / metro cubo;24.0;V;
09/08/2015;13:00;13;001272;805;Torino - Rebaudengo;04;Biossido di azoto (NO2);23;microgrammi / metro cubo;22.0;V;
09/08/2015;14:00;13;001272;805;Torino - Rebaudengo;04;Biossido di azoto (NO2);23;microgrammi / metro cubo;24.0;V;
09/08/2015;15:00;13;001272;805;Torino - Rebaudengo;04;Biossido di azoto (NO2);23;microgrammi / metro cubo;26.0;V;
09/08/2015;16:00;13;001272;805;Torino - Rebaudengo;04;Biossido di azoto (NO2);23;microgrammi / metro cubo;33.0;V;
09/08/2015;17:00;13;001272;805;Torino - Rebaudengo;04;Biossido di azoto (NO2);23;microgrammi / metro cubo;61.0;V;
09/08/2015;18:00;13;001272;805;Torino - Rebaudengo;04;Biossido di azoto (NO2);23;microgrammi / metro cubo;61.0;V;
09/08/2015;19:00;13;001272;805;Torino - Rebaudengo;04;Biossido di azoto (NO2);23;microgrammi / metro cubo;54.0;V;
09/08/2015;20:00;13;001272;805;Torino - Rebaudengo;04;Biossido di azoto (NO2);23;microgrammi / metro cubo;47.0;V;
09/08/2015;21:00;13;001272;805;Torino - Rebaudengo;04;Biossido di azoto (NO2);23;microgrammi / metro cubo;32.0;V;
09/08/2015;22:00;13;001272;805;Torino - Rebaudengo;04;Biossido di azoto (NO2);23;microgrammi / metro cubo;23.0;V;
09/08/2015;23:00;13;001272;805;Torino - Rebaudengo;04;Biossido di azoto (NO2);23;microgrammi / metro cubo;25.0;V;
09/08/2015;23:59;13;001272;805;Torino - Rebaudengo;04;Biossido di azoto (NO2);23;microgrammi / metro cubo;23.0;V;
10/08/2015;01:00;13;001272;805;Torino - Rebaudengo;04;Biossido di azoto (NO2);23;microgrammi / metro cubo;23.0;V;
10/08/2015;02:00;13;001272;805;Torino - Rebaudengo;04;Biossido di azoto (NO2);23;microgrammi / metro cubo;16.0;V;
10/08/2015;03:00;13;001272;805;Torino - Rebaudengo;04;Biossido di azoto (NO2);23;microgrammi / metro cubo;10.0;V;
10/08/2015;04:00;13;001272;805;Torino - Rebaudengo;04;Biossido di azoto (NO2);23;microgrammi / metro cubo;11.0;V;
10/08/2015;05:00;13;001272;805;Torino - Rebaudengo;04;Biossido di azoto (NO2);23;microgrammi / metro cubo;28.0;V;
10/08/2015;06:00;13;001272;805;Torino - Rebaudengo;04;Biossido di azoto (NO2);23;microgrammi / metro cubo;29.0;V;
10/08/2015;07:00;13;001272;805;Torino - Rebaudengo;04;Biossido di azoto (NO2);23;microgrammi / metro cubo;51.0;V;
10/08/2015;08:00;13;001272;805;Torino - Rebaudengo;04;Biossido di azoto (NO2);23;microgrammi / metro cubo;57.0;V;
10/08/2015;09:00;13;001272;805;Torino - Rebaudengo;04;Biossido di azoto (NO2);23;microgrammi / metro cubo;47.0;V;
10/08/2015;10:00;13;001272;805;Torino - Rebaudengo;04;Biossido di azoto (NO2);23;microgrammi / metro cubo;35.0;V;
10/08/2015;11:00;13;001272;805;Torino - Rebaudengo;04;Biossido di azoto (NO2);23;microgrammi / metro cubo;28.0;V;
10/08/2015;12:00;13;001272;805;Torino - Rebaudengo;04;Biossido di azoto (NO2);23;microgrammi / metro cubo;26.0;V;
10/08/2015;13:00;13;001272;805;Torino - Rebaudengo;04;Biossido di azoto (NO2);23;microgrammi / metro cubo;21.0;V;
10/08/2015;14:00;13;001272;805;Torino - Rebaudengo;04;Biossido di azoto (NO2);23;microgrammi / metro cubo;28.0;V;
10/08/2015;15:00;13;001272;805;Torino - Rebaudengo;04;Biossido di azoto (NO2);23;microgrammi / metro cubo;24.0;V;
10/08/2015;16:00;13;001272;805;Torino - Rebaudengo;04;Biossido di azoto (NO2);23;microgrammi / metro cubo;29.0;V;
10/08/2015;17:00;13;001272;805;Torino - Rebaudengo;04;Biossido di azoto (NO2);23;microgrammi / metro cubo;32.0;V;
10/08/2015;18:00;13;001272;805;Torino - Rebaudengo;04;Biossido di azoto (NO2);23;microgrammi / metro cubo;23.0;V;
10/08/2015;19:00;13;001272;805;Torino - Rebaudengo;04;Biossido di azoto (NO2);23;microgrammi / metro cubo;33.0;V;
10/08/2015;20:00;13;001272;805;Torino - Rebaudengo;04;Biossido di azoto (NO2);23;microgrammi / metro cubo;34.0;V;
10/08/2015;21:00;13;001272;805;Torino - Rebaudengo;04;Biossido di azoto (NO2);23;microgrammi / metro cubo;78.0;V;
10/08/2015;22:00;13;001272;805;Torino - Rebaudengo;04;Biossido di azoto (NO2);23;microgrammi / metro cubo;59.0;V;
10/08/2015;23:00;13;001272;805;Torino - Rebaudengo;04;Biossido di azoto (NO2);23;microgrammi / metro cubo;51.0;V;
10/08/2015;23:59;13;001272;805;Torino - Rebaudengo;04;Biossido di azoto (NO2);23;microgrammi / metro cubo;47.0;V;
11/08/2015;01:00;13;001272;805;Torino - Rebaudengo;04;Biossido di azoto (NO2);23;microgrammi / metro cubo;32.0;V;
11/08/2015;02:00;13;001272;805;Torino - Rebaudengo;04;Biossido di azoto (NO2);23;microgrammi / metro cubo;24.0;V;
11/08/2015;03:00;13;001272;805;Torino - Rebaudengo;04;Biossido di azoto (NO2);23;microgrammi / metro cubo;20.0;V;
11/08/2015;04:00;13;001272;805;Torino - Rebaudengo;04;Biossido di azoto (NO2);23;microgrammi / metro cubo;29.0;V;
11/08/2015;05:00;13;001272;805;Torino - Rebaudengo;04;Biossido di azoto (NO2);23;microgrammi / metro cubo;35.0;V;
11/08/2015;06:00;13;001272;805;Torino - Rebaudengo;04;Biossido di azoto (NO2);23;microgrammi / metro cubo;56.0;V;
11/08/2015;07:00;13;001272;805;Torino - Rebaudengo;04;Biossido di azoto (NO2);23;microgrammi / metro cubo;50.0;V;
11/08/2015;08:00;13;001272;805;Torino - Rebaudengo;04;Biossido di azoto (NO2);23;microgrammi / metro cubo;58.0;V;
11/08/2015;09:00;13;001272;805;Torino - Rebaudengo;04;Biossido di azoto (NO2);23;microgrammi / metro cubo;53.0;V;
11/08/2015;10:00;13;001272;805;Torino - Rebaudengo;04;Biossido di azoto (NO2);23;microgrammi / metro cubo;58.0;V;
11/08/2015;11:00;13;001272;805;Torino - Rebaudengo;04;Biossido di azoto (NO2);23;microgrammi / metro cubo;47.0;V;
11/08/2015;12:00;13;001272;805;Torino - Rebaudengo;04;Biossido di azoto (NO2);23;microgrammi / metro cubo;38.0;V;
11/08/2015;13:00;13;001272;805;Torino - Rebaudengo;04;Biossido di azoto (NO2);23;microgrammi / metro cubo;29.0;V;
11/08/2015;14:00;13;001272;805;Torino - Rebaudengo;04;Biossido di azoto (NO2);23;microgrammi / metro cubo;35.0;V;
11/08/2015;15:00;13;001272;805;Torino - Rebaudengo;04;Biossido di azoto (NO2);23;microgrammi / metro cubo;37.0;V;
11/08/2015;16:00;13;001272;805;Torino - Rebaudengo;04;Biossido di azoto (NO2);23;microgrammi / metro cubo;53.0;V;
11/08/2015;17:00;13;001272;805;Torino - Rebaudengo;04;Biossido di azoto (NO2);23;microgrammi / metro cubo;44.0;V;
11/08/2015;18:00;13;001272;805;Torino - Rebaudengo;04;Biossido di azoto (NO2);23;microgrammi / metro cubo;61.0;V;
11/08/2015;19:00;13;001272;805;Torino - Rebaudengo;04;Biossido di azoto (NO2);23;microgrammi / metro cubo;58.0;V;
11/08/2015;20:00;13;001272;805;Torino - Rebaudengo;04;Biossido di azoto (NO2);23;microgrammi / metro cubo;56.0;V;
11/08/2015;21:00;13;001272;805;Torino - Rebaudengo;04;Biossido di azoto (NO2);23;microgrammi / metro cubo;47.0;V;
11/08/2015;22:00;13;001272;805;Torino - Rebaudengo;04;Biossido di azoto (NO2);23;microgrammi / metro cubo;38.0;V;
11/08/2015;23:00;13;001272;805;Torino - Rebaudengo;04;Biossido di azoto (NO2);23;microgrammi / metro cubo;41.0;V;
11/08/2015;23:59;13;001272;805;Torino - Rebaudengo;04;Biossido di azoto (NO2);23;microgrammi / metro cubo;38.0;V;
12/08/2015;01:00;13;001272;805;Torino - Rebaudengo;04;Biossido di azoto (NO2);23;microgrammi / metro cubo;26.0;V;
12/08/2015;02:00;13;001272;805;Torino - Rebaudengo;04;Biossido di azoto (NO2);23;microgrammi / metro cubo;40.0;V;
12/08/2015;03:00;13;001272;805;Torino - Rebaudengo;04;Biossido di azoto (NO2);23;microgrammi / metro cubo;36.0;V;
12/08/2015;04:00;13;001272;805;Torino - Rebaudengo;04;Biossido di azoto (NO2);23;microgrammi / metro cubo;36.0;V;
12/08/2015;05:00;13;001272;805;Torino - Rebaudengo;04;Biossido di azoto (NO2);23;microgrammi / metro cubo;50.0;V;
12/08/2015;06:00;13;001272;805;Torino - Rebaudengo;04;Biossido di azoto (NO2);23;microgrammi / metro cubo;62.0;V;
12/08/2015;07:00;13;001272;805;Torino - Rebaudengo;04;Biossido di azoto (NO2);23;microgrammi / metro cubo;56.0;V;
12/08/2015;08:00;13;001272;805;Torino - Rebaudengo;04;Biossido di azoto (NO2);23;microgrammi / metro cubo;73.0;V;
12/08/2015;09:00;13;001272;805;Torino - Rebaudengo;04;Biossido di azoto (NO2);23;microgrammi / metro cubo;74.0;V;
12/08/2015;10:00;13;001272;805;Torino - Rebaudengo;04;Biossido di azoto (NO2);23;microgrammi / metro cubo;70.0;V;
12/08/2015;11:00;13;001272;805;Torino - Rebaudengo;04;Biossido di azoto (NO2);23;microgrammi / metro cubo;62.0;V;
12/08/2015;12:00;13;001272;805;Torino - Rebaudengo;04;Biossido di azoto (NO2);23;microgrammi / metro cubo;54.0;V;
12/08/2015;13:00;13;001272;805;Torino - Rebaudengo;04;Biossido di azoto (NO2);23;microgrammi / metro cubo;42.0;V;
12/08/2015;14:00;13;001272;805;Torino - Rebaudengo;04;Biossido di azoto (NO2);23;microgrammi / metro cubo;51.0;V;
12/08/2015;15:00;13;001272;805;Torino - Rebaudengo;04;Biossido di azoto (NO2);23;microgrammi / metro cubo;44.0;V;
12/08/2015;16:00;13;001272;805;Torino - Rebaudengo;04;Biossido di azoto (NO2);23;microgrammi / metro cubo;52.0;V;
12/08/2015;17:00;13;001272;805;Torino - Rebaudengo;04;Biossido di azoto (NO2);23;microgrammi / metro cubo;56.0;V;
12/08/2015;18:00;13;001272;805;Torino - Rebaudengo;04;Biossido di azoto (NO2);23;microgrammi / metro cubo;54.0;V;
12/08/2015;19:00;13;001272;805;Torino - Rebaudengo;04;Biossido di azoto (NO2);23;microgrammi / metro cubo;60.0;V;
12/08/2015;20:00;13;001272;805;Torino - Rebaudengo;04;Biossido di azoto (NO2);23;microgrammi / metro cubo;67.0;V;
12/08/2015;21:00;13;001272;805;Torino - Rebaudengo;04;Biossido di azoto (NO2);23;microgrammi / metro cubo;78.0;V;
12/08/2015;22:00;13;001272;805;Torino - Rebaudengo;04;Biossido di azoto (NO2);23;microgrammi / metro cubo;52.0;V;
12/08/2015;23:00;13;001272;805;Torino - Rebaudengo;04;Biossido di azoto (NO2);23;microgrammi / metro cubo;38.0;V;
12/08/2015;23:59;13;001272;805;Torino - Rebaudengo;04;Biossido di azoto (NO2);23;microgrammi / metro cubo;41.0;V;
13/08/2015;01:00;13;001272;805;Torino - Rebaudengo;04;Biossido di azoto (NO2);23;microgrammi / metro cubo;29.0;V;
13/08/2015;02:00;13;001272;805;Torino - Rebaudengo;04;Biossido di azoto (NO2);23;microgrammi / metro cubo;25.0;V;
13/08/2015;03:00;13;001272;805;Torino - Rebaudengo;04;Biossido di azoto (NO2);23;microgrammi / metro cubo;22.0;V;
13/08/2015;04:00;13;001272;805;Torino - Rebaudengo;04;Biossido di azoto (NO2);23;microgrammi / metro cubo;23.0;V;
13/08/2015;05:00;13;001272;805;Torino - Rebaudengo;04;Biossido di azoto (NO2);23;microgrammi / metro cubo;29.0;V;
13/08/2015;06:00;13;001272;805;Torino - Rebaudengo;04;Biossido di azoto (NO2);23;microgrammi / metro cubo;59.0;V;
13/08/2015;07:00;13;001272;805;Torino - Rebaudengo;04;Biossido di azoto (NO2);23;microgrammi / metro cubo;62.0;V;
13/08/2015;08:00;13;001272;805;Torino - Rebaudengo;04;Biossido di azoto (NO2);23;microgrammi / metro cubo;82.0;V;
13/08/2015;09:00;13;001272;805;Torino - Rebaudengo;04;Biossido di azoto (NO2);23;microgrammi / metro cubo;72.0;V;
13/08/2015;10:00;13;001272;805;Torino - Rebaudengo;04;Biossido di azoto (NO2);23;microgrammi / metro cubo;74.0;V;
13/08/2015;11:00;13;001272;805;Torino - Rebaudengo;04;Biossido di azoto (NO2);23;microgrammi / metro cubo;52.0;V;
13/08/2015;12:00;13;001272;805;Torino - Rebaudengo;04;Biossido di azoto (NO2);23;microgrammi / metro cubo;45.0;V;
13/08/2015;13:00;13;001272;805;Torino - Rebaudengo;04;Biossido di azoto (NO2);23;microgrammi / metro cubo;40.0;V;
13/08/2015;14:00;13;001272;805;Torino - Rebaudengo;04;Biossido di azoto (NO2);23;microgrammi / metro cubo;29.0;V;
13/08/2015;15:00;13;001272;805;Torino - Rebaudengo;04;Biossido di azoto (NO2);23;microgrammi / metro cubo;40.0;V;
13/08/2015;16:00;13;001272;805;Torino - Rebaudengo;04;Biossido di azoto (NO2);23;microgrammi / metro cubo;29.0;V;
13/08/2015;17:00;13;001272;805;Torino - Rebaudengo;04;Biossido di azoto (NO2);23;microgrammi / metro cubo;32.0;V;
13/08/2015;18:00;13;001272;805;Torino - Rebaudengo;04;Biossido di azoto (NO2);23;microgrammi / metro cubo;38.0;V;
13/08/2015;19:00;13;001272;805;Torino - Rebaudengo;04;Biossido di azoto (NO2);23;microgrammi / metro cubo;19.0;V;
13/08/2015;20:00;13;001272;805;Torino - Rebaudengo;04;Biossido di azoto (NO2);23;microgrammi / metro cubo;39.0;V;
13/08/2015;21:00;13;001272;805;Torino - Rebaudengo;04;Biossido di azoto (NO2);23;microgrammi / metro cubo;25.0;V;
13/08/2015;22:00;13;001272;805;Torino - Rebaudengo;04;Biossido di azoto (NO2);23;microgrammi / metro cubo;32.0;V;
13/08/2015;23:00;13;001272;805;Torino - Rebaudengo;04;Biossido di azoto (NO2);23;microgrammi / metro cubo;29.0;V;
13/08/2015;23:59;13;001272;805;Torino - Rebaudengo;04;Biossido di azoto (NO2);23;microgrammi / metro cubo;25.0;V;
14/08/2015;01:00;13;001272;805;Torino - Rebaudengo;04;Biossido di azoto (NO2);23;microgrammi / metro cubo;23.0;V;
14/08/2015;02:00;13;001272;805;Torino - Rebaudengo;04;Biossido di azoto (NO2);23;microgrammi / metro cubo;24.0;V;
14/08/2015;03:00;13;001272;805;Torino - Rebaudengo;04;Biossido di azoto (NO2);23;microgrammi / metro cubo;19.0;V;
14/08/2015;04:00;13;001272;805;Torino - Rebaudengo;04;Biossido di azoto (NO2);23;microgrammi / metro cubo;20.0;V;
14/08/2015;05:00;13;001272;805;Torino - Rebaudengo;04;Biossido di azoto (NO2);23;microgrammi / metro cubo;29.0;V;
14/08/2015;06:00;13;001272;805;Torino - Rebaudengo;04;Biossido di azoto (NO2);23;microgrammi / metro cubo;43.0;V;
14/08/2015;07:00;13;001272;805;Torino - Rebaudengo;04;Biossido di azoto (NO2);23;microgrammi / metro cubo;71.0;V;
14/08/2015;08:00;13;001272;805;Torino - Rebaudengo;04;Biossido di azoto (NO2);23;microgrammi / metro cubo;62.0;V;
14/08/2015;09:00;13;001272;805;Torino - Rebaudengo;04;Biossido di azoto (NO2);23;microgrammi / metro cubo;52.0;V;
14/08/2015;10:00;13;001272;805;Torino - Rebaudengo;04;Biossido di azoto (NO2);23;microgrammi / metro cubo;47.0;V;
14/08/2015;11:00;13;001272;805;Torino - Rebaudengo;04;Biossido di azoto (NO2);23;microgrammi / metro cubo;33.0;V;
14/08/2015;12:00;13;001272;805;Torino - Rebaudengo;04;Biossido di azoto (NO2);23;microgrammi / metro cubo;27.0;V;
14/08/2015;13:00;13;001272;805;Torino - Rebaudengo;04;Biossido di azoto (NO2);23;microgrammi / metro cubo;23.0;V;
14/08/2015;14:00;13;001272;805;Torino - Rebaudengo;04;Biossido di azoto (NO2);23;microgrammi / metro cubo;24.0;V;
14/08/2015;15:00;13;001272;805;Torino - Rebaudengo;04;Biossido di azoto (NO2);23;microgrammi / metro cubo;19.0;V;
14/08/2015;16:00;13;001272;805;Torino - Rebaudengo;04;Biossido di azoto (NO2);23;microgrammi / metro cubo;21.0;V;
14/08/2015;17:00;13;001272;805;Torino - Rebaudengo;04;Biossido di azoto (NO2);23;microgrammi / metro cubo;28.0;V;
14/08/2015;18:00;13;001272;805;Torino - Rebaudengo;04;Biossido di azoto (NO2);23;microgrammi / metro cubo;38.0;V;
14/08/2015;19:00;13;001272;805;Torino - Rebaudengo;04;Biossido di azoto (NO2);23;microgrammi / metro cubo;34.0;V;
14/08/2015;20:00;13;001272;805;Torino - Rebaudengo;04;Biossido di azoto (NO2);23;microgrammi / metro cubo;32.0;V;
14/08/2015;21:00;13;001272;805;Torino - Rebaudengo;04;Biossido di azoto (NO2);23;microgrammi / metro cubo;47.0;V;
14/08/2015;22:00;13;001272;805;Torino - Rebaudengo;04;Biossido di azoto (NO2);23;microgrammi / metro cubo;53.0;V;
14/08/2015;23:00;13;001272;805;Torino - Rebaudengo;04;Biossido di azoto (NO2);23;microgrammi / metro cubo;45.0;V;
14/08/2015;23:59;13;001272;805;Torino - Rebaudengo;04;Biossido di azoto (NO2);23;microgrammi / metro cubo;29.0;V;
15/08/2015;01:00;13;001272;805;Torino - Rebaudengo;04;Biossido di azoto (NO2);23;microgrammi / metro cubo;31.0;V;
15/08/2015;02:00;13;001272;805;Torino - Rebaudengo;04;Biossido di azoto (NO2);23;microgrammi / metro cubo;35.0;V;
15/08/2015;03:00;13;001272;805;Torino - Rebaudengo;04;Biossido di azoto (NO2);23;microgrammi / metro cubo;31.0;V;
15/08/2015;04:00;13;001272;805;Torino - Rebaudengo;04;Biossido di azoto (NO2);23;microgrammi / metro cubo;26.0;V;
15/08/2015;05:00;13;001272;805;Torino - Rebaudengo;04;Biossido di azoto (NO2);23;microgrammi / metro cubo;25.0;V;
15/08/2015;06:00;13;001272;805;Torino - Rebaudengo;04;Biossido di azoto (NO2);23;microgrammi / metro cubo;26.0;V;
15/08/2015;07:00;13;001272;805;Torino - Rebaudengo;04;Biossido di azoto (NO2);23;microgrammi / metro cubo;28.0;V;
15/08/2015;08:00;13;001272;805;Torino - Rebaudengo;04;Biossido di azoto (NO2);23;microgrammi / metro cubo;25.0;V;
15/08/2015;09:00;13;001272;805;Torino - Rebaudengo;04;Biossido di azoto (NO2);23;microgrammi / metro cubo;29.0;V;
15/08/2015;10:00;13;001272;805;Torino - Rebaudengo;04;Biossido di azoto (NO2);23;microgrammi / metro cubo;28.0;V;
15/08/2015;11:00;13;001272;805;Torino - Rebaudengo;04;Biossido di azoto (NO2);23;microgrammi / metro cubo;23.0;V;
15/08/2015;12:00;13;001272;805;Torino - Rebaudengo;04;Biossido di azoto (NO2);23;microgrammi / metro cubo;23.0;V;
15/08/2015;13:00;13;001272;805;Torino - Rebaudengo;04;Biossido di azoto (NO2);23;microgrammi / metro cubo;14.0;V;
15/08/2015;14:00;13;001272;805;Torino - Rebaudengo;04;Biossido di azoto (NO2);23;microgrammi / metro cubo;13.0;V;
15/08/2015;15:00;13;001272;805;Torino - Rebaudengo;04;Biossido di azoto (NO2);23;microgrammi / metro cubo;17.0;V;
15/08/2015;16:00;13;001272;805;Torino - Rebaudengo;04;Biossido di azoto (NO2);23;microgrammi / metro cubo;27.0;V;
15/08/2015;17:00;13;001272;805;Torino - Rebaudengo;04;Biossido di azoto (NO2);23;microgrammi / metro cubo;27.0;V;
15/08/2015;18:00;13;001272;805;Torino - Rebaudengo;04;Biossido di azoto (NO2);23;microgrammi / metro cubo;37.0;V;
15/08/2015;19:00;13;001272;805;Torino - Rebaudengo;04;Biossido di azoto (NO2);23;microgrammi / metro cubo;46.0;V;
15/08/2015;20:00;13;001272;805;Torino - Rebaudengo;04;Biossido di azoto (NO2);23;microgrammi / metro cubo;26.0;V;
15/08/2015;21:00;13;001272;805;Torino - Rebaudengo;04;Biossido di azoto (NO2);23;microgrammi / metro cubo;34.0;V;
15/08/2015;22:00;13;001272;805;Torino - Rebaudengo;04;Biossido di azoto (NO2);23;microgrammi / metro cubo;35.0;V;
15/08/2015;23:00;13;001272;805;Torino - Rebaudengo;04;Biossido di azoto (NO2);23;microgrammi / metro cubo;29.0;V;
15/08/2015;23:59;13;001272;805;Torino - Rebaudengo;04;Biossido di azoto (NO2);23;microgrammi / metro cubo;28.0;V;
16/08/2015;01:00;13;001272;805;Torino - Rebaudengo;04;Biossido di azoto (NO2);23;microgrammi / metro cubo;27.0;V;
16/08/2015;02:00;13;001272;805;Torino - Rebaudengo;04;Biossido di azoto (NO2);23;microgrammi / metro cubo;17.0;V;
16/08/2015;03:00;13;001272;805;Torino - Rebaudengo;04;Biossido di azoto (NO2);23;microgrammi / metro cubo;19.0;V;
16/08/2015;04:00;13;001272;805;Torino - Rebaudengo;04;Biossido di azoto (NO2);23;microgrammi / metro cubo;15.0;V;
16/08/2015;05:00;13;001272;805;Torino - Rebaudengo;04;Biossido di azoto (NO2);23;microgrammi / metro cubo;15.0;V;
16/08/2015;06:00;13;001272;805;Torino - Rebaudengo;04;Biossido di azoto (NO2);23;microgrammi / metro cubo;17.0;V;
16/08/2015;07:00;13;001272;805;Torino - Rebaudengo;04;Biossido di azoto (NO2);23;microgrammi / metro cubo;15.0;V;
16/08/2015;08:00;13;001272;805;Torino - Rebaudengo;04;Biossido di azoto (NO2);23;microgrammi / metro cubo;18.0;V;
16/08/2015;09:00;13;001272;805;Torino - Rebaudengo;04;Biossido di azoto (NO2);23;microgrammi / metro cubo;24.0;V;
16/08/2015;10:00;13;001272;805;Torino - Rebaudengo;04;Biossido di azoto (NO2);23;microgrammi / metro cubo;20.0;V;
16/08/2015;11:00;13;001272;805;Torino - Rebaudengo;04;Biossido di azoto (NO2);23;microgrammi / metro cubo;36.0;V;
16/08/2015;12:00;13;001272;805;Torino - Rebaudengo;04;Biossido di azoto (NO2);23;microgrammi / metro cubo;20.0;V;
16/08/2015;13:00;13;001272;805;Torino - Rebaudengo;04;Biossido di azoto (NO2);23;microgrammi / metro cubo;12.0;V;
16/08/2015;14:00;13;001272;805;Torino - Rebaudengo;04;Biossido di azoto (NO2);23;microgrammi / metro cubo;13.0;V;
16/08/2015;15:00;13;001272;805;Torino - Rebaudengo;04;Biossido di azoto (NO2);23;microgrammi / metro cubo;13.0;V;
16/08/2015;16:00;13;001272;805;Torino - Rebaudengo;04;Biossido di azoto (NO2);23;microgrammi / metro cubo;13.0;V;
16/08/2015;17:00;13;001272;805;Torino - Rebaudengo;04;Biossido di azoto (NO2);23;microgrammi / metro cubo;13.0;V;
16/08/2015;18:00;13;001272;805;Torino - Rebaudengo;04;Biossido di azoto (NO2);23;microgrammi / metro cubo;17.0;V;
16/08/2015;19:00;13;001272;805;Torino - Rebaudengo;04;Biossido di azoto (NO2);23;microgrammi / metro cubo;31.0;V;
16/08/2015;20:00;13;001272;805;Torino - Rebaudengo;04;Biossido di azoto (NO2);23;microgrammi / metro cubo;42.0;V;
16/08/2015;21:00;13;001272;805;Torino - Rebaudengo;04;Biossido di azoto (NO2);23;microgrammi / metro cubo;52.0;V;
16/08/2015;22:00;13;001272;805;Torino - Rebaudengo;04;Biossido di azoto (NO2);23;microgrammi / metro cubo;42.0;V;
16/08/2015;23:00;13;001272;805;Torino - Rebaudengo;04;Biossido di azoto (NO2);23;microgrammi / metro cubo;49.0;V;
16/08/2015;23:59;13;001272;805;Torino - Rebaudengo;04;Biossido di azoto (NO2);23;microgrammi / metro cubo;41.0;V;
17/08/2015;01:00;13;001272;805;Torino - Rebaudengo;04;Biossido di azoto (NO2);23;microgrammi / metro cubo;37.0;V;
17/08/2015;02:00;13;001272;805;Torino - Rebaudengo;04;Biossido di azoto (NO2);23;microgrammi / metro cubo;32.0;V;
17/08/2015;03:00;13;001272;805;Torino - Rebaudengo;04;Biossido di azoto (NO2);23;microgrammi / metro cubo;27.0;V;
17/08/2015;04:00;13;001272;805;Torino - Rebaudengo;04;Biossido di azoto (NO2);23;microgrammi / metro cubo;28.0;V;
17/08/2015;05:00;13;001272;805;Torino - Rebaudengo;04;Biossido di azoto (NO2);23;microgrammi / metro cubo;25.0;V;
17/08/2015;06:00;13;001272;805;Torino - Rebaudengo;04;Biossido di azoto (NO2);23;microgrammi / metro cubo;33.0;V;
17/08/2015;07:00;13;001272;805;Torino - Rebaudengo;04;Biossido di azoto (NO2);23;microgrammi / metro cubo;41.0;V;
17/08/2015;08:00;13;001272;805;Torino - Rebaudengo;04;Biossido di azoto (NO2);23;microgrammi / metro cubo;36.0;V;
17/08/2015;09:00;13;001272;805;Torino - Rebaudengo;04;Biossido di azoto (NO2);23;microgrammi / metro cubo;43.0;V;
17/08/2015;10:00;13;001272;805;Torino - Rebaudengo;04;Biossido di azoto (NO2);23;microgrammi / metro cubo;39.0;V;
17/08/2015;11:00;13;001272;805;Torino - Rebaudengo;04;Biossido di azoto (NO2);23;microgrammi / metro cubo;39.0;V;
17/08/2015;12:00;13;001272;805;Torino - Rebaudengo;04;Biossido di azoto (NO2);23;microgrammi / metro cubo;30.0;V;
17/08/2015;13:00;13;001272;805;Torino - Rebaudengo;04;Biossido di azoto (NO2);23;microgrammi / metro cubo;24.0;V;
17/08/2015;14:00;13;001272;805;Torino - Rebaudengo;04;Biossido di azoto (NO2);23;microgrammi / metro cubo;26.0;V;
17/08/2015;15:00;13;001272;805;Torino - Rebaudengo;04;Biossido di azoto (NO2);23;microgrammi / metro cubo;20.0;V;
17/08/2015;16:00;13;001272;805;Torino - Rebaudengo;04;Biossido di azoto (NO2);23;microgrammi / metro cubo;24.0;V;
17/08/2015;17:00;13;001272;805;Torino - Rebaudengo;04;Biossido di azoto (NO2);23;microgrammi / metro cubo;40.0;V;
17/08/2015;18:00;13;001272;805;Torino - Rebaudengo;04;Biossido di azoto (NO2);23;microgrammi / metro cubo;37.0;V;
17/08/2015;19:00;13;001272;805;Torino - Rebaudengo;04;Biossido di azoto (NO2);23;microgrammi / metro cubo;31.0;V;
17/08/2015;20:00;13;001272;805;Torino - Rebaudengo;04;Biossido di azoto (NO2);23;microgrammi / metro cubo;69.0;V;
17/08/2015;21:00;13;001272;805;Torino - Rebaudengo;04;Biossido di azoto (NO2);23;microgrammi / metro cubo;43.0;V;
17/08/2015;22:00;13;001272;805;Torino - Rebaudengo;04;Biossido di azoto (NO2);23;microgrammi / metro cubo;51.0;V;
17/08/2015;23:00;13;001272;805;Torino - Rebaudengo;04;Biossido di azoto (NO2);23;microgrammi / metro cubo;21.0;V;
17/08/2015;23:59;13;001272;805;Torino - Rebaudengo;04;Biossido di azoto (NO2);23;microgrammi / metro cubo;19.0;V;
18/08/2015;01:00;13;001272;805;Torino - Rebaudengo;04;Biossido di azoto (NO2);23;microgrammi / metro cubo;14.0;V;
18/08/2015;02:00;13;001272;805;Torino - Rebaudengo;04;Biossido di azoto (NO2);23;microgrammi / metro cubo;15.0;V;
18/08/2015;03:00;13;001272;805;Torino - Rebaudengo;04;Biossido di azoto (NO2);23;microgrammi / metro cubo;15.0;V;
18/08/2015;04:00;13;001272;805;Torino - Rebaudengo;04;Biossido di azoto (NO2);23;microgrammi / metro cubo;18.0;V;
18/08/2015;05:00;13;001272;805;Torino - Rebaudengo;04;Biossido di azoto (NO2);23;microgrammi / metro cubo;25.0;V;
18/08/2015;06:00;13;001272;805;Torino - Rebaudengo;04;Biossido di azoto (NO2);23;microgrammi / metro cubo;33.0;V;
18/08/2015;07:00;13;001272;805;Torino - Rebaudengo;04;Biossido di azoto (NO2);23;microgrammi / metro cubo;37.0;V;
18/08/2015;08:00;13;001272;805;Torino - Rebaudengo;04;Biossido di azoto (NO2);23;microgrammi / metro cubo;43.0;V;
18/08/2015;09:00;13;001272;805;Torino - Rebaudengo;04;Biossido di azoto (NO2);23;microgrammi / metro cubo;35.0;V;
18/08/2015;10:00;13;001272;805;Torino - Rebaudengo;04;Biossido di azoto (NO2);23;microgrammi / metro cubo;23.0;V;
18/08/2015;11:00;13;001272;805;Torino - Rebaudengo;04;Biossido di azoto (NO2);23;microgrammi / metro cubo;27.0;V;
18/08/2015;12:00;13;001272;805;Torino - Rebaudengo;04;Biossido di azoto (NO2);23;microgrammi / metro cubo;20.0;V;
18/08/2015;13:00;13;001272;805;Torino - Rebaudengo;04;Biossido di azoto (NO2);23;microgrammi / metro cubo;21.0;V;
18/08/2015;14:00;13;001272;805;Torino - Rebaudengo;04;Biossido di azoto (NO2);23;microgrammi / metro cubo;17.0;V;
18/08/2015;15:00;13;001272;805;Torino - Rebaudengo;04;Biossido di azoto (NO2);23;microgrammi / metro cubo;23.0;V;
18/08/2015;16:00;13;001272;805;Torino - Rebaudengo;04;Biossido di azoto (NO2);23;microgrammi / metro cubo;23.0;V;
18/08/2015;17:00;13;001272;805;Torino - Rebaudengo;04;Biossido di azoto (NO2);23;microgrammi / metro cubo;24.0;V;
18/08/2015;18:00;13;001272;805;Torino - Rebaudengo;04;Biossido di azoto (NO2);23;microgrammi / metro cubo;18.0;V;
18/08/2015;19:00;13;001272;805;Torino - Rebaudengo;04;Biossido di azoto (NO2);23;microgrammi / metro cubo;23.0;V;
18/08/2015;20:00;13;001272;805;Torino - Rebaudengo;04;Biossido di azoto (NO2);23;microgrammi / metro cubo;31.0;V;
18/08/2015;21:00;13;001272;805;Torino - Rebaudengo;04;Biossido di azoto (NO2);23;microgrammi / metro cubo;21.0;V;
18/08/2015;22:00;13;001272;805;Torino - Rebaudengo;04;Biossido di azoto (NO2);23;microgrammi / metro cubo;21.0;V;
18/08/2015;23:00;13;001272;805;Torino - Rebaudengo;04;Biossido di azoto (NO2);23;microgrammi / metro cubo;20.0;V;
18/08/2015;23:59;13;001272;805;Torino - Rebaudengo;04;Biossido di azoto (NO2);23;microgrammi / metro cubo;22.0;V;
19/08/2015;01:00;13;001272;805;Torino - Rebaudengo;04;Biossido di azoto (NO2);23;microgrammi / metro cubo;13.0;V;
19/08/2015;02:00;13;001272;805;Torino - Rebaudengo;04;Biossido di azoto (NO2);23;microgrammi / metro cubo;18.0;V;
19/08/2015;03:00;13;001272;805;Torino - Rebaudengo;04;Biossido di azoto (NO2);23;microgrammi / metro cubo;19.0;V;
19/08/2015;04:00;13;001272;805;Torino - Rebaudengo;04;Biossido di azoto (NO2);23;microgrammi / metro cubo;21.0;V;
19/08/2015;05:00;13;001272;805;Torino - Rebaudengo;04;Biossido di azoto (NO2);23;microgrammi / metro cubo;39.0;V;
19/08/2015;06:00;13;001272;805;Torino - Rebaudengo;04;Biossido di azoto (NO2);23;microgrammi / metro cubo;48.0;V;
19/08/2015;07:00;13;001272;805;Torino - Rebaudengo;04;Biossido di azoto (NO2);23;microgrammi / metro cubo;53.0;V;
19/08/2015;08:00;13;001272;805;Torino - Rebaudengo;04;Biossido di azoto (NO2);23;microgrammi / metro cubo;41.0;V;
19/08/2015;09:00;13;001272;805;Torino - Rebaudengo;04;Biossido di azoto (NO2);23;microgrammi / metro cubo;32.0;V;
19/08/2015;10:00;13;001272;805;Torino - Rebaudengo;04;Biossido di azoto (NO2);23;microgrammi / metro cubo;29.0;V;
19/08/2015;11:00;13;001272;805;Torino - Rebaudengo;04;Biossido di azoto (NO2);23;microgrammi / metro cubo;30.0;V;
19/08/2015;12:00;13;001272;805;Torino - Rebaudengo;04;Biossido di azoto (NO2);23;microgrammi / metro cubo;32.0;V;
19/08/2015;13:00;13;001272;805;Torino - Rebaudengo;04;Biossido di azoto (NO2);23;microgrammi / metro cubo;28.0;V;
19/08/2015;14:00;13;001272;805;Torino - Rebaudengo;04;Biossido di azoto (NO2);23;microgrammi / metro cubo;28.0;V;
19/08/2015;15:00;13;001272;805;Torino - Rebaudengo;04;Biossido di azoto (NO2);23;microgrammi / metro cubo;19.0;V;
19/08/2015;16:00;13;001272;805;Torino - Rebaudengo;04;Biossido di azoto (NO2);23;microgrammi / metro cubo;28.0;V;
19/08/2015;17:00;13;001272;805;Torino - Rebaudengo;04;Biossido di azoto (NO2);23;microgrammi / metro cubo;31.0;V;
19/08/2015;18:00;13;001272;805;Torino - Rebaudengo;04;Biossido di azoto (NO2);23;microgrammi / metro cubo;30.0;V;
19/08/2015;19:00;13;001272;805;Torino - Rebaudengo;04;Biossido di azoto (NO2);23;microgrammi / metro cubo;43.0;V;
19/08/2015;20:00;13;001272;805;Torino - Rebaudengo;04;Biossido di azoto (NO2);23;microgrammi / metro cubo;62.0;V;
19/08/2015;21:00;13;001272;805;Torino - Rebaudengo;04;Biossido di azoto (NO2);23;microgrammi / metro cubo;68.0;V;
19/08/2015;22:00;13;001272;805;Torino - Rebaudengo;04;Biossido di azoto (NO2);23;microgrammi / metro cubo;63.0;V;
19/08/2015;23:00;13;001272;805;Torino - Rebaudengo;04;Biossido di azoto (NO2);23;microgrammi / metro cubo;27.0;V;
19/08/2015;23:59;13;001272;805;Torino - Rebaudengo;04;Biossido di azoto (NO2);23;microgrammi / metro cubo;25.0;V;
20/08/2015;01:00;13;001272;805;Torino - Rebaudengo;04;Biossido di azoto (NO2);23;microgrammi / metro cubo;22.0;V;
20/08/2015;02:00;13;001272;805;Torino - Rebaudengo;04;Biossido di azoto (NO2);23;microgrammi / metro cubo;21.0;V;
20/08/2015;03:00;13;001272;805;Torino - Rebaudengo;04;Biossido di azoto (NO2);23;microgrammi / metro cubo;22.0;V;
20/08/2015;04:00;13;001272;805;Torino - Rebaudengo;04;Biossido di azoto (NO2);23;microgrammi / metro cubo;24.0;V;
20/08/2015;05:00;13;001272;805;Torino - Rebaudengo;04;Biossido di azoto (NO2);23;microgrammi / metro cubo;31.0;V;
20/08/2015;06:00;13;001272;805;Torino - Rebaudengo;04;Biossido di azoto (NO2);23;microgrammi / metro cubo;35.0;V;
20/08/2015;07:00;13;001272;805;Torino - Rebaudengo;04;Biossido di azoto (NO2);23;microgrammi / metro cubo;34.0;V;
20/08/2015;08:00;13;001272;805;Torino - Rebaudengo;04;Biossido di azoto (NO2);23;microgrammi / metro cubo;41.0;V;
20/08/2015;09:00;13;001272;805;Torino - Rebaudengo;04;Biossido di azoto (NO2);23;microgrammi / metro cubo;31.0;V;
20/08/2015;10:00;13;001272;805;Torino - Rebaudengo;04;Biossido di azoto (NO2);23;microgrammi / metro cubo;31.0;V;
20/08/2015;11:00;13;001272;805;Torino - Rebaudengo;04;Biossido di azoto (NO2);23;microgrammi / metro cubo;28.0;V;
20/08/2015;12:00;13;001272;805;Torino - Rebaudengo;04;Biossido di azoto (NO2);23;microgrammi / metro cubo;23.0;V;
20/08/2015;13:00;13;001272;805;Torino - Rebaudengo;04;Biossido di azoto (NO2);23;microgrammi / metro cubo;20.0;V;
20/08/2015;14:00;13;001272;805;Torino - Rebaudengo;04;Biossido di azoto (NO2);23;microgrammi / metro cubo;24.0;V;
20/08/2015;15:00;13;001272;805;Torino - Rebaudengo;04;Biossido di azoto (NO2);23;microgrammi / metro cubo;38.0;V;
20/08/2015;16:00;13;001272;805;Torino - Rebaudengo;04;Biossido di azoto (NO2);23;microgrammi / metro cubo;31.0;V;
20/08/2015;17:00;13;001272;805;Torino - Rebaudengo;04;Biossido di azoto (NO2);23;microgrammi / metro cubo;30.0;V;
20/08/2015;18:00;13;001272;805;Torino - Rebaudengo;04;Biossido di azoto (NO2);23;microgrammi / metro cubo;31.0;V;
20/08/2015;19:00;13;001272;805;Torino - Rebaudengo;04;Biossido di azoto (NO2);23;microgrammi / metro cubo;22.0;V;
20/08/2015;20:00;13;001272;805;Torino - Rebaudengo;04;Biossido di azoto (NO2);23;microgrammi / metro cubo;57.0;V;
20/08/2015;21:00;13;001272;805;Torino - Rebaudengo;04;Biossido di azoto (NO2);23;microgrammi / metro cubo;43.0;V;
20/08/2015;22:00;13;001272;805;Torino - Rebaudengo;04;Biossido di azoto (NO2);23;microgrammi / metro cubo;36.0;V;
20/08/2015;23:00;13;001272;805;Torino - Rebaudengo;04;Biossido di azoto (NO2);23;microgrammi / metro cubo;38.0;V;
20/08/2015;23:59;13;001272;805;Torino - Rebaudengo;04;Biossido di azoto (NO2);23;microgrammi / metro cubo;46.0;V;
21/08/2015;01:00;13;001272;805;Torino - Rebaudengo;04;Biossido di azoto (NO2);23;microgrammi / metro cubo;40.0;V;
21/08/2015;02:00;13;001272;805;Torino - Rebaudengo;04;Biossido di azoto (NO2);23;microgrammi / metro cubo;22.0;V;
21/08/2015;03:00;13;001272;805;Torino - Rebaudengo;04;Biossido di azoto (NO2);23;microgrammi / metro cubo;22.0;V;
21/08/2015;04:00;13;001272;805;Torino - Rebaudengo;04;Biossido di azoto (NO2);23;microgrammi / metro cubo;21.0;V;
21/08/2015;05:00;13;001272;805;Torino - Rebaudengo;04;Biossido di azoto (NO2);23;microgrammi / metro cubo;26.0;V;
21/08/2015;06:00;13;001272;805;Torino - Rebaudengo;04;Biossido di azoto (NO2);23;microgrammi / metro cubo;14.0;V;
21/08/2015;07:00;13;001272;805;Torino - Rebaudengo;04;Biossido di azoto (NO2);23;microgrammi / metro cubo;21.0;V;
21/08/2015;08:00;13;001272;805;Torino - Rebaudengo;04;Biossido di azoto (NO2);23;microgrammi / metro cubo;26.0;V;
21/08/2015;09:00;13;001272;805;Torino - Rebaudengo;04;Biossido di azoto (NO2);23;microgrammi / metro cubo;24.0;V;
21/08/2015;10:00;13;001272;805;Torino - Rebaudengo;04;Biossido di azoto (NO2);23;microgrammi / metro cubo;25.0;V;
21/08/2015;11:00;13;001272;805;Torino - Rebaudengo;04;Biossido di azoto (NO2);23;microgrammi / metro cubo;23.0;V;
21/08/2015;12:00;13;001272;805;Torino - Rebaudengo;04;Biossido di azoto (NO2);23;microgrammi / metro cubo;21.0;V;
21/08/2015;13:00;13;001272;805;Torino - Rebaudengo;04;Biossido di azoto (NO2);23;microgrammi / metro cubo;17.0;V;
21/08/2015;14:00;13;001272;805;Torino - Rebaudengo;04;Biossido di azoto (NO2);23;microgrammi / metro cubo;19.0;V;
21/08/2015;15:00;13;001272;805;Torino - Rebaudengo;04;Biossido di azoto (NO2);23;microgrammi / metro cubo;28.0;V;
21/08/2015;16:00;13;001272;805;Torino - Rebaudengo;04;Biossido di azoto (NO2);23;microgrammi / metro cubo;25.0;V;
21/08/2015;17:00;13;001272;805;Torino - Rebaudengo;04;Biossido di azoto (NO2);23;microgrammi / metro cubo;25.0;V;
21/08/2015;18:00;13;001272;805;Torino - Rebaudengo;04;Biossido di azoto (NO2);23;microgrammi / metro cubo;26.0;V;
21/08/2015;19:00;13;001272;805;Torino - Rebaudengo;04;Biossido di azoto (NO2);23;microgrammi / metro cubo;32.0;V;
21/08/2015;20:00;13;001272;805;Torino - Rebaudengo;04;Biossido di azoto (NO2);23;microgrammi / metro cubo;44.0;V;
21/08/2015;21:00;13;001272;805;Torino - Rebaudengo;04;Biossido di azoto (NO2);23;microgrammi / metro cubo;33.0;V;
21/08/2015;22:00;13;001272;805;Torino - Rebaudengo;04;Biossido di azoto (NO2);23;microgrammi / metro cubo;35.0;V;
21/08/2015;23:00;13;001272;805;Torino - Rebaudengo;04;Biossido di azoto (NO2);23;microgrammi / metro cubo;27.0;V;
21/08/2015;23:59;13;001272;805;Torino - Rebaudengo;04;Biossido di azoto (NO2);23;microgrammi / metro cubo;22.0;V;
22/08/2015;01:00;13;001272;805;Torino - Rebaudengo;04;Biossido di azoto (NO2);23;microgrammi / metro cubo;22.0;V;
22/08/2015;02:00;13;001272;805;Torino - Rebaudengo;04;Biossido di azoto (NO2);23;microgrammi / metro cubo;19.0;V;
22/08/2015;03:00;13;001272;805;Torino - Rebaudengo;04;Biossido di azoto (NO2);23;microgrammi / metro cubo;16.0;V;
22/08/2015;04:00;13;001272;805;Torino - Rebaudengo;04;Biossido di azoto (NO2);23;microgrammi / metro cubo;21.0;V;
22/08/2015;05:00;13;001272;805;Torino - Rebaudengo;04;Biossido di azoto (NO2);23;microgrammi / metro cubo;19.0;V;
22/08/2015;06:00;13;001272;805;Torino - Rebaudengo;04;Biossido di azoto (NO2);23;microgrammi / metro cubo;21.0;V;
22/08/2015;07:00;13;001272;805;Torino - Rebaudengo;04;Biossido di azoto (NO2);23;microgrammi / metro cubo;33.0;V;
22/08/2015;08:00;13;001272;805;Torino - Rebaudengo;04;Biossido di azoto (NO2);23;microgrammi / metro cubo;29.0;V;
22/08/2015;09:00;13;001272;805;Torino - Rebaudengo;04;Biossido di azoto (NO2);23;microgrammi / metro cubo;36.0;V;
22/08/2015;10:00;13;001272;805;Torino - Rebaudengo;04;Biossido di azoto (NO2);23;microgrammi / metro cubo;34.0;V;
22/08/2015;11:00;13;001272;805;Torino - Rebaudengo;04;Biossido di azoto (NO2);23;microgrammi / metro cubo;26.0;V;
22/08/2015;12:00;13;001272;805;Torino - Rebaudengo;04;Biossido di azoto (NO2);23;microgrammi / metro cubo;24.0;V;
22/08/2015;13:00;13;001272;805;Torino - Rebaudengo;04;Biossido di azoto (NO2);23;microgrammi / metro cubo;19.0;V;
22/08/2015;14:00;13;001272;805;Torino - Rebaudengo;04;Biossido di azoto (NO2);23;microgrammi / metro cubo;20.0;V;
22/08/2015;15:00;13;001272;805;Torino - Rebaudengo;04;Biossido di azoto (NO2);23;microgrammi / metro cubo;22.0;V;
22/08/2015;16:00;13;001272;805;Torino - Rebaudengo;04;Biossido di azoto (NO2);23;microgrammi / metro cubo;24.0;V;
22/08/2015;17:00;13;001272;805;Torino - Rebaudengo;04;Biossido di azoto (NO2);23;microgrammi / metro cubo;22.0;V;
22/08/2015;18:00;13;001272;805;Torino - Rebaudengo;04;Biossido di azoto (NO2);23;microgrammi / metro cubo;25.0;V;
22/08/2015;19:00;13;001272;805;Torino - Rebaudengo;04;Biossido di azoto (NO2);23;microgrammi / metro cubo;30.0;V;
22/08/2015;20:00;13;001272;805;Torino - Rebaudengo;04;Biossido di azoto (NO2);23;microgrammi / metro cubo;24.0;V;
22/08/2015;21:00;13;001272;805;Torino - Rebaudengo;04;Biossido di azoto (NO2);23;microgrammi / metro cubo;19.0;V;
22/08/2015;22:00;13;001272;805;Torino - Rebaudengo;04;Biossido di azoto (NO2);23;microgrammi / metro cubo;28.0;V;
22/08/2015;23:00;13;001272;805;Torino - Rebaudengo;04;Biossido di azoto (NO2);23;microgrammi / metro cubo;27.0;V;
22/08/2015;23:59;13;001272;805;Torino - Rebaudengo;04;Biossido di azoto (NO2);23;microgrammi / metro cubo;21.0;V;
23/08/2015;01:00;13;001272;805;Torino - Rebaudengo;04;Biossido di azoto (NO2);23;microgrammi / metro cubo;14.0;V;
23/08/2015;02:00;13;001272;805;Torino - Rebaudengo;04;Biossido di azoto (NO2);23;microgrammi / metro cubo;19.0;V;
23/08/2015;03:00;13;001272;805;Torino - Rebaudengo;04;Biossido di azoto (NO2);23;microgrammi / metro cubo;12.0;V;
23/08/2015;04:00;13;001272;805;Torino - Rebaudengo;04;Biossido di azoto (NO2);23;microgrammi / metro cubo;11.0;V;
23/08/2015;05:00;13;001272;805;Torino - Rebaudengo;04;Biossido di azoto (NO2);23;microgrammi / metro cubo;12.0;V;
23/08/2015;06:00;13;001272;805;Torino - Rebaudengo;04;Biossido di azoto (NO2);23;microgrammi / metro cubo;16.0;V;
23/08/2015;07:00;13;001272;805;Torino - Rebaudengo;04;Biossido di azoto (NO2);23;microgrammi / metro cubo;15.0;V;
23/08/2015;08:00;13;001272;805;Torino - Rebaudengo;04;Biossido di azoto (NO2);23;microgrammi / metro cubo;16.0;V;
23/08/2015;09:00;13;001272;805;Torino - Rebaudengo;04;Biossido di azoto (NO2);23;microgrammi / metro cubo;16.0;V;
23/08/2015;10:00;13;001272;805;Torino - Rebaudengo;04;Biossido di azoto (NO2);23;microgrammi / metro cubo;18.0;V;
23/08/2015;11:00;13;001272;805;Torino - Rebaudengo;04;Biossido di azoto (NO2);23;microgrammi / metro cubo;22.0;V;
23/08/2015;12:00;13;001272;805;Torino - Rebaudengo;04;Biossido di azoto (NO2);23;microgrammi / metro cubo;21.0;V;
23/08/2015;13:00;13;001272;805;Torino - Rebaudengo;04;Biossido di azoto (NO2);23;microgrammi / metro cubo;20.0;V;
23/08/2015;14:00;13;001272;805;Torino - Rebaudengo;04;Biossido di azoto (NO2);23;microgrammi / metro cubo;16.0;V;
23/08/2015;15:00;13;001272;805;Torino - Rebaudengo;04;Biossido di azoto (NO2);23;microgrammi / metro cubo;20.0;V;
23/08/2015;16:00;13;001272;805;Torino - Rebaudengo;04;Biossido di azoto (NO2);23;microgrammi / metro cubo;23.0;V;
23/08/2015;17:00;13;001272;805;Torino - Rebaudengo;04;Biossido di azoto (NO2);23;microgrammi / metro cubo;26.0;V;
23/08/2015;18:00;13;001272;805;Torino - Rebaudengo;04;Biossido di azoto (NO2);23;microgrammi / metro cubo;26.0;V;
23/08/2015;19:00;13;001272;805;Torino - Rebaudengo;04;Biossido di azoto (NO2);23;microgrammi / metro cubo;26.0;V;
23/08/2015;20:00;13;001272;805;Torino - Rebaudengo;04;Biossido di azoto (NO2);23;microgrammi / metro cubo;29.0;V;
23/08/2015;21:00;13;001272;805;Torino - Rebaudengo;04;Biossido di azoto (NO2);23;microgrammi / metro cubo;41.0;V;
23/08/2015;22:00;13;001272;805;Torino - Rebaudengo;04;Biossido di azoto (NO2);23;microgrammi / metro cubo;38.0;V;
23/08/2015;23:00;13;001272;805;Torino - Rebaudengo;04;Biossido di azoto (NO2);23;microgrammi / metro cubo;35.0;V;
23/08/2015;23:59;13;001272;805;Torino - Rebaudengo;04;Biossido di azoto (NO2);23;microgrammi / metro cubo;26.0;V;
24/08/2015;01:00;13;001272;805;Torino - Rebaudengo;04;Biossido di azoto (NO2);23;microgrammi / metro cubo;24.0;V;
24/08/2015;02:00;13;001272;805;Torino - Rebaudengo;04;Biossido di azoto (NO2);23;microgrammi / metro cubo;21.0;V;
24/08/2015;03:00;13;001272;805;Torino - Rebaudengo;04;Biossido di azoto (NO2);23;microgrammi / metro cubo;16.0;V;
24/08/2015;04:00;13;001272;805;Torino - Rebaudengo;04;Biossido di azoto (NO2);23;microgrammi / metro cubo;23.0;V;
24/08/2015;05:00;13;001272;805;Torino - Rebaudengo;04;Biossido di azoto (NO2);23;microgrammi / metro cubo;31.0;V;
24/08/2015;06:00;13;001272;805;Torino - Rebaudengo;04;Biossido di azoto (NO2);23;microgrammi / metro cubo;46.0;V;
24/08/2015;07:00;13;001272;805;Torino - Rebaudengo;04;Biossido di azoto (NO2);23;microgrammi / metro cubo;35.0;V;
24/08/2015;08:00;13;001272;805;Torino - Rebaudengo;04;Biossido di azoto (NO2);23;microgrammi / metro cubo;54.0;V;
24/08/2015;09:00;13;001272;805;Torino - Rebaudengo;04;Biossido di azoto (NO2);23;microgrammi / metro cubo;39.0;V;
24/08/2015;10:00;13;001272;805;Torino - Rebaudengo;04;Biossido di azoto (NO2);23;microgrammi / metro cubo;47.0;V;
24/08/2015;11:00;13;001272;805;Torino - Rebaudengo;04;Biossido di azoto (NO2);23;microgrammi / metro cubo;45.0;V;
24/08/2015;12:00;13;001272;805;Torino - Rebaudengo;04;Biossido di azoto (NO2);23;microgrammi / metro cubo;43.0;V;
24/08/2015;13:00;13;001272;805;Torino - Rebaudengo;04;Biossido di azoto (NO2);23;microgrammi / metro cubo;33.0;V;
24/08/2015;14:00;13;001272;805;Torino - Rebaudengo;04;Biossido di azoto (NO2);23;microgrammi / metro cubo;27.0;V;
24/08/2015;15:00;13;001272;805;Torino - Rebaudengo;04;Biossido di azoto (NO2);23;microgrammi / metro cubo;47.0;V;
24/08/2015;16:00;13;001272;805;Torino - Rebaudengo;04;Biossido di azoto (NO2);23;microgrammi / metro cubo;43.0;V;
24/08/2015;17:00;13;001272;805;Torino - Rebaudengo;04;Biossido di azoto (NO2);23;microgrammi / metro cubo;42.0;V;
24/08/2015;18:00;13;001272;805;Torino - Rebaudengo;04;Biossido di azoto (NO2);23;microgrammi / metro cubo;50.0;V;
24/08/2015;19:00;13;001272;805;Torino - Rebaudengo;04;Biossido di azoto (NO2);23;microgrammi / metro cubo;47.0;V;
24/08/2015;20:00;13;001272;805;Torino - Rebaudengo;04;Biossido di azoto (NO2);23;microgrammi / metro cubo;49.0;V;
24/08/2015;21:00;13;001272;805;Torino - Rebaudengo;04;Biossido di azoto (NO2);23;microgrammi / metro cubo;55.0;V;
24/08/2015;22:00;13;001272;805;Torino - Rebaudengo;04;Biossido di azoto (NO2);23;microgrammi / metro cubo;52.0;V;
24/08/2015;23:00;13;001272;805;Torino - Rebaudengo;04;Biossido di azoto (NO2);23;microgrammi / metro cubo;46.0;V;
24/08/2015;23:59;13;001272;805;Torino - Rebaudengo;04;Biossido di azoto (NO2);23;microgrammi / metro cubo;38.0;V;
25/08/2015;01:00;13;001272;805;Torino - Rebaudengo;04;Biossido di azoto (NO2);23;microgrammi / metro cubo;33.0;V;
25/08/2015;02:00;13;001272;805;Torino - Rebaudengo;04;Biossido di azoto (NO2);23;microgrammi / metro cubo;30.0;V;
25/08/2015;03:00;13;001272;805;Torino - Rebaudengo;04;Biossido di azoto (NO2);23;microgrammi / metro cubo;29.0;V;
25/08/2015;04:00;13;001272;805;Torino - Rebaudengo;04;Biossido di azoto (NO2);23;microgrammi / metro cubo;28.0;V;
25/08/2015;05:00;13;001272;805;Torino - Rebaudengo;04;Biossido di azoto (NO2);23;microgrammi / metro cubo;29.0;V;
25/08/2015;06:00;13;001272;805;Torino - Rebaudengo;04;Biossido di azoto (NO2);23;microgrammi / metro cubo;33.0;V;
25/08/2015;07:00;13;001272;805;Torino - Rebaudengo;04;Biossido di azoto (NO2);23;microgrammi / metro cubo;31.0;V;
25/08/2015;08:00;13;001272;805;Torino - Rebaudengo;04;Biossido di azoto (NO2);23;microgrammi / metro cubo;47.0;V;
25/08/2015;09:00;13;001272;805;Torino - Rebaudengo;04;Biossido di azoto (NO2);23;microgrammi / metro cubo;40.0;V;
25/08/2015;10:00;13;001272;805;Torino - Rebaudengo;04;Biossido di azoto (NO2);23;microgrammi / metro cubo;39.0;V;
25/08/2015;11:00;13;001272;805;Torino - Rebaudengo;04;Biossido di azoto (NO2);23;microgrammi / metro cubo;37.0;V;
25/08/2015;12:00;13;001272;805;Torino - Rebaudengo;04;Biossido di azoto (NO2);23;microgrammi / metro cubo;23.0;V;
25/08/2015;13:00;13;001272;805;Torino - Rebaudengo;04;Biossido di azoto (NO2);23;microgrammi / metro cubo;20.0;V;
25/08/2015;14:00;13;001272;805;Torino - Rebaudengo;04;Biossido di azoto (NO2);23;microgrammi / metro cubo;22.0;V;
25/08/2015;15:00;13;001272;805;Torino - Rebaudengo;04;Biossido di azoto (NO2);23;microgrammi / metro cubo;23.0;V;
25/08/2015;16:00;13;001272;805;Torino - Rebaudengo;04;Biossido di azoto (NO2);23;microgrammi / metro cubo;23.0;V;
25/08/2015;17:00;13;001272;805;Torino - Rebaudengo;04;Biossido di azoto (NO2);23;microgrammi / metro cubo;27.0;V;
25/08/2015;18:00;13;001272;805;Torino - Rebaudengo;04;Biossido di azoto (NO2);23;microgrammi / metro cubo;35.0;V;
25/08/2015;19:00;13;001272;805;Torino - Rebaudengo;04;Biossido di azoto (NO2);23;microgrammi / metro cubo;33.0;V;
25/08/2015;20:00;13;001272;805;Torino - Rebaudengo;04;Biossido di azoto (NO2);23;microgrammi / metro cubo;44.0;V;
25/08/2015;21:00;13;001272;805;Torino - Rebaudengo;04;Biossido di azoto (NO2);23;microgrammi / metro cubo;85.0;V;
25/08/2015;22:00;13;001272;805;Torino - Rebaudengo;04;Biossido di azoto (NO2);23;microgrammi / metro cubo;58.0;V;
25/08/2015;23:00;13;001272;805;Torino - Rebaudengo;04;Biossido di azoto (NO2);23;microgrammi / metro cubo;51.0;V;
25/08/2015;23:59;13;001272;805;Torino - Rebaudengo;04;Biossido di azoto (NO2);23;microgrammi / metro cubo;44.0;V;
26/08/2015;01:00;13;001272;805;Torino - Rebaudengo;04;Biossido di azoto (NO2);23;microgrammi / metro cubo;40.0;V;
26/08/2015;02:00;13;001272;805;Torino - Rebaudengo;04;Biossido di azoto (NO2);23;microgrammi / metro cubo;36.0;V;
26/08/2015;03:00;13;001272;805;Torino - Rebaudengo;04;Biossido di azoto (NO2);23;microgrammi / metro cubo;29.0;V;
26/08/2015;04:00;13;001272;805;Torino - Rebaudengo;04;Biossido di azoto (NO2);23;microgrammi / metro cubo;31.0;V;
26/08/2015;05:00;13;001272;805;Torino - Rebaudengo;04;Biossido di azoto (NO2);23;microgrammi / metro cubo;31.0;V;
26/08/2015;06:00;13;001272;805;Torino - Rebaudengo;04;Biossido di azoto (NO2);23;microgrammi / metro cubo;36.0;V;
26/08/2015;07:00;13;001272;805;Torino - Rebaudengo;04;Biossido di azoto (NO2);23;microgrammi / metro cubo;41.0;V;
26/08/2015;08:00;13;001272;805;Torino - Rebaudengo;04;Biossido di azoto (NO2);23;microgrammi / metro cubo;41.0;V;
26/08/2015;09:00;13;001272;805;Torino - Rebaudengo;04;Biossido di azoto (NO2);23;microgrammi / metro cubo;47.0;V;
26/08/2015;10:00;13;001272;805;Torino - Rebaudengo;04;Biossido di azoto (NO2);23;microgrammi / metro cubo;40.0;V;
26/08/2015;11:00;13;001272;805;Torino - Rebaudengo;04;Biossido di azoto (NO2);23;microgrammi / metro cubo;31.0;V;
26/08/2015;12:00;13;001272;805;Torino - Rebaudengo;04;Biossido di azoto (NO2);23;microgrammi / metro cubo;24.0;V;
26/08/2015;13:00;13;001272;805;Torino - Rebaudengo;04;Biossido di azoto (NO2);23;microgrammi / metro cubo;22.0;V;
26/08/2015;14:00;13;001272;805;Torino - Rebaudengo;04;Biossido di azoto (NO2);23;microgrammi / metro cubo;26.0;V;
26/08/2015;15:00;13;001272;805;Torino - Rebaudengo;04;Biossido di azoto (NO2);23;microgrammi / metro cubo;20.0;V;
26/08/2015;16:00;13;001272;805;Torino - Rebaudengo;04;Biossido di azoto (NO2);23;microgrammi / metro cubo;28.0;V;
26/08/2015;17:00;13;001272;805;Torino - Rebaudengo;04;Biossido di azoto (NO2);23;microgrammi / metro cubo;26.0;V;
26/08/2015;18:00;13;001272;805;Torino - Rebaudengo;04;Biossido di azoto (NO2);23;microgrammi / metro cubo;29.0;V;
26/08/2015;19:00;13;001272;805;Torino - Rebaudengo;04;Biossido di azoto (NO2);23;microgrammi / metro cubo;36.0;V;
26/08/2015;20:00;13;001272;805;Torino - Rebaudengo;04;Biossido di azoto (NO2);23;microgrammi / metro cubo;59.0;V;
26/08/2015;21:00;13;001272;805;Torino - Rebaudengo;04;Biossido di azoto (NO2);23;microgrammi / metro cubo;61.0;V;
26/08/2015;22:00;13;001272;805;Torino - Rebaudengo;04;Biossido di azoto (NO2);23;microgrammi / metro cubo;44.0;V;
26/08/2015;23:00;13;001272;805;Torino - Rebaudengo;04;Biossido di azoto (NO2);23;microgrammi / metro cubo;32.0;V;
26/08/2015;23:59;13;001272;805;Torino - Rebaudengo;04;Biossido di azoto (NO2);23;microgrammi / metro cubo;30.0;V;
27/08/2015;01:00;13;001272;805;Torino - Rebaudengo;04;Biossido di azoto (NO2);23;microgrammi / metro cubo;45.0;V;
27/08/2015;02:00;13;001272;805;Torino - Rebaudengo;04;Biossido di azoto (NO2);23;microgrammi / metro cubo;34.0;V;
27/08/2015;03:00;13;001272;805;Torino - Rebaudengo;04;Biossido di azoto (NO2);23;microgrammi / metro cubo;29.0;V;
27/08/2015;04:00;13;001272;805;Torino - Rebaudengo;04;Biossido di azoto (NO2);23;microgrammi / metro cubo;35.0;V;
27/08/2015;05:00;13;001272;805;Torino - Rebaudengo;04;Biossido di azoto (NO2);23;microgrammi / metro cubo;44.0;V;
27/08/2015;06:00;13;001272;805;Torino - Rebaudengo;04;Biossido di azoto (NO2);23;microgrammi / metro cubo;47.0;V;
27/08/2015;07:00;13;001272;805;Torino - Rebaudengo;04;Biossido di azoto (NO2);23;microgrammi / metro cubo;60.0;V;
27/08/2015;08:00;13;001272;805;Torino - Rebaudengo;04;Biossido di azoto (NO2);23;microgrammi / metro cubo;54.0;V;
27/08/2015;09:00;13;001272;805;Torino - Rebaudengo;04;Biossido di azoto (NO2);23;microgrammi / metro cubo;57.0;V;
27/08/2015;10:00;13;001272;805;Torino - Rebaudengo;04;Biossido di azoto (NO2);23;microgrammi / metro cubo;45.0;V;
27/08/2015;11:00;13;001272;805;Torino - Rebaudengo;04;Biossido di azoto (NO2);23;microgrammi / metro cubo;32.0;V;
27/08/2015;12:00;13;001272;805;Torino - Rebaudengo;04;Biossido di azoto (NO2);23;microgrammi / metro cubo;35.0;V;
27/08/2015;13:00;13;001272;805;Torino - Rebaudengo;04;Biossido di azoto (NO2);23;microgrammi / metro cubo;29.0;V;
27/08/2015;14:00;13;001272;805;Torino - Rebaudengo;04;Biossido di azoto (NO2);23;microgrammi / metro cubo;30.0;V;
27/08/2015;15:00;13;001272;805;Torino - Rebaudengo;04;Biossido di azoto (NO2);23;microgrammi / metro cubo;38.0;V;
27/08/2015;16:00;13;001272;805;Torino - Rebaudengo;04;Biossido di azoto (NO2);23;microgrammi / metro cubo;39.0;V;
27/08/2015;17:00;13;001272;805;Torino - Rebaudengo;04;Biossido di azoto (NO2);23;microgrammi / metro cubo;47.0;V;
27/08/2015;18:00;13;001272;805;Torino - Rebaudengo;04;Biossido di azoto (NO2);23;microgrammi / metro cubo;50.0;V;
27/08/2015;19:00;13;001272;805;Torino - Rebaudengo;04;Biossido di azoto (NO2);23;microgrammi / metro cubo;45.0;V;
27/08/2015;20:00;13;001272;805;Torino - Rebaudengo;04;Biossido di azoto (NO2);23;microgrammi / metro cubo;56.0;V;
27/08/2015;21:00;13;001272;805;Torino - Rebaudengo;04;Biossido di azoto (NO2);23;microgrammi / metro cubo;50.0;V;
27/08/2015;22:00;13;001272;805;Torino - Rebaudengo;04;Biossido di azoto (NO2);23;microgrammi / metro cubo;40.0;V;
27/08/2015;23:00;13;001272;805;Torino - Rebaudengo;04;Biossido di azoto (NO2);23;microgrammi / metro cubo;37.0;V;
27/08/2015;23:59;13;001272;805;Torino - Rebaudengo;04;Biossido di azoto (NO2);23;microgrammi / metro cubo;38.0;V;
28/08/2015;01:00;13;001272;805;Torino - Rebaudengo;04;Biossido di azoto (NO2);23;microgrammi / metro cubo;32.0;V;
28/08/2015;02:00;13;001272;805;Torino - Rebaudengo;04;Biossido di azoto (NO2);23;microgrammi / metro cubo;30.0;V;
28/08/2015;03:00;13;001272;805;Torino - Rebaudengo;04;Biossido di azoto (NO2);23;microgrammi / metro cubo;33.0;V;
28/08/2015;04:00;13;001272;805;Torino - Rebaudengo;04;Biossido di azoto (NO2);23;microgrammi / metro cubo;27.0;V;
28/08/2015;05:00;13;001272;805;Torino - Rebaudengo;04;Biossido di azoto (NO2);23;microgrammi / metro cubo;47.0;V;
28/08/2015;06:00;13;001272;805;Torino - Rebaudengo;04;Biossido di azoto (NO2);23;microgrammi / metro cubo;46.0;V;
28/08/2015;07:00;13;001272;805;Torino - Rebaudengo;04;Biossido di azoto (NO2);23;microgrammi / metro cubo;57.0;V;
28/08/2015;08:00;13;001272;805;Torino - Rebaudengo;04;Biossido di azoto (NO2);23;microgrammi / metro cubo;55.0;V;
28/08/2015;09:00;13;001272;805;Torino - Rebaudengo;04;Biossido di azoto (NO2);23;microgrammi / metro cubo;53.0;V;
28/08/2015;10:00;13;001272;805;Torino - Rebaudengo;04;Biossido di azoto (NO2);23;microgrammi / metro cubo;56.0;V;
28/08/2015;11:00;13;001272;805;Torino - Rebaudengo;04;Biossido di azoto (NO2);23;microgrammi / metro cubo;42.0;V;
28/08/2015;12:00;13;001272;805;Torino - Rebaudengo;04;Biossido di azoto (NO2);23;microgrammi / metro cubo;48.0;V;
28/08/2015;13:00;13;001272;805;Torino - Rebaudengo;04;Biossido di azoto (NO2);23;microgrammi / metro cubo;29.0;V;
28/08/2015;14:00;13;001272;805;Torino - Rebaudengo;04;Biossido di azoto (NO2);23;microgrammi / metro cubo;30.0;V;
28/08/2015;15:00;13;001272;805;Torino - Rebaudengo;04;Biossido di azoto (NO2);23;microgrammi / metro cubo;29.0;V;
28/08/2015;16:00;13;001272;805;Torino - Rebaudengo;04;Biossido di azoto (NO2);23;microgrammi / metro cubo;43.0;V;
28/08/2015;17:00;13;001272;805;Torino - Rebaudengo;04;Biossido di azoto (NO2);23;microgrammi / metro cubo;37.0;V;
28/08/2015;18:00;13;001272;805;Torino - Rebaudengo;04;Biossido di azoto (NO2);23;microgrammi / metro cubo;39.0;V;
28/08/2015;19:00;13;001272;805;Torino - Rebaudengo;04;Biossido di azoto (NO2);23;microgrammi / metro cubo;56.0;V;
28/08/2015;20:00;13;001272;805;Torino - Rebaudengo;04;Biossido di azoto (NO2);23;microgrammi / metro cubo;84.0;V;
28/08/2015;21:00;13;001272;805;Torino - Rebaudengo;04;Biossido di azoto (NO2);23;microgrammi / metro cubo;102.0;V;
28/08/2015;22:00;13;001272;805;Torino - Rebaudengo;04;Biossido di azoto (NO2);23;microgrammi / metro cubo;53.0;V;
28/08/2015;23:00;13;001272;805;Torino - Rebaudengo;04;Biossido di azoto (NO2);23;microgrammi / metro cubo;30.0;V;
28/08/2015;23:59;13;001272;805;Torino - Rebaudengo;04;Biossido di azoto (NO2);23;microgrammi / metro cubo;34.0;V;
29/08/2015;01:00;13;001272;805;Torino - Rebaudengo;04;Biossido di azoto (NO2);23;microgrammi / metro cubo;32.0;V;
29/08/2015;02:00;13;001272;805;Torino - Rebaudengo;04;Biossido di azoto (NO2);23;microgrammi / metro cubo;33.0;V;
29/08/2015;03:00;13;001272;805;Torino - Rebaudengo;04;Biossido di azoto (NO2);23;microgrammi / metro cubo;28.0;V;
29/08/2015;04:00;13;001272;805;Torino - Rebaudengo;04;Biossido di azoto (NO2);23;microgrammi / metro cubo;35.0;V;
29/08/2015;05:00;13;001272;805;Torino - Rebaudengo;04;Biossido di azoto (NO2);23;microgrammi / metro cubo;34.0;V;
29/08/2015;06:00;13;001272;805;Torino - Rebaudengo;04;Biossido di azoto (NO2);23;microgrammi / metro cubo;47.0;V;
29/08/2015;07:00;13;001272;805;Torino - Rebaudengo;04;Biossido di azoto (NO2);23;microgrammi / metro cubo;59.0;V;
29/08/2015;08:00;13;001272;805;Torino - Rebaudengo;04;Biossido di azoto (NO2);23;microgrammi / metro cubo;57.0;V;
29/08/2015;09:00;13;001272;805;Torino - Rebaudengo;04;Biossido di azoto (NO2);23;microgrammi / metro cubo;53.0;V;
29/08/2015;10:00;13;001272;805;Torino - Rebaudengo;04;Biossido di azoto (NO2);23;microgrammi / metro cubo;53.0;V;
29/08/2015;11:00;13;001272;805;Torino - Rebaudengo;04;Biossido di azoto (NO2);23;microgrammi / metro cubo;36.0;V;
29/08/2015;12:00;13;001272;805;Torino - Rebaudengo;04;Biossido di azoto (NO2);23;microgrammi / metro cubo;29.0;V;
29/08/2015;13:00;13;001272;805;Torino - Rebaudengo;04;Biossido di azoto (NO2);23;microgrammi / metro cubo;30.0;V;
29/08/2015;14:00;13;001272;805;Torino - Rebaudengo;04;Biossido di azoto (NO2);23;microgrammi / metro cubo;26.0;V;
29/08/2015;15:00;13;001272;805;Torino - Rebaudengo;04;Biossido di azoto (NO2);23;microgrammi / metro cubo;30.0;V;
29/08/2015;16:00;13;001272;805;Torino - Rebaudengo;04;Biossido di azoto (NO2);23;microgrammi / metro cubo;27.0;V;
29/08/2015;17:00;13;001272;805;Torino - Rebaudengo;04;Biossido di azoto (NO2);23;microgrammi / metro cubo;18.0;V;
29/08/2015;18:00;13;001272;805;Torino - Rebaudengo;04;Biossido di azoto (NO2);23;microgrammi / metro cubo;36.0;V;
29/08/2015;19:00;13;001272;805;Torino - Rebaudengo;04;Biossido di azoto (NO2);23;microgrammi / metro cubo;34.0;V;
29/08/2015;20:00;13;001272;805;Torino - Rebaudengo;04;Biossido di azoto (NO2);23;microgrammi / metro cubo;69.0;V;
29/08/2015;21:00;13;001272;805;Torino - Rebaudengo;04;Biossido di azoto (NO2);23;microgrammi / metro cubo;64.0;V;
29/08/2015;22:00;13;001272;805;Torino - Rebaudengo;04;Biossido di azoto (NO2);23;microgrammi / metro cubo;28.0;V;
29/08/2015;23:00;13;001272;805;Torino - Rebaudengo;04;Biossido di azoto (NO2);23;microgrammi / metro cubo;42.0;V;
29/08/2015;23:59;13;001272;805;Torino - Rebaudengo;04;Biossido di azoto (NO2);23;microgrammi / metro cubo;44.0;V;
30/08/2015;01:00;13;001272;805;Torino - Rebaudengo;04;Biossido di azoto (NO2);23;microgrammi / metro cubo;37.0;V;
30/08/2015;02:00;13;001272;805;Torino - Rebaudengo;04;Biossido di azoto (NO2);23;microgrammi / metro cubo;36.0;V;
30/08/2015;03:00;13;001272;805;Torino - Rebaudengo;04;Biossido di azoto (NO2);23;microgrammi / metro cubo;29.0;V;
30/08/2015;04:00;13;001272;805;Torino - Rebaudengo;04;Biossido di azoto (NO2);23;microgrammi / metro cubo;43.0;V;
30/08/2015;05:00;13;001272;805;Torino - Rebaudengo;04;Biossido di azoto (NO2);23;microgrammi / metro cubo;45.0;V;
30/08/2015;06:00;13;001272;805;Torino - Rebaudengo;04;Biossido di azoto (NO2);23;microgrammi / metro cubo;34.0;V;
30/08/2015;07:00;13;001272;805;Torino - Rebaudengo;04;Biossido di azoto (NO2);23;microgrammi / metro cubo;39.0;V;
30/08/2015;08:00;13;001272;805;Torino - Rebaudengo;04;Biossido di azoto (NO2);23;microgrammi / metro cubo;43.0;V;
30/08/2015;09:00;13;001272;805;Torino - Rebaudengo;04;Biossido di azoto (NO2);23;microgrammi / metro cubo;38.0;V;
30/08/2015;10:00;13;001272;805;Torino - Rebaudengo;04;Biossido di azoto (NO2);23;microgrammi / metro cubo;37.0;V;
30/08/2015;11:00;13;001272;805;Torino - Rebaudengo;04;Biossido di azoto (NO2);23;microgrammi / metro cubo;36.0;V;
30/08/2015;12:00;13;001272;805;Torino - Rebaudengo;04;Biossido di azoto (NO2);23;microgrammi / metro cubo;32.0;V;
30/08/2015;13:00;13;001272;805;Torino - Rebaudengo;04;Biossido di azoto (NO2);23;microgrammi / metro cubo;22.0;V;
30/08/2015;14:00;13;001272;805;Torino - Rebaudengo;04;Biossido di azoto (NO2);23;microgrammi / metro cubo;19.0;V;
30/08/2015;15:00;13;001272;805;Torino - Rebaudengo;04;Biossido di azoto (NO2);23;microgrammi / metro cubo;20.0;V;
30/08/2015;16:00;13;001272;805;Torino - Rebaudengo;04;Biossido di azoto (NO2);23;microgrammi / metro cubo;24.0;V;
30/08/2015;17:00;13;001272;805;Torino - Rebaudengo;04;Biossido di azoto (NO2);23;microgrammi / metro cubo;30.0;V;
30/08/2015;18:00;13;001272;805;Torino - Rebaudengo;04;Biossido di azoto (NO2);23;microgrammi / metro cubo;27.0;V;
30/08/2015;19:00;13;001272;805;Torino - Rebaudengo;04;Biossido di azoto (NO2);23;microgrammi / metro cubo;44.0;V;
30/08/2015;20:00;13;001272;805;Torino - Rebaudengo;04;Biossido di azoto (NO2);23;microgrammi / metro cubo;77.0;V;
30/08/2015;21:00;13;001272;805;Torino - Rebaudengo;04;Biossido di azoto (NO2);23;microgrammi / metro cubo;57.0;V;
30/08/2015;22:00;13;001272;805;Torino - Rebaudengo;04;Biossido di azoto (NO2);23;microgrammi / metro cubo;34.0;V;
30/08/2015;23:00;13;001272;805;Torino - Rebaudengo;04;Biossido di azoto (NO2);23;microgrammi / metro cubo;38.0;V;
30/08/2015;23:59;13;001272;805;Torino - Rebaudengo;04;Biossido di azoto (NO2);23;microgrammi / metro cubo;39.0;V;
31/08/2015;01:00;13;001272;805;Torino - Rebaudengo;04;Biossido di azoto (NO2);23;microgrammi / metro cubo;35.0;V;
31/08/2015;02:00;13;001272;805;Torino - Rebaudengo;04;Biossido di azoto (NO2);23;microgrammi / metro cubo;30.0;V;
31/08/2015;03:00;13;001272;805;Torino - Rebaudengo;04;Biossido di azoto (NO2);23;microgrammi / metro cubo;25.0;V;
31/08/2015;04:00;13;001272;805;Torino - Rebaudengo;04;Biossido di azoto (NO2);23;microgrammi / metro cubo;33.0;V;
31/08/2015;05:00;13;001272;805;Torino - Rebaudengo;04;Biossido di azoto (NO2);23;microgrammi / metro cubo;42.0;V;
31/08/2015;06:00;13;001272;805;Torino - Rebaudengo;04;Biossido di azoto (NO2);23;microgrammi / metro cubo;55.0;V;
31/08/2015;07:00;13;001272;805;Torino - Rebaudengo;04;Biossido di azoto (NO2);23;microgrammi / metro cubo;67.0;V;
31/08/2015;08:00;13;001272;805;Torino - Rebaudengo;04;Biossido di azoto (NO2);23;microgrammi / metro cubo;84.0;V;
31/08/2015;09:00;13;001272;805;Torino - Rebaudengo;04;Biossido di azoto (NO2);23;microgrammi / metro cubo;71.0;V;
31/08/2015;10:00;13;001272;805;Torino - Rebaudengo;04;Biossido di azoto (NO2);23;microgrammi / metro cubo;58.0;V;
31/08/2015;11:00;13;001272;805;Torino - Rebaudengo;04;Biossido di azoto (NO2);23;microgrammi / metro cubo;40.0;V;
31/08/2015;12:00;13;001272;805;Torino - Rebaudengo;04;Biossido di azoto (NO2);23;microgrammi / metro cubo;34.0;V;
31/08/2015;13:00;13;001272;805;Torino - Rebaudengo;04;Biossido di azoto (NO2);23;microgrammi / metro cubo;40.0;V;
31/08/2015;14:00;13;001272;805;Torino - Rebaudengo;04;Biossido di azoto (NO2);23;microgrammi / metro cubo;38.0;V;
31/08/2015;15:00;13;001272;805;Torino - Rebaudengo;04;Biossido di azoto (NO2);23;microgrammi / metro cubo;33.0;V;
31/08/2015;16:00;13;001272;805;Torino - Rebaudengo;04;Biossido di azoto (NO2);23;microgrammi / metro cubo;37.0;V;
31/08/2015;17:00;13;001272;805;Torino - Rebaudengo;04;Biossido di azoto (NO2);23;microgrammi / metro cubo;46.0;V;
31/08/2015;18:00;13;001272;805;Torino - Rebaudengo;04;Biossido di azoto (NO2);23;microgrammi / metro cubo;46.0;V;
31/08/2015;19:00;13;001272;805;Torino - Rebaudengo;04;Biossido di azoto (NO2);23;microgrammi / metro cubo;58.0;V;
31/08/2015;20:00;13;001272;805;Torino - Rebaudengo;04;Biossido di azoto (NO2);23;microgrammi / metro cubo;44.0;V;
31/08/2015;21:00;13;001272;805;Torino - Rebaudengo;04;Biossido di azoto (NO2);23;microgrammi / metro cubo;63.0;V;
31/08/2015;22:00;13;001272;805;Torino - Rebaudengo;04;Biossido di azoto (NO2);23;microgrammi / metro cubo;58.0;V;
31/08/2015;23:00;13;001272;805;Torino - Rebaudengo;04;Biossido di azoto (NO2);23;microgrammi / metro cubo;40.0;V;
31/08/2015;23:59;13;001272;805;Torino - Rebaudengo;04;Biossido di azoto (NO2);23;microgrammi / metro cubo;37.0;V;
01/09/2015;01:00;13;001272;805;Torino - Rebaudengo;04;Biossido di azoto (NO2);23;microgrammi / metro cubo;28.0;V;
01/09/2015;02:00;13;001272;805;Torino - Rebaudengo;04;Biossido di azoto (NO2);23;microgrammi / metro cubo;30.0;V;
01/09/2015;03:00;13;001272;805;Torino - Rebaudengo;04;Biossido di azoto (NO2);23;microgrammi / metro cubo;29.0;V;
01/09/2015;04:00;13;001272;805;Torino - Rebaudengo;04;Biossido di azoto (NO2);23;microgrammi / metro cubo;32.0;V;
01/09/2015;05:00;13;001272;805;Torino - Rebaudengo;04;Biossido di azoto (NO2);23;microgrammi / metro cubo;44.0;V;
01/09/2015;06:00;13;001272;805;Torino - Rebaudengo;04;Biossido di azoto (NO2);23;microgrammi / metro cubo;50.0;V;
01/09/2015;07:00;13;001272;805;Torino - Rebaudengo;04;Biossido di azoto (NO2);23;microgrammi / metro cubo;63.0;V;
01/09/2015;08:00;13;001272;805;Torino - Rebaudengo;04;Biossido di azoto (NO2);23;microgrammi / metro cubo;69.0;V;
01/09/2015;09:00;13;001272;805;Torino - Rebaudengo;04;Biossido di azoto (NO2);23;microgrammi / metro cubo;73.0;V;
01/09/2015;10:00;13;001272;805;Torino - Rebaudengo;04;Biossido di azoto (NO2);23;microgrammi / metro cubo;55.0;V;
01/09/2015;11:00;13;001272;805;Torino - Rebaudengo;04;Biossido di azoto (NO2);23;microgrammi / metro cubo;54.0;V;
01/09/2015;12:00;13;001272;805;Torino - Rebaudengo;04;Biossido di azoto (NO2);23;microgrammi / metro cubo;41.0;V;
01/09/2015;13:00;13;001272;805;Torino - Rebaudengo;04;Biossido di azoto (NO2);23;microgrammi / metro cubo;36.0;V;
01/09/2015;14:00;13;001272;805;Torino - Rebaudengo;04;Biossido di azoto (NO2);23;microgrammi / metro cubo;38.0;V;
01/09/2015;15:00;13;001272;805;Torino - Rebaudengo;04;Biossido di azoto (NO2);23;microgrammi / metro cubo;30.0;V;
01/09/2015;16:00;13;001272;805;Torino - Rebaudengo;04;Biossido di azoto (NO2);23;microgrammi / metro cubo;40.0;V;
01/09/2015;17:00;13;001272;805;Torino - Rebaudengo;04;Biossido di azoto (NO2);23;microgrammi / metro cubo;34.0;V;
01/09/2015;18:00;13;001272;805;Torino - Rebaudengo;04;Biossido di azoto (NO2);23;microgrammi / metro cubo;38.0;V;
01/09/2015;19:00;13;001272;805;Torino - Rebaudengo;04;Biossido di azoto (NO2);23;microgrammi / metro cubo;38.0;V;
01/09/2015;20:00;13;001272;805;Torino - Rebaudengo;04;Biossido di azoto (NO2);23;microgrammi / metro cubo;43.0;V;
01/09/2015;21:00;13;001272;805;Torino - Rebaudengo;04;Biossido di azoto (NO2);23;microgrammi / metro cubo;40.0;V;
01/09/2015;22:00;13;001272;805;Torino - Rebaudengo;04;Biossido di azoto (NO2);23;microgrammi / metro cubo;47.0;V;
01/09/2015;23:00;13;001272;805;Torino - Rebaudengo;04;Biossido di azoto (NO2);23;microgrammi / metro cubo;38.0;V;
01/09/2015;23:59;13;001272;805;Torino - Rebaudengo;04;Biossido di azoto (NO2);23;microgrammi / metro cubo;49.0;V;
02/09/2015;01:00;13;001272;805;Torino - Rebaudengo;04;Biossido di azoto (NO2);23;microgrammi / metro cubo;52.0;V;
02/09/2015;02:00;13;001272;805;Torino - Rebaudengo;04;Biossido di azoto (NO2);23;microgrammi / metro cubo;37.0;V;
02/09/2015;03:00;13;001272;805;Torino - Rebaudengo;04;Biossido di azoto (NO2);23;microgrammi / metro cubo;31.0;V;
02/09/2015;04:00;13;001272;805;Torino - Rebaudengo;04;Biossido di azoto (NO2);23;microgrammi / metro cubo;31.0;V;
02/09/2015;05:00;13;001272;805;Torino - Rebaudengo;04;Biossido di azoto (NO2);23;microgrammi / metro cubo;43.0;V;
02/09/2015;06:00;13;001272;805;Torino - Rebaudengo;04;Biossido di azoto (NO2);23;microgrammi / metro cubo;45.0;V;
02/09/2015;07:00;13;001272;805;Torino - Rebaudengo;04;Biossido di azoto (NO2);23;microgrammi / metro cubo;50.0;V;
02/09/2015;08:00;13;001272;805;Torino - Rebaudengo;04;Biossido di azoto (NO2);23;microgrammi / metro cubo;59.0;V;
02/09/2015;09:00;13;001272;805;Torino - Rebaudengo;04;Biossido di azoto (NO2);23;microgrammi / metro cubo;66.0;V;
02/09/2015;10:00;13;001272;805;Torino - Rebaudengo;04;Biossido di azoto (NO2);23;microgrammi / metro cubo;62.0;V;
02/09/2015;11:00;13;001272;805;Torino - Rebaudengo;04;Biossido di azoto (NO2);23;microgrammi / metro cubo;51.0;V;
02/09/2015;12:00;13;001272;805;Torino - Rebaudengo;04;Biossido di azoto (NO2);23;microgrammi / metro cubo;35.0;V;
02/09/2015;13:00;13;001272;805;Torino - Rebaudengo;04;Biossido di azoto (NO2);23;microgrammi / metro cubo;27.0;V;
02/09/2015;14:00;13;001272;805;Torino - Rebaudengo;04;Biossido di azoto (NO2);23;microgrammi / metro cubo;41.0;V;
02/09/2015;15:00;13;001272;805;Torino - Rebaudengo;04;Biossido di azoto (NO2);23;microgrammi / metro cubo;29.0;V;
02/09/2015;16:00;13;001272;805;Torino - Rebaudengo;04;Biossido di azoto (NO2);23;microgrammi / metro cubo;33.0;V;
02/09/2015;17:00;13;001272;805;Torino - Rebaudengo;04;Biossido di azoto (NO2);23;microgrammi / metro cubo;36.0;V;
02/09/2015;18:00;13;001272;805;Torino - Rebaudengo;04;Biossido di azoto (NO2);23;microgrammi / metro cubo;51.0;V;
02/09/2015;19:00;13;001272;805;Torino - Rebaudengo;04;Biossido di azoto (NO2);23;microgrammi / metro cubo;32.0;V;
02/09/2015;20:00;13;001272;805;Torino - Rebaudengo;04;Biossido di azoto (NO2);23;microgrammi / metro cubo;24.0;V;
02/09/2015;21:00;13;001272;805;Torino - Rebaudengo;04;Biossido di azoto (NO2);23;microgrammi / metro cubo;25.0;V;
02/09/2015;22:00;13;001272;805;Torino - Rebaudengo;04;Biossido di azoto (NO2);23;microgrammi / metro cubo;36.0;V;
02/09/2015;23:00;13;001272;805;Torino - Rebaudengo;04;Biossido di azoto (NO2);23;microgrammi / metro cubo;28.0;V;
02/09/2015;23:59;13;001272;805;Torino - Rebaudengo;04;Biossido di azoto (NO2);23;microgrammi / metro cubo;33.0;V;
03/09/2015;01:00;13;001272;805;Torino - Rebaudengo;04;Biossido di azoto (NO2);23;microgrammi / metro cubo;35.0;V;
03/09/2015;02:00;13;001272;805;Torino - Rebaudengo;04;Biossido di azoto (NO2);23;microgrammi / metro cubo;21.0;V;
03/09/2015;03:00;13;001272;805;Torino - Rebaudengo;04;Biossido di azoto (NO2);23;microgrammi / metro cubo;15.0;V;
03/09/2015;04:00;13;001272;805;Torino - Rebaudengo;04;Biossido di azoto (NO2);23;microgrammi / metro cubo;16.0;V;
03/09/2015;05:00;13;001272;805;Torino - Rebaudengo;04;Biossido di azoto (NO2);23;microgrammi / metro cubo;25.0;V;
03/09/2015;06:00;13;001272;805;Torino - Rebaudengo;04;Biossido di azoto (NO2);23;microgrammi / metro cubo;34.0;V;
03/09/2015;07:00;13;001272;805;Torino - Rebaudengo;04;Biossido di azoto (NO2);23;microgrammi / metro cubo;40.0;V;
03/09/2015;08:00;13;001272;805;Torino - Rebaudengo;04;Biossido di azoto (NO2);23;microgrammi / metro cubo;58.0;V;
03/09/2015;09:00;13;001272;805;Torino - Rebaudengo;04;Biossido di azoto (NO2);23;microgrammi / metro cubo;47.0;V;
03/09/2015;10:00;13;001272;805;Torino - Rebaudengo;04;Biossido di azoto (NO2);23;microgrammi / metro cubo;38.0;V;
03/09/2015;11:00;13;001272;805;Torino - Rebaudengo;04;Biossido di azoto (NO2);23;microgrammi / metro cubo;44.0;V;
03/09/2015;12:00;13;001272;805;Torino - Rebaudengo;04;Biossido di azoto (NO2);23;microgrammi / metro cubo;40.0;V;
03/09/2015;13:00;13;001272;805;Torino - Rebaudengo;04;Biossido di azoto (NO2);23;microgrammi / metro cubo;31.0;V;
03/09/2015;14:00;13;001272;805;Torino - Rebaudengo;04;Biossido di azoto (NO2);23;microgrammi / metro cubo;28.0;V;
03/09/2015;15:00;13;001272;805;Torino - Rebaudengo;04;Biossido di azoto (NO2);23;microgrammi / metro cubo;35.0;V;
03/09/2015;16:00;13;001272;805;Torino - Rebaudengo;04;Biossido di azoto (NO2);23;microgrammi / metro cubo;45.0;V;
03/09/2015;17:00;13;001272;805;Torino - Rebaudengo;04;Biossido di azoto (NO2);23;microgrammi / metro cubo;45.0;V;
03/09/2015;18:00;13;001272;805;Torino - Rebaudengo;04;Biossido di azoto (NO2);23;microgrammi / metro cubo;39.0;V;
03/09/2015;19:00;13;001272;805;Torino - Rebaudengo;04;Biossido di azoto (NO2);23;microgrammi / metro cubo;42.0;V;
03/09/2015;20:00;13;001272;805;Torino - Rebaudengo;04;Biossido di azoto (NO2);23;microgrammi / metro cubo;50.0;V;
03/09/2015;21:00;13;001272;805;Torino - Rebaudengo;04;Biossido di azoto (NO2);23;microgrammi / metro cubo;46.0;V;
03/09/2015;22:00;13;001272;805;Torino - Rebaudengo;04;Biossido di azoto (NO2);23;microgrammi / metro cubo;42.0;V;
03/09/2015;23:00;13;001272;805;Torino - Rebaudengo;04;Biossido di azoto (NO2);23;microgrammi / metro cubo;45.0;V;
03/09/2015;23:59;13;001272;805;Torino - Rebaudengo;04;Biossido di azoto (NO2);23;microgrammi / metro cubo;31.0;V;
04/09/2015;01:00;13;001272;805;Torino - Rebaudengo;04;Biossido di azoto (NO2);23;microgrammi / metro cubo;25.0;V;
04/09/2015;02:00;13;001272;805;Torino - Rebaudengo;04;Biossido di azoto (NO2);23;microgrammi / metro cubo;22.0;V;
04/09/2015;03:00;13;001272;805;Torino - Rebaudengo;04;Biossido di azoto (NO2);23;microgrammi / metro cubo;27.0;V;
04/09/2015;04:00;13;001272;805;Torino - Rebaudengo;04;Biossido di azoto (NO2);23;microgrammi / metro cubo;35.0;V;
04/09/2015;05:00;13;001272;805;Torino - Rebaudengo;04;Biossido di azoto (NO2);23;microgrammi / metro cubo;39.0;V;
04/09/2015;06:00;13;001272;805;Torino - Rebaudengo;04;Biossido di azoto (NO2);23;microgrammi / metro cubo;39.0;V;
04/09/2015;07:00;13;001272;805;Torino - Rebaudengo;04;Biossido di azoto (NO2);23;microgrammi / metro cubo;52.0;V;
04/09/2015;08:00;13;001272;805;Torino - Rebaudengo;04;Biossido di azoto (NO2);23;microgrammi / metro cubo;63.0;V;
04/09/2015;09:00;13;001272;805;Torino - Rebaudengo;04;Biossido di azoto (NO2);23;microgrammi / metro cubo;66.0;V;
04/09/2015;10:00;13;001272;805;Torino - Rebaudengo;04;Biossido di azoto (NO2);23;microgrammi / metro cubo;54.0;V;
04/09/2015;11:00;13;001272;805;Torino - Rebaudengo;04;Biossido di azoto (NO2);23;microgrammi / metro cubo;41.0;V;
04/09/2015;12:00;13;001272;805;Torino - Rebaudengo;04;Biossido di azoto (NO2);23;microgrammi / metro cubo;27.0;V;
04/09/2015;13:00;13;001272;805;Torino - Rebaudengo;04;Biossido di azoto (NO2);23;microgrammi / metro cubo;22.0;V;
04/09/2015;14:00;13;001272;805;Torino - Rebaudengo;04;Biossido di azoto (NO2);23;microgrammi / metro cubo;33.0;V;
04/09/2015;15:00;13;001272;805;Torino - Rebaudengo;04;Biossido di azoto (NO2);23;microgrammi / metro cubo;33.0;V;
04/09/2015;16:00;13;001272;805;Torino - Rebaudengo;04;Biossido di azoto (NO2);23;microgrammi / metro cubo;35.0;V;
04/09/2015;17:00;13;001272;805;Torino - Rebaudengo;04;Biossido di azoto (NO2);23;microgrammi / metro cubo;40.0;V;
04/09/2015;18:00;13;001272;805;Torino - Rebaudengo;04;Biossido di azoto (NO2);23;microgrammi / metro cubo;42.0;V;
04/09/2015;19:00;13;001272;805;Torino - Rebaudengo;04;Biossido di azoto (NO2);23;microgrammi / metro cubo;42.0;V;
04/09/2015;20:00;13;001272;805;Torino - Rebaudengo;04;Biossido di azoto (NO2);23;microgrammi / metro cubo;44.0;V;
04/09/2015;21:00;13;001272;805;Torino - Rebaudengo;04;Biossido di azoto (NO2);23;microgrammi / metro cubo;49.0;V;
04/09/2015;22:00;13;001272;805;Torino - Rebaudengo;04;Biossido di azoto (NO2);23;microgrammi / metro cubo;49.0;V;
04/09/2015;23:00;13;001272;805;Torino - Rebaudengo;04;Biossido di azoto (NO2);23;microgrammi / metro cubo;28.0;V;
04/09/2015;23:59;13;001272;805;Torino - Rebaudengo;04;Biossido di azoto (NO2);23;microgrammi / metro cubo;61.0;V;
05/09/2015;01:00;13;001272;805;Torino - Rebaudengo;04;Biossido di azoto (NO2);23;microgrammi / metro cubo;56.0;V;
05/09/2015;02:00;13;001272;805;Torino - Rebaudengo;04;Biossido di azoto (NO2);23;microgrammi / metro cubo;47.0;V;
05/09/2015;03:00;13;001272;805;Torino - Rebaudengo;04;Biossido di azoto (NO2);23;microgrammi / metro cubo;42.0;V;
05/09/2015;04:00;13;001272;805;Torino - Rebaudengo;04;Biossido di azoto (NO2);23;microgrammi / metro cubo;47.0;V;
05/09/2015;05:00;13;001272;805;Torino - Rebaudengo;04;Biossido di azoto (NO2);23;microgrammi / metro cubo;48.0;V;
05/09/2015;06:00;13;001272;805;Torino - Rebaudengo;04;Biossido di azoto (NO2);23;microgrammi / metro cubo;54.0;V;
05/09/2015;07:00;13;001272;805;Torino - Rebaudengo;04;Biossido di azoto (NO2);23;microgrammi / metro cubo;41.0;V;
05/09/2015;08:00;13;001272;805;Torino - Rebaudengo;04;Biossido di azoto (NO2);23;microgrammi / metro cubo;39.0;V;
05/09/2015;09:00;13;001272;805;Torino - Rebaudengo;04;Biossido di azoto (NO2);23;microgrammi / metro cubo;39.0;V;
05/09/2015;10:00;13;001272;805;Torino - Rebaudengo;04;Biossido di azoto (NO2);23;microgrammi / metro cubo;28.0;V;
05/09/2015;11:00;13;001272;805;Torino - Rebaudengo;04;Biossido di azoto (NO2);23;microgrammi / metro cubo;29.0;V;
05/09/2015;12:00;13;001272;805;Torino - Rebaudengo;04;Biossido di azoto (NO2);23;microgrammi / metro cubo;25.0;V;
05/09/2015;13:00;13;001272;805;Torino - Rebaudengo;04;Biossido di azoto (NO2);23;microgrammi / metro cubo;18.0;V;
05/09/2015;14:00;13;001272;805;Torino - Rebaudengo;04;Biossido di azoto (NO2);23;microgrammi / metro cubo;27.0;V;
05/09/2015;15:00;13;001272;805;Torino - Rebaudengo;04;Biossido di azoto (NO2);23;microgrammi / metro cubo;18.0;V;
05/09/2015;16:00;13;001272;805;Torino - Rebaudengo;04;Biossido di azoto (NO2);23;microgrammi / metro cubo;19.0;V;
05/09/2015;17:00;13;001272;805;Torino - Rebaudengo;04;Biossido di azoto (NO2);23;microgrammi / metro cubo;23.0;V;
05/09/2015;18:00;13;001272;805;Torino - Rebaudengo;04;Biossido di azoto (NO2);23;microgrammi / metro cubo;31.0;V;
05/09/2015;19:00;13;001272;805;Torino - Rebaudengo;04;Biossido di azoto (NO2);23;microgrammi / metro cubo;37.0;V;
05/09/2015;20:00;13;001272;805;Torino - Rebaudengo;04;Biossido di azoto (NO2);23;microgrammi / metro cubo;70.0;V;
05/09/2015;21:00;13;001272;805;Torino - Rebaudengo;04;Biossido di azoto (NO2);23;microgrammi / metro cubo;51.0;V;
05/09/2015;22:00;13;001272;805;Torino - Rebaudengo;04;Biossido di azoto (NO2);23;microgrammi / metro cubo;64.0;V;
05/09/2015;23:00;13;001272;805;Torino - Rebaudengo;04;Biossido di azoto (NO2);23;microgrammi / metro cubo;65.0;V;
05/09/2015;23:59;13;001272;805;Torino - Rebaudengo;04;Biossido di azoto (NO2);23;microgrammi / metro cubo;75.0;V;
06/09/2015;01:00;13;001272;805;Torino - Rebaudengo;04;Biossido di azoto (NO2);23;microgrammi / metro cubo;43.0;V;
06/09/2015;02:00;13;001272;805;Torino - Rebaudengo;04;Biossido di azoto (NO2);23;microgrammi / metro cubo;34.0;V;
06/09/2015;03:00;13;001272;805;Torino - Rebaudengo;04;Biossido di azoto (NO2);23;microgrammi / metro cubo;30.0;V;
06/09/2015;04:00;13;001272;805;Torino - Rebaudengo;04;Biossido di azoto (NO2);23;microgrammi / metro cubo;27.0;V;
06/09/2015;05:00;13;001272;805;Torino - Rebaudengo;04;Biossido di azoto (NO2);23;microgrammi / metro cubo;23.0;V;
06/09/2015;06:00;13;001272;805;Torino - Rebaudengo;04;Biossido di azoto (NO2);23;microgrammi / metro cubo;33.0;V;
06/09/2015;07:00;13;001272;805;Torino - Rebaudengo;04;Biossido di azoto (NO2);23;microgrammi / metro cubo;37.0;V;
06/09/2015;08:00;13;001272;805;Torino - Rebaudengo;04;Biossido di azoto (NO2);23;microgrammi / metro cubo;35.0;V;
06/09/2015;09:00;13;001272;805;Torino - Rebaudengo;04;Biossido di azoto (NO2);23;microgrammi / metro cubo;34.0;V;
06/09/2015;10:00;13;001272;805;Torino - Rebaudengo;04;Biossido di azoto (NO2);23;microgrammi / metro cubo;33.0;V;
06/09/2015;11:00;13;001272;805;Torino - Rebaudengo;04;Biossido di azoto (NO2);23;microgrammi / metro cubo;30.0;V;
06/09/2015;12:00;13;001272;805;Torino - Rebaudengo;04;Biossido di azoto (NO2);23;microgrammi / metro cubo;25.0;V;
06/09/2015;13:00;13;001272;805;Torino - Rebaudengo;04;Biossido di azoto (NO2);23;microgrammi / metro cubo;28.0;V;
06/09/2015;14:00;13;001272;805;Torino - Rebaudengo;04;Biossido di azoto (NO2);23;microgrammi / metro cubo;24.0;V;
06/09/2015;15:00;13;001272;805;Torino - Rebaudengo;04;Biossido di azoto (NO2);23;microgrammi / metro cubo;22.0;V;
06/09/2015;16:00;13;001272;805;Torino - Rebaudengo;04;Biossido di azoto (NO2);23;microgrammi / metro cubo;15.0;V;
06/09/2015;17:00;13;001272;805;Torino - Rebaudengo;04;Biossido di azoto (NO2);23;microgrammi / metro cubo;28.0;V;
06/09/2015;18:00;13;001272;805;Torino - Rebaudengo;04;Biossido di azoto (NO2);23;microgrammi / metro cubo;39.0;V;
06/09/2015;19:00;13;001272;805;Torino - Rebaudengo;04;Biossido di azoto (NO2);23;microgrammi / metro cubo;46.0;V;
06/09/2015;20:00;13;001272;805;Torino - Rebaudengo;04;Biossido di azoto (NO2);23;microgrammi / metro cubo;50.0;V;
06/09/2015;21:00;13;001272;805;Torino - Rebaudengo;04;Biossido di azoto (NO2);23;microgrammi / metro cubo;53.0;V;
06/09/2015;22:00;13;001272;805;Torino - Rebaudengo;04;Biossido di azoto (NO2);23;microgrammi / metro cubo;34.0;V;
06/09/2015;23:00;13;001272;805;Torino - Rebaudengo;04;Biossido di azoto (NO2);23;microgrammi / metro cubo;57.0;V;
06/09/2015;23:59;13;001272;805;Torino - Rebaudengo;04;Biossido di azoto (NO2);23;microgrammi / metro cubo;63.0;V;
07/09/2015;01:00;13;001272;805;Torino - Rebaudengo;04;Biossido di azoto (NO2);23;microgrammi / metro cubo;55.0;V;
07/09/2015;02:00;13;001272;805;Torino - Rebaudengo;04;Biossido di azoto (NO2);23;microgrammi / metro cubo;45.0;V;
07/09/2015;03:00;13;001272;805;Torino - Rebaudengo;04;Biossido di azoto (NO2);23;microgrammi / metro cubo;35.0;V;
07/09/2015;04:00;13;001272;805;Torino - Rebaudengo;04;Biossido di azoto (NO2);23;microgrammi / metro cubo;26.0;V;
07/09/2015;05:00;13;001272;805;Torino - Rebaudengo;04;Biossido di azoto (NO2);23;microgrammi / metro cubo;35.0;V;
07/09/2015;06:00;13;001272;805;Torino - Rebaudengo;04;Biossido di azoto (NO2);23;microgrammi / metro cubo;50.0;V;
07/09/2015;07:00;13;001272;805;Torino - Rebaudengo;04;Biossido di azoto (NO2);23;microgrammi / metro cubo;60.0;V;
07/09/2015;08:00;13;001272;805;Torino - Rebaudengo;04;Biossido di azoto (NO2);23;microgrammi / metro cubo;72.0;V;
07/09/2015;09:00;13;001272;805;Torino - Rebaudengo;04;Biossido di azoto (NO2);23;microgrammi / metro cubo;66.0;V;
07/09/2015;10:00;13;001272;805;Torino - Rebaudengo;04;Biossido di azoto (NO2);23;microgrammi / metro cubo;38.0;V;
07/09/2015;11:00;13;001272;805;Torino - Rebaudengo;04;Biossido di azoto (NO2);23;microgrammi / metro cubo;33.0;V;
07/09/2015;12:00;13;001272;805;Torino - Rebaudengo;04;Biossido di azoto (NO2);23;microgrammi / metro cubo;30.0;V;
07/09/2015;13:00;13;001272;805;Torino - Rebaudengo;04;Biossido di azoto (NO2);23;microgrammi / metro cubo;28.0;V;
07/09/2015;14:00;13;001272;805;Torino - Rebaudengo;04;Biossido di azoto (NO2);23;microgrammi / metro cubo;31.0;V;
07/09/2015;15:00;13;001272;805;Torino - Rebaudengo;04;Biossido di azoto (NO2);23;microgrammi / metro cubo;29.0;V;
07/09/2015;16:00;13;001272;805;Torino - Rebaudengo;04;Biossido di azoto (NO2);23;microgrammi / metro cubo;29.0;V;
07/09/2015;17:00;13;001272;805;Torino - Rebaudengo;04;Biossido di azoto (NO2);23;microgrammi / metro cubo;34.0;V;
07/09/2015;18:00;13;001272;805;Torino - Rebaudengo;04;Biossido di azoto (NO2);23;microgrammi / metro cubo;47.0;V;
07/09/2015;19:00;13;001272;805;Torino - Rebaudengo;04;Biossido di azoto (NO2);23;microgrammi / metro cubo;46.0;V;
07/09/2015;20:00;13;001272;805;Torino - Rebaudengo;04;Biossido di azoto (NO2);23;microgrammi / metro cubo;82.0;V;
07/09/2015;21:00;13;001272;805;Torino - Rebaudengo;04;Biossido di azoto (NO2);23;microgrammi / metro cubo;86.0;V;
07/09/2015;22:00;13;001272;805;Torino - Rebaudengo;04;Biossido di azoto (NO2);23;microgrammi / metro cubo;49.0;V;
07/09/2015;23:00;13;001272;805;Torino - Rebaudengo;04;Biossido di azoto (NO2);23;microgrammi / metro cubo;52.0;V;
07/09/2015;23:59;13;001272;805;Torino - Rebaudengo;04;Biossido di azoto (NO2);23;microgrammi / metro cubo;36.0;V;
08/09/2015;01:00;13;001272;805;Torino - Rebaudengo;04;Biossido di azoto (NO2);23;microgrammi / metro cubo;30.0;V;
08/09/2015;02:00;13;001272;805;Torino - Rebaudengo;04;Biossido di azoto (NO2);23;microgrammi / metro cubo;33.0;V;
08/09/2015;03:00;13;001272;805;Torino - Rebaudengo;04;Biossido di azoto (NO2);23;microgrammi / metro cubo;34.0;V;
08/09/2015;04:00;13;001272;805;Torino - Rebaudengo;04;Biossido di azoto (NO2);23;microgrammi / metro cubo;41.0;V;
08/09/2015;05:00;13;001272;805;Torino - Rebaudengo;04;Biossido di azoto (NO2);23;microgrammi / metro cubo;37.0;V;
08/09/2015;06:00;13;001272;805;Torino - Rebaudengo;04;Biossido di azoto (NO2);23;microgrammi / metro cubo;47.0;V;
08/09/2015;07:00;13;001272;805;Torino - Rebaudengo;04;Biossido di azoto (NO2);23;microgrammi / metro cubo;69.0;V;
08/09/2015;08:00;13;001272;805;Torino - Rebaudengo;04;Biossido di azoto (NO2);23;microgrammi / metro cubo;68.0;V;
08/09/2015;09:00;13;001272;805;Torino - Rebaudengo;04;Biossido di azoto (NO2);23;microgrammi / metro cubo;71.0;V;
08/09/2015;10:00;13;001272;805;Torino - Rebaudengo;04;Biossido di azoto (NO2);23;microgrammi / metro cubo;76.0;V;
08/09/2015;11:00;13;001272;805;Torino - Rebaudengo;04;Biossido di azoto (NO2);23;microgrammi / metro cubo;42.0;V;
08/09/2015;12:00;13;001272;805;Torino - Rebaudengo;04;Biossido di azoto (NO2);23;microgrammi / metro cubo;33.0;V;
08/09/2015;13:00;13;001272;805;Torino - Rebaudengo;04;Biossido di azoto (NO2);23;microgrammi / metro cubo;26.0;V;
08/09/2015;14:00;13;001272;805;Torino - Rebaudengo;04;Biossido di azoto (NO2);23;microgrammi / metro cubo;25.0;V;
08/09/2015;15:00;13;001272;805;Torino - Rebaudengo;04;Biossido di azoto (NO2);23;microgrammi / metro cubo;37.0;V;
08/09/2015;16:00;13;001272;805;Torino - Rebaudengo;04;Biossido di azoto (NO2);23;microgrammi / metro cubo;35.0;V;
08/09/2015;17:00;13;001272;805;Torino - Rebaudengo;04;Biossido di azoto (NO2);23;microgrammi / metro cubo;37.0;V;
08/09/2015;18:00;13;001272;805;Torino - Rebaudengo;04;Biossido di azoto (NO2);23;microgrammi / metro cubo;36.0;V;
08/09/2015;19:00;13;001272;805;Torino - Rebaudengo;04;Biossido di azoto (NO2);23;microgrammi / metro cubo;46.0;V;
08/09/2015;20:00;13;001272;805;Torino - Rebaudengo;04;Biossido di azoto (NO2);23;microgrammi / metro cubo;78.0;V;
08/09/2015;21:00;13;001272;805;Torino - Rebaudengo;04;Biossido di azoto (NO2);23;microgrammi / metro cubo;79.0;V;
08/09/2015;22:00;13;001272;805;Torino - Rebaudengo;04;Biossido di azoto (NO2);23;microgrammi / metro cubo;76.0;V;
08/09/2015;23:00;13;001272;805;Torino - Rebaudengo;04;Biossido di azoto (NO2);23;microgrammi / metro cubo;72.0;V;
08/09/2015;23:59;13;001272;805;Torino - Rebaudengo;04;Biossido di azoto (NO2);23;microgrammi / metro cubo;53.0;V;
09/09/2015;01:00;13;001272;805;Torino - Rebaudengo;04;Biossido di azoto (NO2);23;microgrammi / metro cubo;42.0;V;
09/09/2015;02:00;13;001272;805;Torino - Rebaudengo;04;Biossido di azoto (NO2);23;microgrammi / metro cubo;31.0;V;
09/09/2015;03:00;13;001272;805;Torino - Rebaudengo;04;Biossido di azoto (NO2);23;microgrammi / metro cubo;38.0;V;
09/09/2015;04:00;13;001272;805;Torino - Rebaudengo;04;Biossido di azoto (NO2);23;microgrammi / metro cubo;30.0;V;
09/09/2015;05:00;13;001272;805;Torino - Rebaudengo;04;Biossido di azoto (NO2);23;microgrammi / metro cubo;47.0;V;
09/09/2015;06:00;13;001272;805;Torino - Rebaudengo;04;Biossido di azoto (NO2);23;microgrammi / metro cubo;52.0;V;
09/09/2015;07:00;13;001272;805;Torino - Rebaudengo;04;Biossido di azoto (NO2);23;microgrammi / metro cubo;55.0;V;
09/09/2015;08:00;13;001272;805;Torino - Rebaudengo;04;Biossido di azoto (NO2);23;microgrammi / metro cubo;70.0;V;
09/09/2015;09:00;13;001272;805;Torino - Rebaudengo;04;Biossido di azoto (NO2);23;microgrammi / metro cubo;56.0;V;
09/09/2015;10:00;13;001272;805;Torino - Rebaudengo;04;Biossido di azoto (NO2);23;microgrammi / metro cubo;43.0;V;
09/09/2015;11:00;13;001272;805;Torino - Rebaudengo;04;Biossido di azoto (NO2);23;microgrammi / metro cubo;39.0;V;
09/09/2015;12:00;13;001272;805;Torino - Rebaudengo;04;Biossido di azoto (NO2);23;microgrammi / metro cubo;32.0;V;
09/09/2015;13:00;13;001272;805;Torino - Rebaudengo;04;Biossido di azoto (NO2);23;microgrammi / metro cubo;33.0;V;
09/09/2015;14:00;13;001272;805;Torino - Rebaudengo;04;Biossido di azoto (NO2);23;microgrammi / metro cubo;36.0;V;
09/09/2015;15:00;13;001272;805;Torino - Rebaudengo;04;Biossido di azoto (NO2);23;microgrammi / metro cubo;;E;
09/09/2015;16:00;13;001272;805;Torino - Rebaudengo;04;Biossido di azoto (NO2);23;microgrammi / metro cubo;;E;
09/09/2015;17:00;13;001272;805;Torino - Rebaudengo;04;Biossido di azoto (NO2);23;microgrammi / metro cubo;;E;
09/09/2015;18:00;13;001272;805;Torino - Rebaudengo;04;Biossido di azoto (NO2);23;microgrammi / metro cubo;52.0;V;
09/09/2015;19:00;13;001272;805;Torino - Rebaudengo;04;Biossido di azoto (NO2);23;microgrammi / metro cubo;51.0;V;
09/09/2015;20:00;13;001272;805;Torino - Rebaudengo;04;Biossido di azoto (NO2);23;microgrammi / metro cubo;47.0;V;
09/09/2015;21:00;13;001272;805;Torino - Rebaudengo;04;Biossido di azoto (NO2);23;microgrammi / metro cubo;50.0;V;
09/09/2015;22:00;13;001272;805;Torino - Rebaudengo;04;Biossido di azoto (NO2);23;microgrammi / metro cubo;53.0;V;
09/09/2015;23:00;13;001272;805;Torino - Rebaudengo;04;Biossido di azoto (NO2);23;microgrammi / metro cubo;44.0;V;
09/09/2015;23:59;13;001272;805;Torino - Rebaudengo;04;Biossido di azoto (NO2);23;microgrammi / metro cubo;41.0;V;
10/09/2015;01:00;13;001272;805;Torino - Rebaudengo;04;Biossido di azoto (NO2);23;microgrammi / metro cubo;41.0;V;
10/09/2015;02:00;13;001272;805;Torino - Rebaudengo;04;Biossido di azoto (NO2);23;microgrammi / metro cubo;30.0;V;
10/09/2015;03:00;13;001272;805;Torino - Rebaudengo;04;Biossido di azoto (NO2);23;microgrammi / metro cubo;23.0;V;
10/09/2015;04:00;13;001272;805;Torino - Rebaudengo;04;Biossido di azoto (NO2);23;microgrammi / metro cubo;21.0;V;
10/09/2015;05:00;13;001272;805;Torino - Rebaudengo;04;Biossido di azoto (NO2);23;microgrammi / metro cubo;33.0;V;
10/09/2015;06:00;13;001272;805;Torino - Rebaudengo;04;Biossido di azoto (NO2);23;microgrammi / metro cubo;45.0;V;
10/09/2015;07:00;13;001272;805;Torino - Rebaudengo;04;Biossido di azoto (NO2);23;microgrammi / metro cubo;58.0;V;
10/09/2015;08:00;13;001272;805;Torino - Rebaudengo;04;Biossido di azoto (NO2);23;microgrammi / metro cubo;64.0;V;
10/09/2015;09:00;13;001272;805;Torino - Rebaudengo;04;Biossido di azoto (NO2);23;microgrammi / metro cubo;47.0;V;
10/09/2015;10:00;13;001272;805;Torino - Rebaudengo;04;Biossido di azoto (NO2);23;microgrammi / metro cubo;42.0;V;
10/09/2015;11:00;13;001272;805;Torino - Rebaudengo;04;Biossido di azoto (NO2);23;microgrammi / metro cubo;36.0;V;
10/09/2015;12:00;13;001272;805;Torino - Rebaudengo;04;Biossido di azoto (NO2);23;microgrammi / metro cubo;36.0;V;
10/09/2015;13:00;13;001272;805;Torino - Rebaudengo;04;Biossido di azoto (NO2);23;microgrammi / metro cubo;35.0;V;
10/09/2015;14:00;13;001272;805;Torino - Rebaudengo;04;Biossido di azoto (NO2);23;microgrammi / metro cubo;30.0;V;
10/09/2015;15:00;13;001272;805;Torino - Rebaudengo;04;Biossido di azoto (NO2);23;microgrammi / metro cubo;37.0;V;
10/09/2015;16:00;13;001272;805;Torino - Rebaudengo;04;Biossido di azoto (NO2);23;microgrammi / metro cubo;46.0;V;
10/09/2015;17:00;13;001272;805;Torino - Rebaudengo;04;Biossido di azoto (NO2);23;microgrammi / metro cubo;50.0;V;
10/09/2015;18:00;13;001272;805;Torino - Rebaudengo;04;Biossido di azoto (NO2);23;microgrammi / metro cubo;46.0;V;
10/09/2015;19:00;13;001272;805;Torino - Rebaudengo;04;Biossido di azoto (NO2);23;microgrammi / metro cubo;48.0;V;
10/09/2015;20:00;13;001272;805;Torino - Rebaudengo;04;Biossido di azoto (NO2);23;microgrammi / metro cubo;46.0;V;
10/09/2015;21:00;13;001272;805;Torino - Rebaudengo;04;Biossido di azoto (NO2);23;microgrammi / metro cubo;56.0;V;
10/09/2015;22:00;13;001272;805;Torino - Rebaudengo;04;Biossido di azoto (NO2);23;microgrammi / metro cubo;50.0;V;
10/09/2015;23:00;13;001272;805;Torino - Rebaudengo;04;Biossido di azoto (NO2);23;microgrammi / metro cubo;41.0;V;
10/09/2015;23:59;13;001272;805;Torino - Rebaudengo;04;Biossido di azoto (NO2);23;microgrammi / metro cubo;45.0;V;
11/09/2015;01:00;13;001272;805;Torino - Rebaudengo;04;Biossido di azoto (NO2);23;microgrammi / metro cubo;38.0;V;
11/09/2015;02:00;13;001272;805;Torino - Rebaudengo;04;Biossido di azoto (NO2);23;microgrammi / metro cubo;33.0;V;
11/09/2015;03:00;13;001272;805;Torino - Rebaudengo;04;Biossido di azoto (NO2);23;microgrammi / metro cubo;29.0;V;
11/09/2015;04:00;13;001272;805;Torino - Rebaudengo;04;Biossido di azoto (NO2);23;microgrammi / metro cubo;19.0;V;
11/09/2015;05:00;13;001272;805;Torino - Rebaudengo;04;Biossido di azoto (NO2);23;microgrammi / metro cubo;29.0;V;
11/09/2015;06:00;13;001272;805;Torino - Rebaudengo;04;Biossido di azoto (NO2);23;microgrammi / metro cubo;46.0;V;
11/09/2015;07:00;13;001272;805;Torino - Rebaudengo;04;Biossido di azoto (NO2);23;microgrammi / metro cubo;56.0;V;
11/09/2015;08:00;13;001272;805;Torino - Rebaudengo;04;Biossido di azoto (NO2);23;microgrammi / metro cubo;55.0;V;
11/09/2015;09:00;13;001272;805;Torino - Rebaudengo;04;Biossido di azoto (NO2);23;microgrammi / metro cubo;53.0;V;
11/09/2015;10:00;13;001272;805;Torino - Rebaudengo;04;Biossido di azoto (NO2);23;microgrammi / metro cubo;54.0;V;
11/09/2015;11:00;13;001272;805;Torino - Rebaudengo;04;Biossido di azoto (NO2);23;microgrammi / metro cubo;34.0;V;
11/09/2015;12:00;13;001272;805;Torino - Rebaudengo;04;Biossido di azoto (NO2);23;microgrammi / metro cubo;32.0;V;
11/09/2015;13:00;13;001272;805;Torino - Rebaudengo;04;Biossido di azoto (NO2);23;microgrammi / metro cubo;30.0;V;
11/09/2015;14:00;13;001272;805;Torino - Rebaudengo;04;Biossido di azoto (NO2);23;microgrammi / metro cubo;38.0;V;
11/09/2015;15:00;13;001272;805;Torino - Rebaudengo;04;Biossido di azoto (NO2);23;microgrammi / metro cubo;38.0;V;
11/09/2015;16:00;13;001272;805;Torino - Rebaudengo;04;Biossido di azoto (NO2);23;microgrammi / metro cubo;43.0;V;
11/09/2015;17:00;13;001272;805;Torino - Rebaudengo;04;Biossido di azoto (NO2);23;microgrammi / metro cubo;44.0;V;
11/09/2015;18:00;13;001272;805;Torino - Rebaudengo;04;Biossido di azoto (NO2);23;microgrammi / metro cubo;53.0;V;
11/09/2015;19:00;13;001272;805;Torino - Rebaudengo;04;Biossido di azoto (NO2);23;microgrammi / metro cubo;62.0;V;
11/09/2015;20:00;13;001272;805;Torino - Rebaudengo;04;Biossido di azoto (NO2);23;microgrammi / metro cubo;58.0;V;
11/09/2015;21:00;13;001272;805;Torino - Rebaudengo;04;Biossido di azoto (NO2);23;microgrammi / metro cubo;57.0;V;
11/09/2015;22:00;13;001272;805;Torino - Rebaudengo;04;Biossido di azoto (NO2);23;microgrammi / metro cubo;56.0;V;
11/09/2015;23:00;13;001272;805;Torino - Rebaudengo;04;Biossido di azoto (NO2);23;microgrammi / metro cubo;48.0;V;
11/09/2015;23:59;13;001272;805;Torino - Rebaudengo;04;Biossido di azoto (NO2);23;microgrammi / metro cubo;33.0;V;
12/09/2015;01:00;13;001272;805;Torino - Rebaudengo;04;Biossido di azoto (NO2);23;microgrammi / metro cubo;35.0;V;
12/09/2015;02:00;13;001272;805;Torino - Rebaudengo;04;Biossido di azoto (NO2);23;microgrammi / metro cubo;31.0;V;
12/09/2015;03:00;13;001272;805;Torino - Rebaudengo;04;Biossido di azoto (NO2);23;microgrammi / metro cubo;37.0;V;
12/09/2015;04:00;13;001272;805;Torino - Rebaudengo;04;Biossido di azoto (NO2);23;microgrammi / metro cubo;36.0;V;
12/09/2015;05:00;13;001272;805;Torino - Rebaudengo;04;Biossido di azoto (NO2);23;microgrammi / metro cubo;45.0;V;
12/09/2015;06:00;13;001272;805;Torino - Rebaudengo;04;Biossido di azoto (NO2);23;microgrammi / metro cubo;46.0;V;
12/09/2015;07:00;13;001272;805;Torino - Rebaudengo;04;Biossido di azoto (NO2);23;microgrammi / metro cubo;51.0;V;
12/09/2015;08:00;13;001272;805;Torino - Rebaudengo;04;Biossido di azoto (NO2);23;microgrammi / metro cubo;42.0;V;
12/09/2015;09:00;13;001272;805;Torino - Rebaudengo;04;Biossido di azoto (NO2);23;microgrammi / metro cubo;37.0;V;
12/09/2015;10:00;13;001272;805;Torino - Rebaudengo;04;Biossido di azoto (NO2);23;microgrammi / metro cubo;45.0;V;
12/09/2015;11:00;13;001272;805;Torino - Rebaudengo;04;Biossido di azoto (NO2);23;microgrammi / metro cubo;54.0;V;
12/09/2015;12:00;13;001272;805;Torino - Rebaudengo;04;Biossido di azoto (NO2);23;microgrammi / metro cubo;51.0;V;
12/09/2015;13:00;13;001272;805;Torino - Rebaudengo;04;Biossido di azoto (NO2);23;microgrammi / metro cubo;33.0;V;
12/09/2015;14:00;13;001272;805;Torino - Rebaudengo;04;Biossido di azoto (NO2);23;microgrammi / metro cubo;41.0;V;
12/09/2015;15:00;13;001272;805;Torino - Rebaudengo;04;Biossido di azoto (NO2);23;microgrammi / metro cubo;35.0;V;
12/09/2015;16:00;13;001272;805;Torino - Rebaudengo;04;Biossido di azoto (NO2);23;microgrammi / metro cubo;46.0;V;
12/09/2015;17:00;13;001272;805;Torino - Rebaudengo;04;Biossido di azoto (NO2);23;microgrammi / metro cubo;54.0;V;
12/09/2015;18:00;13;001272;805;Torino - Rebaudengo;04;Biossido di azoto (NO2);23;microgrammi / metro cubo;64.0;V;
12/09/2015;19:00;13;001272;805;Torino - Rebaudengo;04;Biossido di azoto (NO2);23;microgrammi / metro cubo;61.0;V;
12/09/2015;20:00;13;001272;805;Torino - Rebaudengo;04;Biossido di azoto (NO2);23;microgrammi / metro cubo;68.0;V;
12/09/2015;21:00;13;001272;805;Torino - Rebaudengo;04;Biossido di azoto (NO2);23;microgrammi / metro cubo;64.0;V;
12/09/2015;22:00;13;001272;805;Torino - Rebaudengo;04;Biossido di azoto (NO2);23;microgrammi / metro cubo;48.0;V;
12/09/2015;23:00;13;001272;805;Torino - Rebaudengo;04;Biossido di azoto (NO2);23;microgrammi / metro cubo;39.0;V;
12/09/2015;23:59;13;001272;805;Torino - Rebaudengo;04;Biossido di azoto (NO2);23;microgrammi / metro cubo;40.0;V;
13/09/2015;01:00;13;001272;805;Torino - Rebaudengo;04;Biossido di azoto (NO2);23;microgrammi / metro cubo;41.0;V;
13/09/2015;02:00;13;001272;805;Torino - Rebaudengo;04;Biossido di azoto (NO2);23;microgrammi / metro cubo;28.0;V;
13/09/2015;03:00;13;001272;805;Torino - Rebaudengo;04;Biossido di azoto (NO2);23;microgrammi / metro cubo;23.0;V;
13/09/2015;04:00;13;001272;805;Torino - Rebaudengo;04;Biossido di azoto (NO2);23;microgrammi / metro cubo;17.0;V;
13/09/2015;05:00;13;001272;805;Torino - Rebaudengo;04;Biossido di azoto (NO2);23;microgrammi / metro cubo;15.0;V;
13/09/2015;06:00;13;001272;805;Torino - Rebaudengo;04;Biossido di azoto (NO2);23;microgrammi / metro cubo;21.0;V;
13/09/2015;07:00;13;001272;805;Torino - Rebaudengo;04;Biossido di azoto (NO2);23;microgrammi / metro cubo;21.0;V;
13/09/2015;08:00;13;001272;805;Torino - Rebaudengo;04;Biossido di azoto (NO2);23;microgrammi / metro cubo;27.0;V;
13/09/2015;09:00;13;001272;805;Torino - Rebaudengo;04;Biossido di azoto (NO2);23;microgrammi / metro cubo;27.0;V;
13/09/2015;10:00;13;001272;805;Torino - Rebaudengo;04;Biossido di azoto (NO2);23;microgrammi / metro cubo;30.0;V;
13/09/2015;11:00;13;001272;805;Torino - Rebaudengo;04;Biossido di azoto (NO2);23;microgrammi / metro cubo;32.0;V;
13/09/2015;12:00;13;001272;805;Torino - Rebaudengo;04;Biossido di azoto (NO2);23;microgrammi / metro cubo;38.0;V;
13/09/2015;13:00;13;001272;805;Torino - Rebaudengo;04;Biossido di azoto (NO2);23;microgrammi / metro cubo;26.0;V;
13/09/2015;14:00;13;001272;805;Torino - Rebaudengo;04;Biossido di azoto (NO2);23;microgrammi / metro cubo;22.0;V;
13/09/2015;15:00;13;001272;805;Torino - Rebaudengo;04;Biossido di azoto (NO2);23;microgrammi / metro cubo;25.0;V;
13/09/2015;16:00;13;001272;805;Torino - Rebaudengo;04;Biossido di azoto (NO2);23;microgrammi / metro cubo;25.0;V;
13/09/2015;17:00;13;001272;805;Torino - Rebaudengo;04;Biossido di azoto (NO2);23;microgrammi / metro cubo;27.0;V;
13/09/2015;18:00;13;001272;805;Torino - Rebaudengo;04;Biossido di azoto (NO2);23;microgrammi / metro cubo;31.0;V;
13/09/2015;19:00;13;001272;805;Torino - Rebaudengo;04;Biossido di azoto (NO2);23;microgrammi / metro cubo;32.0;V;
13/09/2015;20:00;13;001272;805;Torino - Rebaudengo;04;Biossido di azoto (NO2);23;microgrammi / metro cubo;24.0;V;
13/09/2015;21:00;13;001272;805;Torino - Rebaudengo;04;Biossido di azoto (NO2);23;microgrammi / metro cubo;21.0;V;
13/09/2015;22:00;13;001272;805;Torino - Rebaudengo;04;Biossido di azoto (NO2);23;microgrammi / metro cubo;25.0;V;
13/09/2015;23:00;13;001272;805;Torino - Rebaudengo;04;Biossido di azoto (NO2);23;microgrammi / metro cubo;20.0;V;
13/09/2015;23:59;13;001272;805;Torino - Rebaudengo;04;Biossido di azoto (NO2);23;microgrammi / metro cubo;16.0;V;
14/09/2015;01:00;13;001272;805;Torino - Rebaudengo;04;Biossido di azoto (NO2);23;microgrammi / metro cubo;18.0;V;
14/09/2015;02:00;13;001272;805;Torino - Rebaudengo;04;Biossido di azoto (NO2);23;microgrammi / metro cubo;16.0;V;
14/09/2015;03:00;13;001272;805;Torino - Rebaudengo;04;Biossido di azoto (NO2);23;microgrammi / metro cubo;12.0;V;
14/09/2015;04:00;13;001272;805;Torino - Rebaudengo;04;Biossido di azoto (NO2);23;microgrammi / metro cubo;19.0;V;
14/09/2015;05:00;13;001272;805;Torino - Rebaudengo;04;Biossido di azoto (NO2);23;microgrammi / metro cubo;45.0;V;
14/09/2015;06:00;13;001272;805;Torino - Rebaudengo;04;Biossido di azoto (NO2);23;microgrammi / metro cubo;66.0;V;
14/09/2015;07:00;13;001272;805;Torino - Rebaudengo;04;Biossido di azoto (NO2);23;microgrammi / metro cubo;76.0;V;
14/09/2015;08:00;13;001272;805;Torino - Rebaudengo;04;Biossido di azoto (NO2);23;microgrammi / metro cubo;71.0;V;
14/09/2015;09:00;13;001272;805;Torino - Rebaudengo;04;Biossido di azoto (NO2);23;microgrammi / metro cubo;70.0;V;
14/09/2015;10:00;13;001272;805;Torino - Rebaudengo;04;Biossido di azoto (NO2);23;microgrammi / metro cubo;54.0;V;
14/09/2015;11:00;13;001272;805;Torino - Rebaudengo;04;Biossido di azoto (NO2);23;microgrammi / metro cubo;52.0;V;
14/09/2015;12:00;13;001272;805;Torino - Rebaudengo;04;Biossido di azoto (NO2);23;microgrammi / metro cubo;49.0;V;
14/09/2015;13:00;13;001272;805;Torino - Rebaudengo;04;Biossido di azoto (NO2);23;microgrammi / metro cubo;36.0;V;
14/09/2015;14:00;13;001272;805;Torino - Rebaudengo;04;Biossido di azoto (NO2);23;microgrammi / metro cubo;30.0;V;
14/09/2015;15:00;13;001272;805;Torino - Rebaudengo;04;Biossido di azoto (NO2);23;microgrammi / metro cubo;27.0;V;
14/09/2015;16:00;13;001272;805;Torino - Rebaudengo;04;Biossido di azoto (NO2);23;microgrammi / metro cubo;29.0;V;
14/09/2015;17:00;13;001272;805;Torino - Rebaudengo;04;Biossido di azoto (NO2);23;microgrammi / metro cubo;32.0;V;
14/09/2015;18:00;13;001272;805;Torino - Rebaudengo;04;Biossido di azoto (NO2);23;microgrammi / metro cubo;40.0;V;
14/09/2015;19:00;13;001272;805;Torino - Rebaudengo;04;Biossido di azoto (NO2);23;microgrammi / metro cubo;41.0;V;
14/09/2015;20:00;13;001272;805;Torino - Rebaudengo;04;Biossido di azoto (NO2);23;microgrammi / metro cubo;37.0;V;
14/09/2015;21:00;13;001272;805;Torino - Rebaudengo;04;Biossido di azoto (NO2);23;microgrammi / metro cubo;43.0;V;
14/09/2015;22:00;13;001272;805;Torino - Rebaudengo;04;Biossido di azoto (NO2);23;microgrammi / metro cubo;40.0;V;
14/09/2015;23:00;13;001272;805;Torino - Rebaudengo;04;Biossido di azoto (NO2);23;microgrammi / metro cubo;38.0;V;
14/09/2015;23:59;13;001272;805;Torino - Rebaudengo;04;Biossido di azoto (NO2);23;microgrammi / metro cubo;41.0;V;
15/09/2015;01:00;13;001272;805;Torino - Rebaudengo;04;Biossido di azoto (NO2);23;microgrammi / metro cubo;38.0;V;
15/09/2015;02:00;13;001272;805;Torino - Rebaudengo;04;Biossido di azoto (NO2);23;microgrammi / metro cubo;28.0;V;
15/09/2015;03:00;13;001272;805;Torino - Rebaudengo;04;Biossido di azoto (NO2);23;microgrammi / metro cubo;23.0;V;
15/09/2015;04:00;13;001272;805;Torino - Rebaudengo;04;Biossido di azoto (NO2);23;microgrammi / metro cubo;24.0;V;
15/09/2015;05:00;13;001272;805;Torino - Rebaudengo;04;Biossido di azoto (NO2);23;microgrammi / metro cubo;38.0;V;
15/09/2015;06:00;13;001272;805;Torino - Rebaudengo;04;Biossido di azoto (NO2);23;microgrammi / metro cubo;43.0;V;
15/09/2015;07:00;13;001272;805;Torino - Rebaudengo;04;Biossido di azoto (NO2);23;microgrammi / metro cubo;48.0;V;
15/09/2015;08:00;13;001272;805;Torino - Rebaudengo;04;Biossido di azoto (NO2);23;microgrammi / metro cubo;52.0;V;
15/09/2015;09:00;13;001272;805;Torino - Rebaudengo;04;Biossido di azoto (NO2);23;microgrammi / metro cubo;54.0;V;
15/09/2015;10:00;13;001272;805;Torino - Rebaudengo;04;Biossido di azoto (NO2);23;microgrammi / metro cubo;59.0;V;
15/09/2015;11:00;13;001272;805;Torino - Rebaudengo;04;Biossido di azoto (NO2);23;microgrammi / metro cubo;56.0;V;
15/09/2015;12:00;13;001272;805;Torino - Rebaudengo;04;Biossido di azoto (NO2);23;microgrammi / metro cubo;34.0;V;
15/09/2015;13:00;13;001272;805;Torino - Rebaudengo;04;Biossido di azoto (NO2);23;microgrammi / metro cubo;34.0;V;
15/09/2015;14:00;13;001272;805;Torino - Rebaudengo;04;Biossido di azoto (NO2);23;microgrammi / metro cubo;32.0;V;
15/09/2015;15:00;13;001272;805;Torino - Rebaudengo;04;Biossido di azoto (NO2);23;microgrammi / metro cubo;43.0;V;
15/09/2015;16:00;13;001272;805;Torino - Rebaudengo;04;Biossido di azoto (NO2);23;microgrammi / metro cubo;40.0;V;
15/09/2015;17:00;13;001272;805;Torino - Rebaudengo;04;Biossido di azoto (NO2);23;microgrammi / metro cubo;41.0;V;
15/09/2015;18:00;13;001272;805;Torino - Rebaudengo;04;Biossido di azoto (NO2);23;microgrammi / metro cubo;46.0;V;
15/09/2015;19:00;13;001272;805;Torino - Rebaudengo;04;Biossido di azoto (NO2);23;microgrammi / metro cubo;53.0;V;
15/09/2015;20:00;13;001272;805;Torino - Rebaudengo;04;Biossido di azoto (NO2);23;microgrammi / metro cubo;40.0;V;
15/09/2015;21:00;13;001272;805;Torino - Rebaudengo;04;Biossido di azoto (NO2);23;microgrammi / metro cubo;31.0;V;
15/09/2015;22:00;13;001272;805;Torino - Rebaudengo;04;Biossido di azoto (NO2);23;microgrammi / metro cubo;25.0;V;
15/09/2015;23:00;13;001272;805;Torino - Rebaudengo;04;Biossido di azoto (NO2);23;microgrammi / metro cubo;23.0;V;
15/09/2015;23:59;13;001272;805;Torino - Rebaudengo;04;Biossido di azoto (NO2);23;microgrammi / metro cubo;25.0;V;
16/09/2015;01:00;13;001272;805;Torino - Rebaudengo;04;Biossido di azoto (NO2);23;microgrammi / metro cubo;17.0;V;
16/09/2015;02:00;13;001272;805;Torino - Rebaudengo;04;Biossido di azoto (NO2);23;microgrammi / metro cubo;18.0;V;
16/09/2015;03:00;13;001272;805;Torino - Rebaudengo;04;Biossido di azoto (NO2);23;microgrammi / metro cubo;15.0;V;
16/09/2015;04:00;13;001272;805;Torino - Rebaudengo;04;Biossido di azoto (NO2);23;microgrammi / metro cubo;19.0;V;
16/09/2015;05:00;13;001272;805;Torino - Rebaudengo;04;Biossido di azoto (NO2);23;microgrammi / metro cubo;31.0;V;
16/09/2015;06:00;13;001272;805;Torino - Rebaudengo;04;Biossido di azoto (NO2);23;microgrammi / metro cubo;37.0;V;
16/09/2015;07:00;13;001272;805;Torino - Rebaudengo;04;Biossido di azoto (NO2);23;microgrammi / metro cubo;52.0;V;
16/09/2015;08:00;13;001272;805;Torino - Rebaudengo;04;Biossido di azoto (NO2);23;microgrammi / metro cubo;56.0;V;
16/09/2015;09:00;13;001272;805;Torino - Rebaudengo;04;Biossido di azoto (NO2);23;microgrammi / metro cubo;52.0;V;
16/09/2015;10:00;13;001272;805;Torino - Rebaudengo;04;Biossido di azoto (NO2);23;microgrammi / metro cubo;46.0;V;
16/09/2015;11:00;13;001272;805;Torino - Rebaudengo;04;Biossido di azoto (NO2);23;microgrammi / metro cubo;48.0;V;
16/09/2015;12:00;13;001272;805;Torino - Rebaudengo;04;Biossido di azoto (NO2);23;microgrammi / metro cubo;40.0;V;
16/09/2015;13:00;13;001272;805;Torino - Rebaudengo;04;Biossido di azoto (NO2);23;microgrammi / metro cubo;37.0;V;
16/09/2015;14:00;13;001272;805;Torino - Rebaudengo;04;Biossido di azoto (NO2);23;microgrammi / metro cubo;42.0;V;
16/09/2015;15:00;13;001272;805;Torino - Rebaudengo;04;Biossido di azoto (NO2);23;microgrammi / metro cubo;46.0;V;
16/09/2015;16:00;13;001272;805;Torino - Rebaudengo;04;Biossido di azoto (NO2);23;microgrammi / metro cubo;50.0;V;
16/09/2015;17:00;13;001272;805;Torino - Rebaudengo;04;Biossido di azoto (NO2);23;microgrammi / metro cubo;58.0;V;
16/09/2015;18:00;13;001272;805;Torino - Rebaudengo;04;Biossido di azoto (NO2);23;microgrammi / metro cubo;45.0;V;
16/09/2015;19:00;13;001272;805;Torino - Rebaudengo;04;Biossido di azoto (NO2);23;microgrammi / metro cubo;41.0;V;
16/09/2015;20:00;13;001272;805;Torino - Rebaudengo;04;Biossido di azoto (NO2);23;microgrammi / metro cubo;47.0;V;
16/09/2015;21:00;13;001272;805;Torino - Rebaudengo;04;Biossido di azoto (NO2);23;microgrammi / metro cubo;42.0;V;
16/09/2015;22:00;13;001272;805;Torino - Rebaudengo;04;Biossido di azoto (NO2);23;microgrammi / metro cubo;44.0;V;
16/09/2015;23:00;13;001272;805;Torino - Rebaudengo;04;Biossido di azoto (NO2);23;microgrammi / metro cubo;53.0;V;
16/09/2015;23:59;13;001272;805;Torino - Rebaudengo;04;Biossido di azoto (NO2);23;microgrammi / metro cubo;45.0;V;
17/09/2015;01:00;13;001272;805;Torino - Rebaudengo;04;Biossido di azoto (NO2);23;microgrammi / metro cubo;39.0;V;
17/09/2015;02:00;13;001272;805;Torino - Rebaudengo;04;Biossido di azoto (NO2);23;microgrammi / metro cubo;33.0;V;
17/09/2015;03:00;13;001272;805;Torino - Rebaudengo;04;Biossido di azoto (NO2);23;microgrammi / metro cubo;21.0;V;
17/09/2015;04:00;13;001272;805;Torino - Rebaudengo;04;Biossido di azoto (NO2);23;microgrammi / metro cubo;23.0;V;
17/09/2015;05:00;13;001272;805;Torino - Rebaudengo;04;Biossido di azoto (NO2);23;microgrammi / metro cubo;38.0;V;
17/09/2015;06:00;13;001272;805;Torino - Rebaudengo;04;Biossido di azoto (NO2);23;microgrammi / metro cubo;42.0;V;
17/09/2015;07:00;13;001272;805;Torino - Rebaudengo;04;Biossido di azoto (NO2);23;microgrammi / metro cubo;53.0;V;
17/09/2015;08:00;13;001272;805;Torino - Rebaudengo;04;Biossido di azoto (NO2);23;microgrammi / metro cubo;57.0;V;
17/09/2015;09:00;13;001272;805;Torino - Rebaudengo;04;Biossido di azoto (NO2);23;microgrammi / metro cubo;52.0;V;
17/09/2015;10:00;13;001272;805;Torino - Rebaudengo;04;Biossido di azoto (NO2);23;microgrammi / metro cubo;48.0;V;
17/09/2015;11:00;13;001272;805;Torino - Rebaudengo;04;Biossido di azoto (NO2);23;microgrammi / metro cubo;36.0;V;
17/09/2015;12:00;13;001272;805;Torino - Rebaudengo;04;Biossido di azoto (NO2);23;microgrammi / metro cubo;35.0;V;
17/09/2015;13:00;13;001272;805;Torino - Rebaudengo;04;Biossido di azoto (NO2);23;microgrammi / metro cubo;38.0;V;
17/09/2015;14:00;13;001272;805;Torino - Rebaudengo;04;Biossido di azoto (NO2);23;microgrammi / metro cubo;40.0;V;
17/09/2015;15:00;13;001272;805;Torino - Rebaudengo;04;Biossido di azoto (NO2);23;microgrammi / metro cubo;41.0;V;
17/09/2015;16:00;13;001272;805;Torino - Rebaudengo;04;Biossido di azoto (NO2);23;microgrammi / metro cubo;41.0;V;
17/09/2015;17:00;13;001272;805;Torino - Rebaudengo;04;Biossido di azoto (NO2);23;microgrammi / metro cubo;44.0;V;
17/09/2015;18:00;13;001272;805;Torino - Rebaudengo;04;Biossido di azoto (NO2);23;microgrammi / metro cubo;56.0;V;
17/09/2015;19:00;13;001272;805;Torino - Rebaudengo;04;Biossido di azoto (NO2);23;microgrammi / metro cubo;74.0;V;
17/09/2015;20:00;13;001272;805;Torino - Rebaudengo;04;Biossido di azoto (NO2);23;microgrammi / metro cubo;77.0;V;
17/09/2015;21:00;13;001272;805;Torino - Rebaudengo;04;Biossido di azoto (NO2);23;microgrammi / metro cubo;51.0;V;
17/09/2015;22:00;13;001272;805;Torino - Rebaudengo;04;Biossido di azoto (NO2);23;microgrammi / metro cubo;39.0;V;
17/09/2015;23:00;13;001272;805;Torino - Rebaudengo;04;Biossido di azoto (NO2);23;microgrammi / metro cubo;47.0;V;
17/09/2015;23:59;13;001272;805;Torino - Rebaudengo;04;Biossido di azoto (NO2);23;microgrammi / metro cubo;43.0;V;
18/09/2015;01:00;13;001272;805;Torino - Rebaudengo;04;Biossido di azoto (NO2);23;microgrammi / metro cubo;41.0;V;
18/09/2015;02:00;13;001272;805;Torino - Rebaudengo;04;Biossido di azoto (NO2);23;microgrammi / metro cubo;31.0;V;
18/09/2015;03:00;13;001272;805;Torino - Rebaudengo;04;Biossido di azoto (NO2);23;microgrammi / metro cubo;33.0;V;
18/09/2015;04:00;13;001272;805;Torino - Rebaudengo;04;Biossido di azoto (NO2);23;microgrammi / metro cubo;32.0;V;
18/09/2015;05:00;13;001272;805;Torino - Rebaudengo;04;Biossido di azoto (NO2);23;microgrammi / metro cubo;30.0;V;
18/09/2015;06:00;13;001272;805;Torino - Rebaudengo;04;Biossido di azoto (NO2);23;microgrammi / metro cubo;57.0;V;
18/09/2015;07:00;13;001272;805;Torino - Rebaudengo;04;Biossido di azoto (NO2);23;microgrammi / metro cubo;57.0;V;
18/09/2015;08:00;13;001272;805;Torino - Rebaudengo;04;Biossido di azoto (NO2);23;microgrammi / metro cubo;66.0;V;
18/09/2015;09:00;13;001272;805;Torino - Rebaudengo;04;Biossido di azoto (NO2);23;microgrammi / metro cubo;55.0;V;
18/09/2015;10:00;13;001272;805;Torino - Rebaudengo;04;Biossido di azoto (NO2);23;microgrammi / metro cubo;48.0;V;
18/09/2015;11:00;13;001272;805;Torino - Rebaudengo;04;Biossido di azoto (NO2);23;microgrammi / metro cubo;47.0;V;
18/09/2015;12:00;13;001272;805;Torino - Rebaudengo;04;Biossido di azoto (NO2);23;microgrammi / metro cubo;28.0;V;
18/09/2015;13:00;13;001272;805;Torino - Rebaudengo;04;Biossido di azoto (NO2);23;microgrammi / metro cubo;31.0;V;
18/09/2015;14:00;13;001272;805;Torino - Rebaudengo;04;Biossido di azoto (NO2);23;microgrammi / metro cubo;37.0;V;
18/09/2015;15:00;13;001272;805;Torino - Rebaudengo;04;Biossido di azoto (NO2);23;microgrammi / metro cubo;40.0;V;
18/09/2015;16:00;13;001272;805;Torino - Rebaudengo;04;Biossido di azoto (NO2);23;microgrammi / metro cubo;26.0;V;
18/09/2015;17:00;13;001272;805;Torino - Rebaudengo;04;Biossido di azoto (NO2);23;microgrammi / metro cubo;33.0;V;
18/09/2015;18:00;13;001272;805;Torino - Rebaudengo;04;Biossido di azoto (NO2);23;microgrammi / metro cubo;41.0;V;
18/09/2015;19:00;13;001272;805;Torino - Rebaudengo;04;Biossido di azoto (NO2);23;microgrammi / metro cubo;62.0;V;
18/09/2015;20:00;13;001272;805;Torino - Rebaudengo;04;Biossido di azoto (NO2);23;microgrammi / metro cubo;71.0;V;
18/09/2015;21:00;13;001272;805;Torino - Rebaudengo;04;Biossido di azoto (NO2);23;microgrammi / metro cubo;73.0;V;
18/09/2015;22:00;13;001272;805;Torino - Rebaudengo;04;Biossido di azoto (NO2);23;microgrammi / metro cubo;63.0;V;
18/09/2015;23:00;13;001272;805;Torino - Rebaudengo;04;Biossido di azoto (NO2);23;microgrammi / metro cubo;68.0;V;
18/09/2015;23:59;13;001272;805;Torino - Rebaudengo;04;Biossido di azoto (NO2);23;microgrammi / metro cubo;59.0;V;
19/09/2015;01:00;13;001272;805;Torino - Rebaudengo;04;Biossido di azoto (NO2);23;microgrammi / metro cubo;48.0;V;
19/09/2015;02:00;13;001272;805;Torino - Rebaudengo;04;Biossido di azoto (NO2);23;microgrammi / metro cubo;42.0;V;
19/09/2015;03:00;13;001272;805;Torino - Rebaudengo;04;Biossido di azoto (NO2);23;microgrammi / metro cubo;32.0;V;
19/09/2015;04:00;13;001272;805;Torino - Rebaudengo;04;Biossido di azoto (NO2);23;microgrammi / metro cubo;26.0;V;
19/09/2015;05:00;13;001272;805;Torino - Rebaudengo;04;Biossido di azoto (NO2);23;microgrammi / metro cubo;29.0;V;
19/09/2015;06:00;13;001272;805;Torino - Rebaudengo;04;Biossido di azoto (NO2);23;microgrammi / metro cubo;40.0;V;
19/09/2015;07:00;13;001272;805;Torino - Rebaudengo;04;Biossido di azoto (NO2);23;microgrammi / metro cubo;31.0;V;
19/09/2015;08:00;13;001272;805;Torino - Rebaudengo;04;Biossido di azoto (NO2);23;microgrammi / metro cubo;37.0;V;
19/09/2015;09:00;13;001272;805;Torino - Rebaudengo;04;Biossido di azoto (NO2);23;microgrammi / metro cubo;41.0;V;
19/09/2015;10:00;13;001272;805;Torino - Rebaudengo;04;Biossido di azoto (NO2);23;microgrammi / metro cubo;40.0;V;
19/09/2015;11:00;13;001272;805;Torino - Rebaudengo;04;Biossido di azoto (NO2);23;microgrammi / metro cubo;35.0;V;
19/09/2015;12:00;13;001272;805;Torino - Rebaudengo;04;Biossido di azoto (NO2);23;microgrammi / metro cubo;32.0;V;
19/09/2015;13:00;13;001272;805;Torino - Rebaudengo;04;Biossido di azoto (NO2);23;microgrammi / metro cubo;36.0;V;
19/09/2015;14:00;13;001272;805;Torino - Rebaudengo;04;Biossido di azoto (NO2);23;microgrammi / metro cubo;21.0;V;
19/09/2015;15:00;13;001272;805;Torino - Rebaudengo;04;Biossido di azoto (NO2);23;microgrammi / metro cubo;23.0;V;
19/09/2015;16:00;13;001272;805;Torino - Rebaudengo;04;Biossido di azoto (NO2);23;microgrammi / metro cubo;17.0;V;
19/09/2015;17:00;13;001272;805;Torino - Rebaudengo;04;Biossido di azoto (NO2);23;microgrammi / metro cubo;30.0;V;
19/09/2015;18:00;13;001272;805;Torino - Rebaudengo;04;Biossido di azoto (NO2);23;microgrammi / metro cubo;42.0;V;
19/09/2015;19:00;13;001272;805;Torino - Rebaudengo;04;Biossido di azoto (NO2);23;microgrammi / metro cubo;43.0;V;
19/09/2015;20:00;13;001272;805;Torino - Rebaudengo;04;Biossido di azoto (NO2);23;microgrammi / metro cubo;60.0;V;
19/09/2015;21:00;13;001272;805;Torino - Rebaudengo;04;Biossido di azoto (NO2);23;microgrammi / metro cubo;54.0;V;
19/09/2015;22:00;13;001272;805;Torino - Rebaudengo;04;Biossido di azoto (NO2);23;microgrammi / metro cubo;45.0;V;
19/09/2015;23:00;13;001272;805;Torino - Rebaudengo;04;Biossido di azoto (NO2);23;microgrammi / metro cubo;71.0;V;
19/09/2015;23:59;13;001272;805;Torino - Rebaudengo;04;Biossido di azoto (NO2);23;microgrammi / metro cubo;62.0;V;
20/09/2015;01:00;13;001272;805;Torino - Rebaudengo;04;Biossido di azoto (NO2);23;microgrammi / metro cubo;59.0;V;
20/09/2015;02:00;13;001272;805;Torino - Rebaudengo;04;Biossido di azoto (NO2);23;microgrammi / metro cubo;37.0;V;
20/09/2015;03:00;13;001272;805;Torino - Rebaudengo;04;Biossido di azoto (NO2);23;microgrammi / metro cubo;38.0;V;
20/09/2015;04:00;13;001272;805;Torino - Rebaudengo;04;Biossido di azoto (NO2);23;microgrammi / metro cubo;36.0;V;
20/09/2015;05:00;13;001272;805;Torino - Rebaudengo;04;Biossido di azoto (NO2);23;microgrammi / metro cubo;30.0;V;
20/09/2015;06:00;13;001272;805;Torino - Rebaudengo;04;Biossido di azoto (NO2);23;microgrammi / metro cubo;30.0;V;
20/09/2015;07:00;13;001272;805;Torino - Rebaudengo;04;Biossido di azoto (NO2);23;microgrammi / metro cubo;25.0;V;
20/09/2015;08:00;13;001272;805;Torino - Rebaudengo;04;Biossido di azoto (NO2);23;microgrammi / metro cubo;44.0;V;
20/09/2015;09:00;13;001272;805;Torino - Rebaudengo;04;Biossido di azoto (NO2);23;microgrammi / metro cubo;48.0;V;
20/09/2015;10:00;13;001272;805;Torino - Rebaudengo;04;Biossido di azoto (NO2);23;microgrammi / metro cubo;48.0;V;
20/09/2015;11:00;13;001272;805;Torino - Rebaudengo;04;Biossido di azoto (NO2);23;microgrammi / metro cubo;40.0;V;
20/09/2015;12:00;13;001272;805;Torino - Rebaudengo;04;Biossido di azoto (NO2);23;microgrammi / metro cubo;44.0;V;
20/09/2015;13:00;13;001272;805;Torino - Rebaudengo;04;Biossido di azoto (NO2);23;microgrammi / metro cubo;34.0;V;
20/09/2015;14:00;13;001272;805;Torino - Rebaudengo;04;Biossido di azoto (NO2);23;microgrammi / metro cubo;21.0;V;
20/09/2015;15:00;13;001272;805;Torino - Rebaudengo;04;Biossido di azoto (NO2);23;microgrammi / metro cubo;25.0;V;
20/09/2015;16:00;13;001272;805;Torino - Rebaudengo;04;Biossido di azoto (NO2);23;microgrammi / metro cubo;15.0;V;
20/09/2015;17:00;13;001272;805;Torino - Rebaudengo;04;Biossido di azoto (NO2);23;microgrammi / metro cubo;26.0;V;
20/09/2015;18:00;13;001272;805;Torino - Rebaudengo;04;Biossido di azoto (NO2);23;microgrammi / metro cubo;46.0;V;
20/09/2015;19:00;13;001272;805;Torino - Rebaudengo;04;Biossido di azoto (NO2);23;microgrammi / metro cubo;61.0;V;
20/09/2015;20:00;13;001272;805;Torino - Rebaudengo;04;Biossido di azoto (NO2);23;microgrammi / metro cubo;83.0;V;
20/09/2015;21:00;13;001272;805;Torino - Rebaudengo;04;Biossido di azoto (NO2);23;microgrammi / metro cubo;61.0;V;
20/09/2015;22:00;13;001272;805;Torino - Rebaudengo;04;Biossido di azoto (NO2);23;microgrammi / metro cubo;61.0;V;
20/09/2015;23:00;13;001272;805;Torino - Rebaudengo;04;Biossido di azoto (NO2);23;microgrammi / metro cubo;52.0;V;
20/09/2015;23:59;13;001272;805;Torino - Rebaudengo;04;Biossido di azoto (NO2);23;microgrammi / metro cubo;42.0;V;
21/09/2015;01:00;13;001272;805;Torino - Rebaudengo;04;Biossido di azoto (NO2);23;microgrammi / metro cubo;44.0;V;
21/09/2015;02:00;13;001272;805;Torino - Rebaudengo;04;Biossido di azoto (NO2);23;microgrammi / metro cubo;36.0;V;
21/09/2015;03:00;13;001272;805;Torino - Rebaudengo;04;Biossido di azoto (NO2);23;microgrammi / metro cubo;26.0;V;
21/09/2015;04:00;13;001272;805;Torino - Rebaudengo;04;Biossido di azoto (NO2);23;microgrammi / metro cubo;26.0;V;
21/09/2015;05:00;13;001272;805;Torino - Rebaudengo;04;Biossido di azoto (NO2);23;microgrammi / metro cubo;38.0;V;
21/09/2015;06:00;13;001272;805;Torino - Rebaudengo;04;Biossido di azoto (NO2);23;microgrammi / metro cubo;48.0;V;
21/09/2015;07:00;13;001272;805;Torino - Rebaudengo;04;Biossido di azoto (NO2);23;microgrammi / metro cubo;63.0;V;
21/09/2015;08:00;13;001272;805;Torino - Rebaudengo;04;Biossido di azoto (NO2);23;microgrammi / metro cubo;74.0;V;
21/09/2015;09:00;13;001272;805;Torino - Rebaudengo;04;Biossido di azoto (NO2);23;microgrammi / metro cubo;77.0;V;
21/09/2015;10:00;13;001272;805;Torino - Rebaudengo;04;Biossido di azoto (NO2);23;microgrammi / metro cubo;59.0;V;
21/09/2015;11:00;13;001272;805;Torino - Rebaudengo;04;Biossido di azoto (NO2);23;microgrammi / metro cubo;41.0;V;
21/09/2015;12:00;13;001272;805;Torino - Rebaudengo;04;Biossido di azoto (NO2);23;microgrammi / metro cubo;38.0;V;
21/09/2015;13:00;13;001272;805;Torino - Rebaudengo;04;Biossido di azoto (NO2);23;microgrammi / metro cubo;38.0;V;
21/09/2015;14:00;13;001272;805;Torino - Rebaudengo;04;Biossido di azoto (NO2);23;microgrammi / metro cubo;38.0;V;
21/09/2015;15:00;13;001272;805;Torino - Rebaudengo;04;Biossido di azoto (NO2);23;microgrammi / metro cubo;37.0;V;
21/09/2015;16:00;13;001272;805;Torino - Rebaudengo;04;Biossido di azoto (NO2);23;microgrammi / metro cubo;37.0;V;
21/09/2015;17:00;13;001272;805;Torino - Rebaudengo;04;Biossido di azoto (NO2);23;microgrammi / metro cubo;42.0;V;
21/09/2015;18:00;13;001272;805;Torino - Rebaudengo;04;Biossido di azoto (NO2);23;microgrammi / metro cubo;52.0;V;
21/09/2015;19:00;13;001272;805;Torino - Rebaudengo;04;Biossido di azoto (NO2);23;microgrammi / metro cubo;82.0;V;
21/09/2015;20:00;13;001272;805;Torino - Rebaudengo;04;Biossido di azoto (NO2);23;microgrammi / metro cubo;96.0;V;
21/09/2015;21:00;13;001272;805;Torino - Rebaudengo;04;Biossido di azoto (NO2);23;microgrammi / metro cubo;57.0;V;
21/09/2015;22:00;13;001272;805;Torino - Rebaudengo;04;Biossido di azoto (NO2);23;microgrammi / metro cubo;49.0;V;
21/09/2015;23:00;13;001272;805;Torino - Rebaudengo;04;Biossido di azoto (NO2);23;microgrammi / metro cubo;60.0;V;
21/09/2015;23:59;13;001272;805;Torino - Rebaudengo;04;Biossido di azoto (NO2);23;microgrammi / metro cubo;56.0;V;
22/09/2015;01:00;13;001272;805;Torino - Rebaudengo;04;Biossido di azoto (NO2);23;microgrammi / metro cubo;57.0;V;
22/09/2015;02:00;13;001272;805;Torino - Rebaudengo;04;Biossido di azoto (NO2);23;microgrammi / metro cubo;47.0;V;
22/09/2015;03:00;13;001272;805;Torino - Rebaudengo;04;Biossido di azoto (NO2);23;microgrammi / metro cubo;35.0;V;
22/09/2015;04:00;13;001272;805;Torino - Rebaudengo;04;Biossido di azoto (NO2);23;microgrammi / metro cubo;27.0;V;
22/09/2015;05:00;13;001272;805;Torino - Rebaudengo;04;Biossido di azoto (NO2);23;microgrammi / metro cubo;37.0;V;
22/09/2015;06:00;13;001272;805;Torino - Rebaudengo;04;Biossido di azoto (NO2);23;microgrammi / metro cubo;41.0;V;
22/09/2015;07:00;13;001272;805;Torino - Rebaudengo;04;Biossido di azoto (NO2);23;microgrammi / metro cubo;52.0;V;
22/09/2015;08:00;13;001272;805;Torino - Rebaudengo;04;Biossido di azoto (NO2);23;microgrammi / metro cubo;58.0;V;
22/09/2015;09:00;13;001272;805;Torino - Rebaudengo;04;Biossido di azoto (NO2);23;microgrammi / metro cubo;64.0;V;
22/09/2015;10:00;13;001272;805;Torino - Rebaudengo;04;Biossido di azoto (NO2);23;microgrammi / metro cubo;56.0;V;
22/09/2015;11:00;13;001272;805;Torino - Rebaudengo;04;Biossido di azoto (NO2);23;microgrammi / metro cubo;45.0;V;
22/09/2015;12:00;13;001272;805;Torino - Rebaudengo;04;Biossido di azoto (NO2);23;microgrammi / metro cubo;40.0;V;
22/09/2015;13:00;13;001272;805;Torino - Rebaudengo;04;Biossido di azoto (NO2);23;microgrammi / metro cubo;47.0;V;
22/09/2015;14:00;13;001272;805;Torino - Rebaudengo;04;Biossido di azoto (NO2);23;microgrammi / metro cubo;47.0;V;
22/09/2015;15:00;13;001272;805;Torino - Rebaudengo;04;Biossido di azoto (NO2);23;microgrammi / metro cubo;46.0;V;
22/09/2015;16:00;13;001272;805;Torino - Rebaudengo;04;Biossido di azoto (NO2);23;microgrammi / metro cubo;47.0;V;
22/09/2015;17:00;13;001272;805;Torino - Rebaudengo;04;Biossido di azoto (NO2);23;microgrammi / metro cubo;57.0;V;
22/09/2015;18:00;13;001272;805;Torino - Rebaudengo;04;Biossido di azoto (NO2);23;microgrammi / metro cubo;52.0;V;
22/09/2015;19:00;13;001272;805;Torino - Rebaudengo;04;Biossido di azoto (NO2);23;microgrammi / metro cubo;60.0;V;
22/09/2015;20:00;13;001272;805;Torino - Rebaudengo;04;Biossido di azoto (NO2);23;microgrammi / metro cubo;63.0;V;
22/09/2015;21:00;13;001272;805;Torino - Rebaudengo;04;Biossido di azoto (NO2);23;microgrammi / metro cubo;56.0;V;
22/09/2015;22:00;13;001272;805;Torino - Rebaudengo;04;Biossido di azoto (NO2);23;microgrammi / metro cubo;59.0;V;
22/09/2015;23:00;13;001272;805;Torino - Rebaudengo;04;Biossido di azoto (NO2);23;microgrammi / metro cubo;61.0;V;
22/09/2015;23:59;13;001272;805;Torino - Rebaudengo;04;Biossido di azoto (NO2);23;microgrammi / metro cubo;46.0;V;
23/09/2015;01:00;13;001272;805;Torino - Rebaudengo;04;Biossido di azoto (NO2);23;microgrammi / metro cubo;42.0;V;
23/09/2015;02:00;13;001272;805;Torino - Rebaudengo;04;Biossido di azoto (NO2);23;microgrammi / metro cubo;33.0;V;
23/09/2015;03:00;13;001272;805;Torino - Rebaudengo;04;Biossido di azoto (NO2);23;microgrammi / metro cubo;26.0;V;
23/09/2015;04:00;13;001272;805;Torino - Rebaudengo;04;Biossido di azoto (NO2);23;microgrammi / metro cubo;28.0;V;
23/09/2015;05:00;13;001272;805;Torino - Rebaudengo;04;Biossido di azoto (NO2);23;microgrammi / metro cubo;41.0;V;
23/09/2015;06:00;13;001272;805;Torino - Rebaudengo;04;Biossido di azoto (NO2);23;microgrammi / metro cubo;45.0;V;
23/09/2015;07:00;13;001272;805;Torino - Rebaudengo;04;Biossido di azoto (NO2);23;microgrammi / metro cubo;44.0;V;
23/09/2015;08:00;13;001272;805;Torino - Rebaudengo;04;Biossido di azoto (NO2);23;microgrammi / metro cubo;47.0;V;
23/09/2015;09:00;13;001272;805;Torino - Rebaudengo;04;Biossido di azoto (NO2);23;microgrammi / metro cubo;51.0;V;
23/09/2015;10:00;13;001272;805;Torino - Rebaudengo;04;Biossido di azoto (NO2);23;microgrammi / metro cubo;29.0;V;
23/09/2015;11:00;13;001272;805;Torino - Rebaudengo;04;Biossido di azoto (NO2);23;microgrammi / metro cubo;26.0;V;
23/09/2015;12:00;13;001272;805;Torino - Rebaudengo;04;Biossido di azoto (NO2);23;microgrammi / metro cubo;16.0;V;
23/09/2015;13:00;13;001272;805;Torino - Rebaudengo;04;Biossido di azoto (NO2);23;microgrammi / metro cubo;24.0;V;
23/09/2015;14:00;13;001272;805;Torino - Rebaudengo;04;Biossido di azoto (NO2);23;microgrammi / metro cubo;31.0;V;
23/09/2015;15:00;13;001272;805;Torino - Rebaudengo;04;Biossido di azoto (NO2);23;microgrammi / metro cubo;49.0;V;
23/09/2015;16:00;13;001272;805;Torino - Rebaudengo;04;Biossido di azoto (NO2);23;microgrammi / metro cubo;58.0;V;
23/09/2015;17:00;13;001272;805;Torino - Rebaudengo;04;Biossido di azoto (NO2);23;microgrammi / metro cubo;59.0;V;
23/09/2015;18:00;13;001272;805;Torino - Rebaudengo;04;Biossido di azoto (NO2);23;microgrammi / metro cubo;74.0;V;
23/09/2015;19:00;13;001272;805;Torino - Rebaudengo;04;Biossido di azoto (NO2);23;microgrammi / metro cubo;55.0;V;
23/09/2015;20:00;13;001272;805;Torino - Rebaudengo;04;Biossido di azoto (NO2);23;microgrammi / metro cubo;55.0;V;
23/09/2015;21:00;13;001272;805;Torino - Rebaudengo;04;Biossido di azoto (NO2);23;microgrammi / metro cubo;58.0;V;
23/09/2015;22:00;13;001272;805;Torino - Rebaudengo;04;Biossido di azoto (NO2);23;microgrammi / metro cubo;66.0;V;
23/09/2015;23:00;13;001272;805;Torino - Rebaudengo;04;Biossido di azoto (NO2);23;microgrammi / metro cubo;55.0;V;
23/09/2015;23:59;13;001272;805;Torino - Rebaudengo;04;Biossido di azoto (NO2);23;microgrammi / metro cubo;57.0;V;
24/09/2015;01:00;13;001272;805;Torino - Rebaudengo;04;Biossido di azoto (NO2);23;microgrammi / metro cubo;44.0;V;
24/09/2015;02:00;13;001272;805;Torino - Rebaudengo;04;Biossido di azoto (NO2);23;microgrammi / metro cubo;39.0;V;
24/09/2015;03:00;13;001272;805;Torino - Rebaudengo;04;Biossido di azoto (NO2);23;microgrammi / metro cubo;29.0;V;
24/09/2015;04:00;13;001272;805;Torino - Rebaudengo;04;Biossido di azoto (NO2);23;microgrammi / metro cubo;28.0;V;
24/09/2015;05:00;13;001272;805;Torino - Rebaudengo;04;Biossido di azoto (NO2);23;microgrammi / metro cubo;36.0;V;
24/09/2015;06:00;13;001272;805;Torino - Rebaudengo;04;Biossido di azoto (NO2);23;microgrammi / metro cubo;52.0;V;
24/09/2015;07:00;13;001272;805;Torino - Rebaudengo;04;Biossido di azoto (NO2);23;microgrammi / metro cubo;70.0;V;
24/09/2015;08:00;13;001272;805;Torino - Rebaudengo;04;Biossido di azoto (NO2);23;microgrammi / metro cubo;86.0;V;
24/09/2015;09:00;13;001272;805;Torino - Rebaudengo;04;Biossido di azoto (NO2);23;microgrammi / metro cubo;75.0;V;
24/09/2015;10:00;13;001272;805;Torino - Rebaudengo;04;Biossido di azoto (NO2);23;microgrammi / metro cubo;79.0;V;
24/09/2015;11:00;13;001272;805;Torino - Rebaudengo;04;Biossido di azoto (NO2);23;microgrammi / metro cubo;73.0;V;
24/09/2015;12:00;13;001272;805;Torino - Rebaudengo;04;Biossido di azoto (NO2);23;microgrammi / metro cubo;65.0;V;
24/09/2015;13:00;13;001272;805;Torino - Rebaudengo;04;Biossido di azoto (NO2);23;microgrammi / metro cubo;57.0;V;
24/09/2015;14:00;13;001272;805;Torino - Rebaudengo;04;Biossido di azoto (NO2);23;microgrammi / metro cubo;53.0;V;
24/09/2015;15:00;13;001272;805;Torino - Rebaudengo;04;Biossido di azoto (NO2);23;microgrammi / metro cubo;37.0;V;
24/09/2015;16:00;13;001272;805;Torino - Rebaudengo;04;Biossido di azoto (NO2);23;microgrammi / metro cubo;34.0;V;
24/09/2015;17:00;13;001272;805;Torino - Rebaudengo;04;Biossido di azoto (NO2);23;microgrammi / metro cubo;48.0;V;
24/09/2015;18:00;13;001272;805;Torino - Rebaudengo;04;Biossido di azoto (NO2);23;microgrammi / metro cubo;58.0;V;
24/09/2015;19:00;13;001272;805;Torino - Rebaudengo;04;Biossido di azoto (NO2);23;microgrammi / metro cubo;98.0;V;
24/09/2015;20:00;13;001272;805;Torino - Rebaudengo;04;Biossido di azoto (NO2);23;microgrammi / metro cubo;92.0;V;
24/09/2015;21:00;13;001272;805;Torino - Rebaudengo;04;Biossido di azoto (NO2);23;microgrammi / metro cubo;71.0;V;
24/09/2015;22:00;13;001272;805;Torino - Rebaudengo;04;Biossido di azoto (NO2);23;microgrammi / metro cubo;72.0;V;
24/09/2015;23:00;13;001272;805;Torino - Rebaudengo;04;Biossido di azoto (NO2);23;microgrammi / metro cubo;75.0;V;
24/09/2015;23:59;13;001272;805;Torino - Rebaudengo;04;Biossido di azoto (NO2);23;microgrammi / metro cubo;72.0;V;
25/09/2015;01:00;13;001272;805;Torino - Rebaudengo;04;Biossido di azoto (NO2);23;microgrammi / metro cubo;59.0;V;
25/09/2015;02:00;13;001272;805;Torino - Rebaudengo;04;Biossido di azoto (NO2);23;microgrammi / metro cubo;52.0;V;
25/09/2015;03:00;13;001272;805;Torino - Rebaudengo;04;Biossido di azoto (NO2);23;microgrammi / metro cubo;45.0;V;
25/09/2015;04:00;13;001272;805;Torino - Rebaudengo;04;Biossido di azoto (NO2);23;microgrammi / metro cubo;44.0;V;
25/09/2015;05:00;13;001272;805;Torino - Rebaudengo;04;Biossido di azoto (NO2);23;microgrammi / metro cubo;50.0;V;
25/09/2015;06:00;13;001272;805;Torino - Rebaudengo;04;Biossido di azoto (NO2);23;microgrammi / metro cubo;44.0;V;
25/09/2015;07:00;13;001272;805;Torino - Rebaudengo;04;Biossido di azoto (NO2);23;microgrammi / metro cubo;68.0;V;
25/09/2015;08:00;13;001272;805;Torino - Rebaudengo;04;Biossido di azoto (NO2);23;microgrammi / metro cubo;79.0;V;
25/09/2015;09:00;13;001272;805;Torino - Rebaudengo;04;Biossido di azoto (NO2);23;microgrammi / metro cubo;82.0;V;
25/09/2015;10:00;13;001272;805;Torino - Rebaudengo;04;Biossido di azoto (NO2);23;microgrammi / metro cubo;85.0;V;
25/09/2015;11:00;13;001272;805;Torino - Rebaudengo;04;Biossido di azoto (NO2);23;microgrammi / metro cubo;78.0;V;
25/09/2015;12:00;13;001272;805;Torino - Rebaudengo;04;Biossido di azoto (NO2);23;microgrammi / metro cubo;83.0;V;
25/09/2015;13:00;13;001272;805;Torino - Rebaudengo;04;Biossido di azoto (NO2);23;microgrammi / metro cubo;61.0;V;
25/09/2015;14:00;13;001272;805;Torino - Rebaudengo;04;Biossido di azoto (NO2);23;microgrammi / metro cubo;73.0;V;
25/09/2015;15:00;13;001272;805;Torino - Rebaudengo;04;Biossido di azoto (NO2);23;microgrammi / metro cubo;62.0;V;
25/09/2015;16:00;13;001272;805;Torino - Rebaudengo;04;Biossido di azoto (NO2);23;microgrammi / metro cubo;67.0;V;
25/09/2015;17:00;13;001272;805;Torino - Rebaudengo;04;Biossido di azoto (NO2);23;microgrammi / metro cubo;66.0;V;
25/09/2015;18:00;13;001272;805;Torino - Rebaudengo;04;Biossido di azoto (NO2);23;microgrammi / metro cubo;88.0;V;
25/09/2015;19:00;13;001272;805;Torino - Rebaudengo;04;Biossido di azoto (NO2);23;microgrammi / metro cubo;113.0;V;
25/09/2015;20:00;13;001272;805;Torino - Rebaudengo;04;Biossido di azoto (NO2);23;microgrammi / metro cubo;90.0;V;
25/09/2015;21:00;13;001272;805;Torino - Rebaudengo;04;Biossido di azoto (NO2);23;microgrammi / metro cubo;69.0;V;
25/09/2015;22:00;13;001272;805;Torino - Rebaudengo;04;Biossido di azoto (NO2);23;microgrammi / metro cubo;67.0;V;
25/09/2015;23:00;13;001272;805;Torino - Rebaudengo;04;Biossido di azoto (NO2);23;microgrammi / metro cubo;77.0;V;
25/09/2015;23:59;13;001272;805;Torino - Rebaudengo;04;Biossido di azoto (NO2);23;microgrammi / metro cubo;62.0;V;
26/09/2015;01:00;13;001272;805;Torino - Rebaudengo;04;Biossido di azoto (NO2);23;microgrammi / metro cubo;58.0;V;
26/09/2015;02:00;13;001272;805;Torino - Rebaudengo;04;Biossido di azoto (NO2);23;microgrammi / metro cubo;45.0;V;
26/09/2015;03:00;13;001272;805;Torino - Rebaudengo;04;Biossido di azoto (NO2);23;microgrammi / metro cubo;37.0;V;
26/09/2015;04:00;13;001272;805;Torino - Rebaudengo;04;Biossido di azoto (NO2);23;microgrammi / metro cubo;35.0;V;
26/09/2015;05:00;13;001272;805;Torino - Rebaudengo;04;Biossido di azoto (NO2);23;microgrammi / metro cubo;36.0;V;
26/09/2015;06:00;13;001272;805;Torino - Rebaudengo;04;Biossido di azoto (NO2);23;microgrammi / metro cubo;42.0;V;
26/09/2015;07:00;13;001272;805;Torino - Rebaudengo;04;Biossido di azoto (NO2);23;microgrammi / metro cubo;49.0;V;
26/09/2015;08:00;13;001272;805;Torino - Rebaudengo;04;Biossido di azoto (NO2);23;microgrammi / metro cubo;54.0;V;
26/09/2015;09:00;13;001272;805;Torino - Rebaudengo;04;Biossido di azoto (NO2);23;microgrammi / metro cubo;48.0;V;
26/09/2015;10:00;13;001272;805;Torino - Rebaudengo;04;Biossido di azoto (NO2);23;microgrammi / metro cubo;62.0;V;
26/09/2015;11:00;13;001272;805;Torino - Rebaudengo;04;Biossido di azoto (NO2);23;microgrammi / metro cubo;43.0;V;
26/09/2015;12:00;13;001272;805;Torino - Rebaudengo;04;Biossido di azoto (NO2);23;microgrammi / metro cubo;36.0;V;
26/09/2015;13:00;13;001272;805;Torino - Rebaudengo;04;Biossido di azoto (NO2);23;microgrammi / metro cubo;32.0;V;
26/09/2015;14:00;13;001272;805;Torino - Rebaudengo;04;Biossido di azoto (NO2);23;microgrammi / metro cubo;32.0;V;
26/09/2015;15:00;13;001272;805;Torino - Rebaudengo;04;Biossido di azoto (NO2);23;microgrammi / metro cubo;26.0;V;
26/09/2015;16:00;13;001272;805;Torino - Rebaudengo;04;Biossido di azoto (NO2);23;microgrammi / metro cubo;28.0;V;
26/09/2015;17:00;13;001272;805;Torino - Rebaudengo;04;Biossido di azoto (NO2);23;microgrammi / metro cubo;42.0;V;
26/09/2015;18:00;13;001272;805;Torino - Rebaudengo;04;Biossido di azoto (NO2);23;microgrammi / metro cubo;42.0;V;
26/09/2015;19:00;13;001272;805;Torino - Rebaudengo;04;Biossido di azoto (NO2);23;microgrammi / metro cubo;84.0;V;
26/09/2015;20:00;13;001272;805;Torino - Rebaudengo;04;Biossido di azoto (NO2);23;microgrammi / metro cubo;90.0;V;
26/09/2015;21:00;13;001272;805;Torino - Rebaudengo;04;Biossido di azoto (NO2);23;microgrammi / metro cubo;71.0;V;
26/09/2015;22:00;13;001272;805;Torino - Rebaudengo;04;Biossido di azoto (NO2);23;microgrammi / metro cubo;62.0;V;
26/09/2015;23:00;13;001272;805;Torino - Rebaudengo;04;Biossido di azoto (NO2);23;microgrammi / metro cubo;57.0;V;
26/09/2015;23:59;13;001272;805;Torino - Rebaudengo;04;Biossido di azoto (NO2);23;microgrammi / metro cubo;52.0;V;
27/09/2015;01:00;13;001272;805;Torino - Rebaudengo;04;Biossido di azoto (NO2);23;microgrammi / metro cubo;63.0;V;
27/09/2015;02:00;13;001272;805;Torino - Rebaudengo;04;Biossido di azoto (NO2);23;microgrammi / metro cubo;65.0;V;
27/09/2015;03:00;13;001272;805;Torino - Rebaudengo;04;Biossido di azoto (NO2);23;microgrammi / metro cubo;49.0;V;
27/09/2015;04:00;13;001272;805;Torino - Rebaudengo;04;Biossido di azoto (NO2);23;microgrammi / metro cubo;34.0;V;
27/09/2015;05:00;13;001272;805;Torino - Rebaudengo;04;Biossido di azoto (NO2);23;microgrammi / metro cubo;46.0;V;
27/09/2015;06:00;13;001272;805;Torino - Rebaudengo;04;Biossido di azoto (NO2);23;microgrammi / metro cubo;43.0;V;
27/09/2015;07:00;13;001272;805;Torino - Rebaudengo;04;Biossido di azoto (NO2);23;microgrammi / metro cubo;34.0;V;
27/09/2015;08:00;13;001272;805;Torino - Rebaudengo;04;Biossido di azoto (NO2);23;microgrammi / metro cubo;27.0;V;
27/09/2015;09:00;13;001272;805;Torino - Rebaudengo;04;Biossido di azoto (NO2);23;microgrammi / metro cubo;22.0;V;
27/09/2015;10:00;13;001272;805;Torino - Rebaudengo;04;Biossido di azoto (NO2);23;microgrammi / metro cubo;24.0;V;
27/09/2015;11:00;13;001272;805;Torino - Rebaudengo;04;Biossido di azoto (NO2);23;microgrammi / metro cubo;23.0;V;
27/09/2015;12:00;13;001272;805;Torino - Rebaudengo;04;Biossido di azoto (NO2);23;microgrammi / metro cubo;23.0;V;
27/09/2015;13:00;13;001272;805;Torino - Rebaudengo;04;Biossido di azoto (NO2);23;microgrammi / metro cubo;18.0;V;
27/09/2015;14:00;13;001272;805;Torino - Rebaudengo;04;Biossido di azoto (NO2);23;microgrammi / metro cubo;17.0;V;
27/09/2015;15:00;13;001272;805;Torino - Rebaudengo;04;Biossido di azoto (NO2);23;microgrammi / metro cubo;28.0;V;
27/09/2015;16:00;13;001272;805;Torino - Rebaudengo;04;Biossido di azoto (NO2);23;microgrammi / metro cubo;29.0;V;
27/09/2015;17:00;13;001272;805;Torino - Rebaudengo;04;Biossido di azoto (NO2);23;microgrammi / metro cubo;28.0;V;
27/09/2015;18:00;13;001272;805;Torino - Rebaudengo;04;Biossido di azoto (NO2);23;microgrammi / metro cubo;30.0;V;
27/09/2015;19:00;13;001272;805;Torino - Rebaudengo;04;Biossido di azoto (NO2);23;microgrammi / metro cubo;31.0;V;
27/09/2015;20:00;13;001272;805;Torino - Rebaudengo;04;Biossido di azoto (NO2);23;microgrammi / metro cubo;42.0;V;
27/09/2015;21:00;13;001272;805;Torino - Rebaudengo;04;Biossido di azoto (NO2);23;microgrammi / metro cubo;40.0;V;
27/09/2015;22:00;13;001272;805;Torino - Rebaudengo;04;Biossido di azoto (NO2);23;microgrammi / metro cubo;34.0;V;
27/09/2015;23:00;13;001272;805;Torino - Rebaudengo;04;Biossido di azoto (NO2);23;microgrammi / metro cubo;41.0;V;
27/09/2015;23:59;13;001272;805;Torino - Rebaudengo;04;Biossido di azoto (NO2);23;microgrammi / metro cubo;34.0;V;
28/09/2015;01:00;13;001272;805;Torino - Rebaudengo;04;Biossido di azoto (NO2);23;microgrammi / metro cubo;23.0;V;
28/09/2015;02:00;13;001272;805;Torino - Rebaudengo;04;Biossido di azoto (NO2);23;microgrammi / metro cubo;16.0;V;
28/09/2015;03:00;13;001272;805;Torino - Rebaudengo;04;Biossido di azoto (NO2);23;microgrammi / metro cubo;17.0;V;
28/09/2015;04:00;13;001272;805;Torino - Rebaudengo;04;Biossido di azoto (NO2);23;microgrammi / metro cubo;16.0;V;
28/09/2015;05:00;13;001272;805;Torino - Rebaudengo;04;Biossido di azoto (NO2);23;microgrammi / metro cubo;19.0;V;
28/09/2015;06:00;13;001272;805;Torino - Rebaudengo;04;Biossido di azoto (NO2);23;microgrammi / metro cubo;29.0;V;
28/09/2015;07:00;13;001272;805;Torino - Rebaudengo;04;Biossido di azoto (NO2);23;microgrammi / metro cubo;57.0;V;
28/09/2015;08:00;13;001272;805;Torino - Rebaudengo;04;Biossido di azoto (NO2);23;microgrammi / metro cubo;64.0;V;
28/09/2015;09:00;13;001272;805;Torino - Rebaudengo;04;Biossido di azoto (NO2);23;microgrammi / metro cubo;62.0;V;
28/09/2015;10:00;13;001272;805;Torino - Rebaudengo;04;Biossido di azoto (NO2);23;microgrammi / metro cubo;47.0;V;
28/09/2015;11:00;13;001272;805;Torino - Rebaudengo;04;Biossido di azoto (NO2);23;microgrammi / metro cubo;32.0;V;
28/09/2015;12:00;13;001272;805;Torino - Rebaudengo;04;Biossido di azoto (NO2);23;microgrammi / metro cubo;29.0;V;
28/09/2015;13:00;13;001272;805;Torino - Rebaudengo;04;Biossido di azoto (NO2);23;microgrammi / metro cubo;32.0;V;
28/09/2015;14:00;13;001272;805;Torino - Rebaudengo;04;Biossido di azoto (NO2);23;microgrammi / metro cubo;39.0;V;
28/09/2015;15:00;13;001272;805;Torino - Rebaudengo;04;Biossido di azoto (NO2);23;microgrammi / metro cubo;36.0;V;
28/09/2015;16:00;13;001272;805;Torino - Rebaudengo;04;Biossido di azoto (NO2);23;microgrammi / metro cubo;28.0;V;
28/09/2015;17:00;13;001272;805;Torino - Rebaudengo;04;Biossido di azoto (NO2);23;microgrammi / metro cubo;40.0;V;
28/09/2015;18:00;13;001272;805;Torino - Rebaudengo;04;Biossido di azoto (NO2);23;microgrammi / metro cubo;45.0;V;
28/09/2015;19:00;13;001272;805;Torino - Rebaudengo;04;Biossido di azoto (NO2);23;microgrammi / metro cubo;58.0;V;
28/09/2015;20:00;13;001272;805;Torino - Rebaudengo;04;Biossido di azoto (NO2);23;microgrammi / metro cubo;62.0;V;
28/09/2015;21:00;13;001272;805;Torino - Rebaudengo;04;Biossido di azoto (NO2);23;microgrammi / metro cubo;66.0;V;
28/09/2015;22:00;13;001272;805;Torino - Rebaudengo;04;Biossido di azoto (NO2);23;microgrammi / metro cubo;49.0;V;
28/09/2015;23:00;13;001272;805;Torino - Rebaudengo;04;Biossido di azoto (NO2);23;microgrammi / metro cubo;39.0;V;
28/09/2015;23:59;13;001272;805;Torino - Rebaudengo;04;Biossido di azoto (NO2);23;microgrammi / metro cubo;32.0;V;
29/09/2015;01:00;13;001272;805;Torino - Rebaudengo;04;Biossido di azoto (NO2);23;microgrammi / metro cubo;16.0;V;
29/09/2015;02:00;13;001272;805;Torino - Rebaudengo;04;Biossido di azoto (NO2);23;microgrammi / metro cubo;15.0;V;
29/09/2015;03:00;13;001272;805;Torino - Rebaudengo;04;Biossido di azoto (NO2);23;microgrammi / metro cubo;22.0;V;
29/09/2015;04:00;13;001272;805;Torino - Rebaudengo;04;Biossido di azoto (NO2);23;microgrammi / metro cubo;27.0;V;
29/09/2015;05:00;13;001272;805;Torino - Rebaudengo;04;Biossido di azoto (NO2);23;microgrammi / metro cubo;41.0;V;
29/09/2015;06:00;13;001272;805;Torino - Rebaudengo;04;Biossido di azoto (NO2);23;microgrammi / metro cubo;40.0;V;
29/09/2015;07:00;13;001272;805;Torino - Rebaudengo;04;Biossido di azoto (NO2);23;microgrammi / metro cubo;63.0;V;
29/09/2015;08:00;13;001272;805;Torino - Rebaudengo;04;Biossido di azoto (NO2);23;microgrammi / metro cubo;59.0;V;
29/09/2015;09:00;13;001272;805;Torino - Rebaudengo;04;Biossido di azoto (NO2);23;microgrammi / metro cubo;73.0;V;
29/09/2015;10:00;13;001272;805;Torino - Rebaudengo;04;Biossido di azoto (NO2);23;microgrammi / metro cubo;60.0;V;
29/09/2015;11:00;13;001272;805;Torino - Rebaudengo;04;Biossido di azoto (NO2);23;microgrammi / metro cubo;54.0;V;
29/09/2015;12:00;13;001272;805;Torino - Rebaudengo;04;Biossido di azoto (NO2);23;microgrammi / metro cubo;59.0;V;
29/09/2015;13:00;13;001272;805;Torino - Rebaudengo;04;Biossido di azoto (NO2);23;microgrammi / metro cubo;64.0;V;
29/09/2015;14:00;13;001272;805;Torino - Rebaudengo;04;Biossido di azoto (NO2);23;microgrammi / metro cubo;48.0;V;
29/09/2015;15:00;13;001272;805;Torino - Rebaudengo;04;Biossido di azoto (NO2);23;microgrammi / metro cubo;42.0;V;
29/09/2015;16:00;13;001272;805;Torino - Rebaudengo;04;Biossido di azoto (NO2);23;microgrammi / metro cubo;53.0;V;
29/09/2015;17:00;13;001272;805;Torino - Rebaudengo;04;Biossido di azoto (NO2);23;microgrammi / metro cubo;65.0;V;
29/09/2015;18:00;13;001272;805;Torino - Rebaudengo;04;Biossido di azoto (NO2);23;microgrammi / metro cubo;71.0;V;
29/09/2015;19:00;13;001272;805;Torino - Rebaudengo;04;Biossido di azoto (NO2);23;microgrammi / metro cubo;79.0;V;
29/09/2015;20:00;13;001272;805;Torino - Rebaudengo;04;Biossido di azoto (NO2);23;microgrammi / metro cubo;81.0;V;
29/09/2015;21:00;13;001272;805;Torino - Rebaudengo;04;Biossido di azoto (NO2);23;microgrammi / metro cubo;54.0;V;
29/09/2015;22:00;13;001272;805;Torino - Rebaudengo;04;Biossido di azoto (NO2);23;microgrammi / metro cubo;42.0;V;
29/09/2015;23:00;13;001272;805;Torino - Rebaudengo;04;Biossido di azoto (NO2);23;microgrammi / metro cubo;39.0;V;
29/09/2015;23:59;13;001272;805;Torino - Rebaudengo;04;Biossido di azoto (NO2);23;microgrammi / metro cubo;37.0;V;
30/09/2015;01:00;13;001272;805;Torino - Rebaudengo;04;Biossido di azoto (NO2);23;microgrammi / metro cubo;35.0;V;
30/09/2015;02:00;13;001272;805;Torino - Rebaudengo;04;Biossido di azoto (NO2);23;microgrammi / metro cubo;29.0;V;
30/09/2015;03:00;13;001272;805;Torino - Rebaudengo;04;Biossido di azoto (NO2);23;microgrammi / metro cubo;24.0;V;
30/09/2015;04:00;13;001272;805;Torino - Rebaudengo;04;Biossido di azoto (NO2);23;microgrammi / metro cubo;27.0;V;
30/09/2015;05:00;13;001272;805;Torino - Rebaudengo;04;Biossido di azoto (NO2);23;microgrammi / metro cubo;45.0;V;
30/09/2015;06:00;13;001272;805;Torino - Rebaudengo;04;Biossido di azoto (NO2);23;microgrammi / metro cubo;46.0;V;
30/09/2015;07:00;13;001272;805;Torino - Rebaudengo;04;Biossido di azoto (NO2);23;microgrammi / metro cubo;52.0;V;
30/09/2015;08:00;13;001272;805;Torino - Rebaudengo;04;Biossido di azoto (NO2);23;microgrammi / metro cubo;69.0;V;
30/09/2015;09:00;13;001272;805;Torino - Rebaudengo;04;Biossido di azoto (NO2);23;microgrammi / metro cubo;65.0;V;
30/09/2015;10:00;13;001272;805;Torino - Rebaudengo;04;Biossido di azoto (NO2);23;microgrammi / metro cubo;60.0;V;
30/09/2015;11:00;13;001272;805;Torino - Rebaudengo;04;Biossido di azoto (NO2);23;microgrammi / metro cubo;53.0;V;
30/09/2015;12:00;13;001272;805;Torino - Rebaudengo;04;Biossido di azoto (NO2);23;microgrammi / metro cubo;44.0;V;
30/09/2015;13:00;13;001272;805;Torino - Rebaudengo;04;Biossido di azoto (NO2);23;microgrammi / metro cubo;34.0;V;
30/09/2015;14:00;13;001272;805;Torino - Rebaudengo;04;Biossido di azoto (NO2);23;microgrammi / metro cubo;49.0;V;
30/09/2015;15:00;13;001272;805;Torino - Rebaudengo;04;Biossido di azoto (NO2);23;microgrammi / metro cubo;39.0;V;
30/09/2015;16:00;13;001272;805;Torino - Rebaudengo;04;Biossido di azoto (NO2);23;microgrammi / metro cubo;38.0;V;
30/09/2015;17:00;13;001272;805;Torino - Rebaudengo;04;Biossido di azoto (NO2);23;microgrammi / metro cubo;38.0;V;
30/09/2015;18:00;13;001272;805;Torino - Rebaudengo;04;Biossido di azoto (NO2);23;microgrammi / metro cubo;55.0;V;
30/09/2015;19:00;13;001272;805;Torino - Rebaudengo;04;Biossido di azoto (NO2);23;microgrammi / metro cubo;58.0;V;
30/09/2015;20:00;13;001272;805;Torino - Rebaudengo;04;Biossido di azoto (NO2);23;microgrammi / metro cubo;56.0;V;
30/09/2015;21:00;13;001272;805;Torino - Rebaudengo;04;Biossido di azoto (NO2);23;microgrammi / metro cubo;55.0;V;
30/09/2015;22:00;13;001272;805;Torino - Rebaudengo;04;Biossido di azoto (NO2);23;microgrammi / metro cubo;40.0;V;
30/09/2015;23:00;13;001272;805;Torino - Rebaudengo;04;Biossido di azoto (NO2);23;microgrammi / metro cubo;40.0;V;
30/09/2015;23:59;13;001272;805;Torino - Rebaudengo;04;Biossido di azoto (NO2);23;microgrammi / metro cubo;21.0;V;
01/10/2015;01:00;13;001272;805;Torino - Rebaudengo;04;Biossido di azoto (NO2);23;microgrammi / metro cubo;15.0;V;
01/10/2015;02:00;13;001272;805;Torino - Rebaudengo;04;Biossido di azoto (NO2);23;microgrammi / metro cubo;11.0;V;
01/10/2015;03:00;13;001272;805;Torino - Rebaudengo;04;Biossido di azoto (NO2);23;microgrammi / metro cubo;15.0;V;
01/10/2015;04:00;13;001272;805;Torino - Rebaudengo;04;Biossido di azoto (NO2);23;microgrammi / metro cubo;21.0;V;
01/10/2015;05:00;13;001272;805;Torino - Rebaudengo;04;Biossido di azoto (NO2);23;microgrammi / metro cubo;25.0;V;
01/10/2015;06:00;13;001272;805;Torino - Rebaudengo;04;Biossido di azoto (NO2);23;microgrammi / metro cubo;42.0;V;
01/10/2015;07:00;13;001272;805;Torino - Rebaudengo;04;Biossido di azoto (NO2);23;microgrammi / metro cubo;45.0;V;
01/10/2015;08:00;13;001272;805;Torino - Rebaudengo;04;Biossido di azoto (NO2);23;microgrammi / metro cubo;65.0;V;
01/10/2015;09:00;13;001272;805;Torino - Rebaudengo;04;Biossido di azoto (NO2);23;microgrammi / metro cubo;56.0;V;
01/10/2015;10:00;13;001272;805;Torino - Rebaudengo;04;Biossido di azoto (NO2);23;microgrammi / metro cubo;48.0;V;
01/10/2015;11:00;13;001272;805;Torino - Rebaudengo;04;Biossido di azoto (NO2);23;microgrammi / metro cubo;43.0;V;
01/10/2015;12:00;13;001272;805;Torino - Rebaudengo;04;Biossido di azoto (NO2);23;microgrammi / metro cubo;29.0;V;
01/10/2015;13:00;13;001272;805;Torino - Rebaudengo;04;Biossido di azoto (NO2);23;microgrammi / metro cubo;30.0;V;
01/10/2015;14:00;13;001272;805;Torino - Rebaudengo;04;Biossido di azoto (NO2);23;microgrammi / metro cubo;28.0;V;
01/10/2015;15:00;13;001272;805;Torino - Rebaudengo;04;Biossido di azoto (NO2);23;microgrammi / metro cubo;37.0;V;
01/10/2015;16:00;13;001272;805;Torino - Rebaudengo;04;Biossido di azoto (NO2);23;microgrammi / metro cubo;37.0;V;
01/10/2015;17:00;13;001272;805;Torino - Rebaudengo;04;Biossido di azoto (NO2);23;microgrammi / metro cubo;56.0;V;
01/10/2015;18:00;13;001272;805;Torino - Rebaudengo;04;Biossido di azoto (NO2);23;microgrammi / metro cubo;76.0;V;
01/10/2015;19:00;13;001272;805;Torino - Rebaudengo;04;Biossido di azoto (NO2);23;microgrammi / metro cubo;79.0;V;
01/10/2015;20:00;13;001272;805;Torino - Rebaudengo;04;Biossido di azoto (NO2);23;microgrammi / metro cubo;79.0;V;
01/10/2015;21:00;13;001272;805;Torino - Rebaudengo;04;Biossido di azoto (NO2);23;microgrammi / metro cubo;66.0;V;
01/10/2015;22:00;13;001272;805;Torino - Rebaudengo;04;Biossido di azoto (NO2);23;microgrammi / metro cubo;60.0;V;
01/10/2015;23:00;13;001272;805;Torino - Rebaudengo;04;Biossido di azoto (NO2);23;microgrammi / metro cubo;49.0;V;
01/10/2015;23:59;13;001272;805;Torino - Rebaudengo;04;Biossido di azoto (NO2);23;microgrammi / metro cubo;39.0;V;
02/10/2015;01:00;13;001272;805;Torino - Rebaudengo;04;Biossido di azoto (NO2);23;microgrammi / metro cubo;30.0;V;
02/10/2015;02:00;13;001272;805;Torino - Rebaudengo;04;Biossido di azoto (NO2);23;microgrammi / metro cubo;29.0;V;
02/10/2015;03:00;13;001272;805;Torino - Rebaudengo;04;Biossido di azoto (NO2);23;microgrammi / metro cubo;24.0;V;
02/10/2015;04:00;13;001272;805;Torino - Rebaudengo;04;Biossido di azoto (NO2);23;microgrammi / metro cubo;23.0;V;
02/10/2015;05:00;13;001272;805;Torino - Rebaudengo;04;Biossido di azoto (NO2);23;microgrammi / metro cubo;30.0;V;
02/10/2015;06:00;13;001272;805;Torino - Rebaudengo;04;Biossido di azoto (NO2);23;microgrammi / metro cubo;33.0;V;
02/10/2015;07:00;13;001272;805;Torino - Rebaudengo;04;Biossido di azoto (NO2);23;microgrammi / metro cubo;54.0;V;
02/10/2015;08:00;13;001272;805;Torino - Rebaudengo;04;Biossido di azoto (NO2);23;microgrammi / metro cubo;56.0;V;
02/10/2015;09:00;13;001272;805;Torino - Rebaudengo;04;Biossido di azoto (NO2);23;microgrammi / metro cubo;59.0;V;
02/10/2015;10:00;13;001272;805;Torino - Rebaudengo;04;Biossido di azoto (NO2);23;microgrammi / metro cubo;67.0;V;
02/10/2015;11:00;13;001272;805;Torino - Rebaudengo;04;Biossido di azoto (NO2);23;microgrammi / metro cubo;78.0;V;
02/10/2015;12:00;13;001272;805;Torino - Rebaudengo;04;Biossido di azoto (NO2);23;microgrammi / metro cubo;68.0;V;
02/10/2015;13:00;13;001272;805;Torino - Rebaudengo;04;Biossido di azoto (NO2);23;microgrammi / metro cubo;53.0;V;
02/10/2015;14:00;13;001272;805;Torino - Rebaudengo;04;Biossido di azoto (NO2);23;microgrammi / metro cubo;48.0;V;
02/10/2015;15:00;13;001272;805;Torino - Rebaudengo;04;Biossido di azoto (NO2);23;microgrammi / metro cubo;45.0;V;
02/10/2015;16:00;13;001272;805;Torino - Rebaudengo;04;Biossido di azoto (NO2);23;microgrammi / metro cubo;46.0;V;
02/10/2015;17:00;13;001272;805;Torino - Rebaudengo;04;Biossido di azoto (NO2);23;microgrammi / metro cubo;45.0;V;
02/10/2015;18:00;13;001272;805;Torino - Rebaudengo;04;Biossido di azoto (NO2);23;microgrammi / metro cubo;49.0;V;
02/10/2015;19:00;13;001272;805;Torino - Rebaudengo;04;Biossido di azoto (NO2);23;microgrammi / metro cubo;34.0;V;
02/10/2015;20:00;13;001272;805;Torino - Rebaudengo;04;Biossido di azoto (NO2);23;microgrammi / metro cubo;36.0;V;
02/10/2015;21:00;13;001272;805;Torino - Rebaudengo;04;Biossido di azoto (NO2);23;microgrammi / metro cubo;42.0;V;
02/10/2015;22:00;13;001272;805;Torino - Rebaudengo;04;Biossido di azoto (NO2);23;microgrammi / metro cubo;27.0;V;
02/10/2015;23:00;13;001272;805;Torino - Rebaudengo;04;Biossido di azoto (NO2);23;microgrammi / metro cubo;24.0;V;
02/10/2015;23:59;13;001272;805;Torino - Rebaudengo;04;Biossido di azoto (NO2);23;microgrammi / metro cubo;41.0;V;
03/10/2015;01:00;13;001272;805;Torino - Rebaudengo;04;Biossido di azoto (NO2);23;microgrammi / metro cubo;36.0;V;
03/10/2015;02:00;13;001272;805;Torino - Rebaudengo;04;Biossido di azoto (NO2);23;microgrammi / metro cubo;22.0;V;
03/10/2015;03:00;13;001272;805;Torino - Rebaudengo;04;Biossido di azoto (NO2);23;microgrammi / metro cubo;19.0;V;
03/10/2015;04:00;13;001272;805;Torino - Rebaudengo;04;Biossido di azoto (NO2);23;microgrammi / metro cubo;18.0;V;
03/10/2015;05:00;13;001272;805;Torino - Rebaudengo;04;Biossido di azoto (NO2);23;microgrammi / metro cubo;21.0;V;
03/10/2015;06:00;13;001272;805;Torino - Rebaudengo;04;Biossido di azoto (NO2);23;microgrammi / metro cubo;29.0;V;
03/10/2015;07:00;13;001272;805;Torino - Rebaudengo;04;Biossido di azoto (NO2);23;microgrammi / metro cubo;50.0;V;
03/10/2015;08:00;13;001272;805;Torino - Rebaudengo;04;Biossido di azoto (NO2);23;microgrammi / metro cubo;39.0;V;
03/10/2015;09:00;13;001272;805;Torino - Rebaudengo;04;Biossido di azoto (NO2);23;microgrammi / metro cubo;45.0;V;
03/10/2015;10:00;13;001272;805;Torino - Rebaudengo;04;Biossido di azoto (NO2);23;microgrammi / metro cubo;38.0;V;
03/10/2015;11:00;13;001272;805;Torino - Rebaudengo;04;Biossido di azoto (NO2);23;microgrammi / metro cubo;38.0;V;
03/10/2015;12:00;13;001272;805;Torino - Rebaudengo;04;Biossido di azoto (NO2);23;microgrammi / metro cubo;45.0;V;
03/10/2015;13:00;13;001272;805;Torino - Rebaudengo;04;Biossido di azoto (NO2);23;microgrammi / metro cubo;34.0;V;
03/10/2015;14:00;13;001272;805;Torino - Rebaudengo;04;Biossido di azoto (NO2);23;microgrammi / metro cubo;33.0;V;
03/10/2015;15:00;13;001272;805;Torino - Rebaudengo;04;Biossido di azoto (NO2);23;microgrammi / metro cubo;31.0;V;
03/10/2015;16:00;13;001272;805;Torino - Rebaudengo;04;Biossido di azoto (NO2);23;microgrammi / metro cubo;29.0;V;
03/10/2015;17:00;13;001272;805;Torino - Rebaudengo;04;Biossido di azoto (NO2);23;microgrammi / metro cubo;27.0;V;
03/10/2015;18:00;13;001272;805;Torino - Rebaudengo;04;Biossido di azoto (NO2);23;microgrammi / metro cubo;27.0;V;
03/10/2015;19:00;13;001272;805;Torino - Rebaudengo;04;Biossido di azoto (NO2);23;microgrammi / metro cubo;34.0;V;
03/10/2015;20:00;13;001272;805;Torino - Rebaudengo;04;Biossido di azoto (NO2);23;microgrammi / metro cubo;38.0;V;
03/10/2015;21:00;13;001272;805;Torino - Rebaudengo;04;Biossido di azoto (NO2);23;microgrammi / metro cubo;26.0;V;
03/10/2015;22:00;13;001272;805;Torino - Rebaudengo;04;Biossido di azoto (NO2);23;microgrammi / metro cubo;29.0;V;
03/10/2015;23:00;13;001272;805;Torino - Rebaudengo;04;Biossido di azoto (NO2);23;microgrammi / metro cubo;38.0;V;
03/10/2015;23:59;13;001272;805;Torino - Rebaudengo;04;Biossido di azoto (NO2);23;microgrammi / metro cubo;50.0;V;
04/10/2015;01:00;13;001272;805;Torino - Rebaudengo;04;Biossido di azoto (NO2);23;microgrammi / metro cubo;43.0;V;
04/10/2015;02:00;13;001272;805;Torino - Rebaudengo;04;Biossido di azoto (NO2);23;microgrammi / metro cubo;57.0;V;
04/10/2015;03:00;13;001272;805;Torino - Rebaudengo;04;Biossido di azoto (NO2);23;microgrammi / metro cubo;49.0;V;
04/10/2015;04:00;13;001272;805;Torino - Rebaudengo;04;Biossido di azoto (NO2);23;microgrammi / metro cubo;46.0;V;
04/10/2015;05:00;13;001272;805;Torino - Rebaudengo;04;Biossido di azoto (NO2);23;microgrammi / metro cubo;43.0;V;
04/10/2015;06:00;13;001272;805;Torino - Rebaudengo;04;Biossido di azoto (NO2);23;microgrammi / metro cubo;37.0;V;
04/10/2015;07:00;13;001272;805;Torino - Rebaudengo;04;Biossido di azoto (NO2);23;microgrammi / metro cubo;45.0;V;
04/10/2015;08:00;13;001272;805;Torino - Rebaudengo;04;Biossido di azoto (NO2);23;microgrammi / metro cubo;47.0;V;
04/10/2015;09:00;13;001272;805;Torino - Rebaudengo;04;Biossido di azoto (NO2);23;microgrammi / metro cubo;40.0;V;
04/10/2015;10:00;13;001272;805;Torino - Rebaudengo;04;Biossido di azoto (NO2);23;microgrammi / metro cubo;44.0;V;
04/10/2015;11:00;13;001272;805;Torino - Rebaudengo;04;Biossido di azoto (NO2);23;microgrammi / metro cubo;38.0;V;
04/10/2015;12:00;13;001272;805;Torino - Rebaudengo;04;Biossido di azoto (NO2);23;microgrammi / metro cubo;28.0;V;
04/10/2015;13:00;13;001272;805;Torino - Rebaudengo;04;Biossido di azoto (NO2);23;microgrammi / metro cubo;20.0;V;
04/10/2015;14:00;13;001272;805;Torino - Rebaudengo;04;Biossido di azoto (NO2);23;microgrammi / metro cubo;26.0;V;
04/10/2015;15:00;13;001272;805;Torino - Rebaudengo;04;Biossido di azoto (NO2);23;microgrammi / metro cubo;21.0;V;
04/10/2015;16:00;13;001272;805;Torino - Rebaudengo;04;Biossido di azoto (NO2);23;microgrammi / metro cubo;34.0;V;
04/10/2015;17:00;13;001272;805;Torino - Rebaudengo;04;Biossido di azoto (NO2);23;microgrammi / metro cubo;36.0;V;
04/10/2015;18:00;13;001272;805;Torino - Rebaudengo;04;Biossido di azoto (NO2);23;microgrammi / metro cubo;46.0;V;
04/10/2015;19:00;13;001272;805;Torino - Rebaudengo;04;Biossido di azoto (NO2);23;microgrammi / metro cubo;84.0;V;
04/10/2015;20:00;13;001272;805;Torino - Rebaudengo;04;Biossido di azoto (NO2);23;microgrammi / metro cubo;89.0;V;
04/10/2015;21:00;13;001272;805;Torino - Rebaudengo;04;Biossido di azoto (NO2);23;microgrammi / metro cubo;75.0;V;
04/10/2015;22:00;13;001272;805;Torino - Rebaudengo;04;Biossido di azoto (NO2);23;microgrammi / metro cubo;55.0;V;
04/10/2015;23:00;13;001272;805;Torino - Rebaudengo;04;Biossido di azoto (NO2);23;microgrammi / metro cubo;50.0;V;
04/10/2015;23:59;13;001272;805;Torino - Rebaudengo;04;Biossido di azoto (NO2);23;microgrammi / metro cubo;48.0;V;
05/10/2015;01:00;13;001272;805;Torino - Rebaudengo;04;Biossido di azoto (NO2);23;microgrammi / metro cubo;34.0;V;
05/10/2015;02:00;13;001272;805;Torino - Rebaudengo;04;Biossido di azoto (NO2);23;microgrammi / metro cubo;35.0;V;
05/10/2015;03:00;13;001272;805;Torino - Rebaudengo;04;Biossido di azoto (NO2);23;microgrammi / metro cubo;28.0;V;
05/10/2015;04:00;13;001272;805;Torino - Rebaudengo;04;Biossido di azoto (NO2);23;microgrammi / metro cubo;24.0;V;
05/10/2015;05:00;13;001272;805;Torino - Rebaudengo;04;Biossido di azoto (NO2);23;microgrammi / metro cubo;23.0;V;
05/10/2015;06:00;13;001272;805;Torino - Rebaudengo;04;Biossido di azoto (NO2);23;microgrammi / metro cubo;27.0;V;
05/10/2015;07:00;13;001272;805;Torino - Rebaudengo;04;Biossido di azoto (NO2);23;microgrammi / metro cubo;43.0;V;
05/10/2015;08:00;13;001272;805;Torino - Rebaudengo;04;Biossido di azoto (NO2);23;microgrammi / metro cubo;71.0;V;
05/10/2015;09:00;13;001272;805;Torino - Rebaudengo;04;Biossido di azoto (NO2);23;microgrammi / metro cubo;56.0;V;
05/10/2015;10:00;13;001272;805;Torino - Rebaudengo;04;Biossido di azoto (NO2);23;microgrammi / metro cubo;59.0;V;
05/10/2015;11:00;13;001272;805;Torino - Rebaudengo;04;Biossido di azoto (NO2);23;microgrammi / metro cubo;60.0;V;
05/10/2015;12:00;13;001272;805;Torino - Rebaudengo;04;Biossido di azoto (NO2);23;microgrammi / metro cubo;55.0;V;
05/10/2015;13:00;13;001272;805;Torino - Rebaudengo;04;Biossido di azoto (NO2);23;microgrammi / metro cubo;51.0;V;
05/10/2015;14:00;13;001272;805;Torino - Rebaudengo;04;Biossido di azoto (NO2);23;microgrammi / metro cubo;42.0;V;
05/10/2015;15:00;13;001272;805;Torino - Rebaudengo;04;Biossido di azoto (NO2);23;microgrammi / metro cubo;42.0;V;
05/10/2015;16:00;13;001272;805;Torino - Rebaudengo;04;Biossido di azoto (NO2);23;microgrammi / metro cubo;44.0;V;
05/10/2015;17:00;13;001272;805;Torino - Rebaudengo;04;Biossido di azoto (NO2);23;microgrammi / metro cubo;60.0;V;
05/10/2015;18:00;13;001272;805;Torino - Rebaudengo;04;Biossido di azoto (NO2);23;microgrammi / metro cubo;65.0;V;
05/10/2015;19:00;13;001272;805;Torino - Rebaudengo;04;Biossido di azoto (NO2);23;microgrammi / metro cubo;74.0;V;
05/10/2015;20:00;13;001272;805;Torino - Rebaudengo;04;Biossido di azoto (NO2);23;microgrammi / metro cubo;70.0;V;
05/10/2015;21:00;13;001272;805;Torino - Rebaudengo;04;Biossido di azoto (NO2);23;microgrammi / metro cubo;74.0;V;
05/10/2015;22:00;13;001272;805;Torino - Rebaudengo;04;Biossido di azoto (NO2);23;microgrammi / metro cubo;62.0;V;
05/10/2015;23:00;13;001272;805;Torino - Rebaudengo;04;Biossido di azoto (NO2);23;microgrammi / metro cubo;54.0;V;
05/10/2015;23:59;13;001272;805;Torino - Rebaudengo;04;Biossido di azoto (NO2);23;microgrammi / metro cubo;42.0;V;
06/10/2015;01:00;13;001272;805;Torino - Rebaudengo;04;Biossido di azoto (NO2);23;microgrammi / metro cubo;36.0;V;
06/10/2015;02:00;13;001272;805;Torino - Rebaudengo;04;Biossido di azoto (NO2);23;microgrammi / metro cubo;33.0;V;
06/10/2015;03:00;13;001272;805;Torino - Rebaudengo;04;Biossido di azoto (NO2);23;microgrammi / metro cubo;32.0;V;
06/10/2015;04:00;13;001272;805;Torino - Rebaudengo;04;Biossido di azoto (NO2);23;microgrammi / metro cubo;32.0;V;
06/10/2015;05:00;13;001272;805;Torino - Rebaudengo;04;Biossido di azoto (NO2);23;microgrammi / metro cubo;31.0;V;
06/10/2015;06:00;13;001272;805;Torino - Rebaudengo;04;Biossido di azoto (NO2);23;microgrammi / metro cubo;35.0;V;
06/10/2015;07:00;13;001272;805;Torino - Rebaudengo;04;Biossido di azoto (NO2);23;microgrammi / metro cubo;37.0;V;
06/10/2015;08:00;13;001272;805;Torino - Rebaudengo;04;Biossido di azoto (NO2);23;microgrammi / metro cubo;55.0;V;
06/10/2015;09:00;13;001272;805;Torino - Rebaudengo;04;Biossido di azoto (NO2);23;microgrammi / metro cubo;57.0;V;
06/10/2015;10:00;13;001272;805;Torino - Rebaudengo;04;Biossido di azoto (NO2);23;microgrammi / metro cubo;62.0;V;
06/10/2015;11:00;13;001272;805;Torino - Rebaudengo;04;Biossido di azoto (NO2);23;microgrammi / metro cubo;63.0;V;
06/10/2015;12:00;13;001272;805;Torino - Rebaudengo;04;Biossido di azoto (NO2);23;microgrammi / metro cubo;50.0;V;
06/10/2015;13:00;13;001272;805;Torino - Rebaudengo;04;Biossido di azoto (NO2);23;microgrammi / metro cubo;40.0;V;
06/10/2015;14:00;13;001272;805;Torino - Rebaudengo;04;Biossido di azoto (NO2);23;microgrammi / metro cubo;43.0;V;
06/10/2015;15:00;13;001272;805;Torino - Rebaudengo;04;Biossido di azoto (NO2);23;microgrammi / metro cubo;39.0;V;
06/10/2015;16:00;13;001272;805;Torino - Rebaudengo;04;Biossido di azoto (NO2);23;microgrammi / metro cubo;47.0;V;
06/10/2015;17:00;13;001272;805;Torino - Rebaudengo;04;Biossido di azoto (NO2);23;microgrammi / metro cubo;42.0;V;
06/10/2015;18:00;13;001272;805;Torino - Rebaudengo;04;Biossido di azoto (NO2);23;microgrammi / metro cubo;59.0;V;
06/10/2015;19:00;13;001272;805;Torino - Rebaudengo;04;Biossido di azoto (NO2);23;microgrammi / metro cubo;68.0;V;
06/10/2015;20:00;13;001272;805;Torino - Rebaudengo;04;Biossido di azoto (NO2);23;microgrammi / metro cubo;64.0;V;
06/10/2015;21:00;13;001272;805;Torino - Rebaudengo;04;Biossido di azoto (NO2);23;microgrammi / metro cubo;64.0;V;
06/10/2015;22:00;13;001272;805;Torino - Rebaudengo;04;Biossido di azoto (NO2);23;microgrammi / metro cubo;63.0;V;
06/10/2015;23:00;13;001272;805;Torino - Rebaudengo;04;Biossido di azoto (NO2);23;microgrammi / metro cubo;65.0;V;
06/10/2015;23:59;13;001272;805;Torino - Rebaudengo;04;Biossido di azoto (NO2);23;microgrammi / metro cubo;50.0;V;
07/10/2015;01:00;13;001272;805;Torino - Rebaudengo;04;Biossido di azoto (NO2);23;microgrammi / metro cubo;40.0;V;
07/10/2015;02:00;13;001272;805;Torino - Rebaudengo;04;Biossido di azoto (NO2);23;microgrammi / metro cubo;35.0;V;
07/10/2015;03:00;13;001272;805;Torino - Rebaudengo;04;Biossido di azoto (NO2);23;microgrammi / metro cubo;33.0;V;
07/10/2015;04:00;13;001272;805;Torino - Rebaudengo;04;Biossido di azoto (NO2);23;microgrammi / metro cubo;29.0;V;
07/10/2015;05:00;13;001272;805;Torino - Rebaudengo;04;Biossido di azoto (NO2);23;microgrammi / metro cubo;25.0;V;
07/10/2015;06:00;13;001272;805;Torino - Rebaudengo;04;Biossido di azoto (NO2);23;microgrammi / metro cubo;26.0;V;
07/10/2015;07:00;13;001272;805;Torino - Rebaudengo;04;Biossido di azoto (NO2);23;microgrammi / metro cubo;34.0;V;
07/10/2015;08:00;13;001272;805;Torino - Rebaudengo;04;Biossido di azoto (NO2);23;microgrammi / metro cubo;57.0;V;
07/10/2015;09:00;13;001272;805;Torino - Rebaudengo;04;Biossido di azoto (NO2);23;microgrammi / metro cubo;55.0;V;
07/10/2015;10:00;13;001272;805;Torino - Rebaudengo;04;Biossido di azoto (NO2);23;microgrammi / metro cubo;59.0;V;
07/10/2015;11:00;13;001272;805;Torino - Rebaudengo;04;Biossido di azoto (NO2);23;microgrammi / metro cubo;66.0;V;
07/10/2015;12:00;13;001272;805;Torino - Rebaudengo;04;Biossido di azoto (NO2);23;microgrammi / metro cubo;63.0;V;
07/10/2015;13:00;13;001272;805;Torino - Rebaudengo;04;Biossido di azoto (NO2);23;microgrammi / metro cubo;61.0;V;
07/10/2015;14:00;13;001272;805;Torino - Rebaudengo;04;Biossido di azoto (NO2);23;microgrammi / metro cubo;53.0;V;
07/10/2015;15:00;13;001272;805;Torino - Rebaudengo;04;Biossido di azoto (NO2);23;microgrammi / metro cubo;68.0;V;
07/10/2015;16:00;13;001272;805;Torino - Rebaudengo;04;Biossido di azoto (NO2);23;microgrammi / metro cubo;76.0;V;
07/10/2015;17:00;13;001272;805;Torino - Rebaudengo;04;Biossido di azoto (NO2);23;microgrammi / metro cubo;91.0;V;
07/10/2015;18:00;13;001272;805;Torino - Rebaudengo;04;Biossido di azoto (NO2);23;microgrammi / metro cubo;111.0;V;
07/10/2015;19:00;13;001272;805;Torino - Rebaudengo;04;Biossido di azoto (NO2);23;microgrammi / metro cubo;106.0;V;
07/10/2015;20:00;13;001272;805;Torino - Rebaudengo;04;Biossido di azoto (NO2);23;microgrammi / metro cubo;72.0;V;
07/10/2015;21:00;13;001272;805;Torino - Rebaudengo;04;Biossido di azoto (NO2);23;microgrammi / metro cubo;57.0;V;
07/10/2015;22:00;13;001272;805;Torino - Rebaudengo;04;Biossido di azoto (NO2);23;microgrammi / metro cubo;46.0;V;
07/10/2015;23:00;13;001272;805;Torino - Rebaudengo;04;Biossido di azoto (NO2);23;microgrammi / metro cubo;42.0;V;
07/10/2015;23:59;13;001272;805;Torino - Rebaudengo;04;Biossido di azoto (NO2);23;microgrammi / metro cubo;46.0;V;
08/10/2015;01:00;13;001272;805;Torino - Rebaudengo;04;Biossido di azoto (NO2);23;microgrammi / metro cubo;38.0;V;
08/10/2015;02:00;13;001272;805;Torino - Rebaudengo;04;Biossido di azoto (NO2);23;microgrammi / metro cubo;32.0;V;
08/10/2015;03:00;13;001272;805;Torino - Rebaudengo;04;Biossido di azoto (NO2);23;microgrammi / metro cubo;31.0;V;
08/10/2015;04:00;13;001272;805;Torino - Rebaudengo;04;Biossido di azoto (NO2);23;microgrammi / metro cubo;32.0;V;
08/10/2015;05:00;13;001272;805;Torino - Rebaudengo;04;Biossido di azoto (NO2);23;microgrammi / metro cubo;32.0;V;
08/10/2015;06:00;13;001272;805;Torino - Rebaudengo;04;Biossido di azoto (NO2);23;microgrammi / metro cubo;37.0;V;
08/10/2015;07:00;13;001272;805;Torino - Rebaudengo;04;Biossido di azoto (NO2);23;microgrammi / metro cubo;55.0;V;
08/10/2015;08:00;13;001272;805;Torino - Rebaudengo;04;Biossido di azoto (NO2);23;microgrammi / metro cubo;74.0;V;
08/10/2015;09:00;13;001272;805;Torino - Rebaudengo;04;Biossido di azoto (NO2);23;microgrammi / metro cubo;65.0;V;
08/10/2015;10:00;13;001272;805;Torino - Rebaudengo;04;Biossido di azoto (NO2);23;microgrammi / metro cubo;82.0;V;
08/10/2015;11:00;13;001272;805;Torino - Rebaudengo;04;Biossido di azoto (NO2);23;microgrammi / metro cubo;57.0;V;
08/10/2015;12:00;13;001272;805;Torino - Rebaudengo;04;Biossido di azoto (NO2);23;microgrammi / metro cubo;35.0;V;
08/10/2015;13:00;13;001272;805;Torino - Rebaudengo;04;Biossido di azoto (NO2);23;microgrammi / metro cubo;31.0;V;
08/10/2015;14:00;13;001272;805;Torino - Rebaudengo;04;Biossido di azoto (NO2);23;microgrammi / metro cubo;43.0;V;
08/10/2015;15:00;13;001272;805;Torino - Rebaudengo;04;Biossido di azoto (NO2);23;microgrammi / metro cubo;37.0;V;
08/10/2015;16:00;13;001272;805;Torino - Rebaudengo;04;Biossido di azoto (NO2);23;microgrammi / metro cubo;43.0;V;
08/10/2015;17:00;13;001272;805;Torino - Rebaudengo;04;Biossido di azoto (NO2);23;microgrammi / metro cubo;75.0;V;
08/10/2015;18:00;13;001272;805;Torino - Rebaudengo;04;Biossido di azoto (NO2);23;microgrammi / metro cubo;89.0;V;
08/10/2015;19:00;13;001272;805;Torino - Rebaudengo;04;Biossido di azoto (NO2);23;microgrammi / metro cubo;95.0;V;
08/10/2015;20:00;13;001272;805;Torino - Rebaudengo;04;Biossido di azoto (NO2);23;microgrammi / metro cubo;102.0;V;
08/10/2015;21:00;13;001272;805;Torino - Rebaudengo;04;Biossido di azoto (NO2);23;microgrammi / metro cubo;89.0;V;
08/10/2015;22:00;13;001272;805;Torino - Rebaudengo;04;Biossido di azoto (NO2);23;microgrammi / metro cubo;64.0;V;
08/10/2015;23:00;13;001272;805;Torino - Rebaudengo;04;Biossido di azoto (NO2);23;microgrammi / metro cubo;66.0;V;
08/10/2015;23:59;13;001272;805;Torino - Rebaudengo;04;Biossido di azoto (NO2);23;microgrammi / metro cubo;58.0;V;
09/10/2015;01:00;13;001272;805;Torino - Rebaudengo;04;Biossido di azoto (NO2);23;microgrammi / metro cubo;52.0;V;
09/10/2015;02:00;13;001272;805;Torino - Rebaudengo;04;Biossido di azoto (NO2);23;microgrammi / metro cubo;46.0;V;
09/10/2015;03:00;13;001272;805;Torino - Rebaudengo;04;Biossido di azoto (NO2);23;microgrammi / metro cubo;38.0;V;
09/10/2015;04:00;13;001272;805;Torino - Rebaudengo;04;Biossido di azoto (NO2);23;microgrammi / metro cubo;35.0;V;
09/10/2015;05:00;13;001272;805;Torino - Rebaudengo;04;Biossido di azoto (NO2);23;microgrammi / metro cubo;42.0;V;
09/10/2015;06:00;13;001272;805;Torino - Rebaudengo;04;Biossido di azoto (NO2);23;microgrammi / metro cubo;43.0;V;
09/10/2015;07:00;13;001272;805;Torino - Rebaudengo;04;Biossido di azoto (NO2);23;microgrammi / metro cubo;47.0;V;
09/10/2015;08:00;13;001272;805;Torino - Rebaudengo;04;Biossido di azoto (NO2);23;microgrammi / metro cubo;57.0;V;
09/10/2015;09:00;13;001272;805;Torino - Rebaudengo;04;Biossido di azoto (NO2);23;microgrammi / metro cubo;72.0;V;
09/10/2015;10:00;13;001272;805;Torino - Rebaudengo;04;Biossido di azoto (NO2);23;microgrammi / metro cubo;59.0;V;
09/10/2015;11:00;13;001272;805;Torino - Rebaudengo;04;Biossido di azoto (NO2);23;microgrammi / metro cubo;60.0;V;
09/10/2015;12:00;13;001272;805;Torino - Rebaudengo;04;Biossido di azoto (NO2);23;microgrammi / metro cubo;44.0;V;
09/10/2015;13:00;13;001272;805;Torino - Rebaudengo;04;Biossido di azoto (NO2);23;microgrammi / metro cubo;41.0;V;
09/10/2015;14:00;13;001272;805;Torino - Rebaudengo;04;Biossido di azoto (NO2);23;microgrammi / metro cubo;33.0;V;
09/10/2015;15:00;13;001272;805;Torino - Rebaudengo;04;Biossido di azoto (NO2);23;microgrammi / metro cubo;34.0;V;
09/10/2015;16:00;13;001272;805;Torino - Rebaudengo;04;Biossido di azoto (NO2);23;microgrammi / metro cubo;40.0;V;
09/10/2015;17:00;13;001272;805;Torino - Rebaudengo;04;Biossido di azoto (NO2);23;microgrammi / metro cubo;48.0;V;
09/10/2015;18:00;13;001272;805;Torino - Rebaudengo;04;Biossido di azoto (NO2);23;microgrammi / metro cubo;56.0;V;
09/10/2015;19:00;13;001272;805;Torino - Rebaudengo;04;Biossido di azoto (NO2);23;microgrammi / metro cubo;73.0;V;
09/10/2015;20:00;13;001272;805;Torino - Rebaudengo;04;Biossido di azoto (NO2);23;microgrammi / metro cubo;76.0;V;
09/10/2015;21:00;13;001272;805;Torino - Rebaudengo;04;Biossido di azoto (NO2);23;microgrammi / metro cubo;55.0;V;
09/10/2015;22:00;13;001272;805;Torino - Rebaudengo;04;Biossido di azoto (NO2);23;microgrammi / metro cubo;54.0;V;
09/10/2015;23:00;13;001272;805;Torino - Rebaudengo;04;Biossido di azoto (NO2);23;microgrammi / metro cubo;47.0;V;
09/10/2015;23:59;13;001272;805;Torino - Rebaudengo;04;Biossido di azoto (NO2);23;microgrammi / metro cubo;43.0;V;
10/10/2015;01:00;13;001272;805;Torino - Rebaudengo;04;Biossido di azoto (NO2);23;microgrammi / metro cubo;37.0;V;
10/10/2015;02:00;13;001272;805;Torino - Rebaudengo;04;Biossido di azoto (NO2);23;microgrammi / metro cubo;31.0;V;
10/10/2015;03:00;13;001272;805;Torino - Rebaudengo;04;Biossido di azoto (NO2);23;microgrammi / metro cubo;29.0;V;
10/10/2015;04:00;13;001272;805;Torino - Rebaudengo;04;Biossido di azoto (NO2);23;microgrammi / metro cubo;27.0;V;
10/10/2015;05:00;13;001272;805;Torino - Rebaudengo;04;Biossido di azoto (NO2);23;microgrammi / metro cubo;34.0;V;
10/10/2015;06:00;13;001272;805;Torino - Rebaudengo;04;Biossido di azoto (NO2);23;microgrammi / metro cubo;31.0;V;
10/10/2015;07:00;13;001272;805;Torino - Rebaudengo;04;Biossido di azoto (NO2);23;microgrammi / metro cubo;28.0;V;
10/10/2015;08:00;13;001272;805;Torino - Rebaudengo;04;Biossido di azoto (NO2);23;microgrammi / metro cubo;40.0;V;
10/10/2015;09:00;13;001272;805;Torino - Rebaudengo;04;Biossido di azoto (NO2);23;microgrammi / metro cubo;43.0;V;
10/10/2015;10:00;13;001272;805;Torino - Rebaudengo;04;Biossido di azoto (NO2);23;microgrammi / metro cubo;51.0;V;
10/10/2015;11:00;13;001272;805;Torino - Rebaudengo;04;Biossido di azoto (NO2);23;microgrammi / metro cubo;59.0;V;
10/10/2015;12:00;13;001272;805;Torino - Rebaudengo;04;Biossido di azoto (NO2);23;microgrammi / metro cubo;50.0;V;
10/10/2015;13:00;13;001272;805;Torino - Rebaudengo;04;Biossido di azoto (NO2);23;microgrammi / metro cubo;50.0;V;
10/10/2015;14:00;13;001272;805;Torino - Rebaudengo;04;Biossido di azoto (NO2);23;microgrammi / metro cubo;47.0;V;
10/10/2015;15:00;13;001272;805;Torino - Rebaudengo;04;Biossido di azoto (NO2);23;microgrammi / metro cubo;41.0;V;
10/10/2015;16:00;13;001272;805;Torino - Rebaudengo;04;Biossido di azoto (NO2);23;microgrammi / metro cubo;45.0;V;
10/10/2015;17:00;13;001272;805;Torino - Rebaudengo;04;Biossido di azoto (NO2);23;microgrammi / metro cubo;55.0;V;
10/10/2015;18:00;13;001272;805;Torino - Rebaudengo;04;Biossido di azoto (NO2);23;microgrammi / metro cubo;71.0;V;
10/10/2015;19:00;13;001272;805;Torino - Rebaudengo;04;Biossido di azoto (NO2);23;microgrammi / metro cubo;70.0;V;
10/10/2015;20:00;13;001272;805;Torino - Rebaudengo;04;Biossido di azoto (NO2);23;microgrammi / metro cubo;65.0;V;
10/10/2015;21:00;13;001272;805;Torino - Rebaudengo;04;Biossido di azoto (NO2);23;microgrammi / metro cubo;63.0;V;
10/10/2015;22:00;13;001272;805;Torino - Rebaudengo;04;Biossido di azoto (NO2);23;microgrammi / metro cubo;69.0;V;
10/10/2015;23:00;13;001272;805;Torino - Rebaudengo;04;Biossido di azoto (NO2);23;microgrammi / metro cubo;56.0;V;
10/10/2015;23:59;13;001272;805;Torino - Rebaudengo;04;Biossido di azoto (NO2);23;microgrammi / metro cubo;41.0;V;
11/10/2015;01:00;13;001272;805;Torino - Rebaudengo;04;Biossido di azoto (NO2);23;microgrammi / metro cubo;35.0;V;
11/10/2015;02:00;13;001272;805;Torino - Rebaudengo;04;Biossido di azoto (NO2);23;microgrammi / metro cubo;40.0;V;
11/10/2015;03:00;13;001272;805;Torino - Rebaudengo;04;Biossido di azoto (NO2);23;microgrammi / metro cubo;32.0;V;
11/10/2015;04:00;13;001272;805;Torino - Rebaudengo;04;Biossido di azoto (NO2);23;microgrammi / metro cubo;32.0;V;
11/10/2015;05:00;13;001272;805;Torino - Rebaudengo;04;Biossido di azoto (NO2);23;microgrammi / metro cubo;26.0;V;
11/10/2015;06:00;13;001272;805;Torino - Rebaudengo;04;Biossido di azoto (NO2);23;microgrammi / metro cubo;21.0;V;
11/10/2015;07:00;13;001272;805;Torino - Rebaudengo;04;Biossido di azoto (NO2);23;microgrammi / metro cubo;23.0;V;
11/10/2015;08:00;13;001272;805;Torino - Rebaudengo;04;Biossido di azoto (NO2);23;microgrammi / metro cubo;20.0;V;
11/10/2015;09:00;13;001272;805;Torino - Rebaudengo;04;Biossido di azoto (NO2);23;microgrammi / metro cubo;27.0;V;
11/10/2015;10:00;13;001272;805;Torino - Rebaudengo;04;Biossido di azoto (NO2);23;microgrammi / metro cubo;29.0;V;
11/10/2015;11:00;13;001272;805;Torino - Rebaudengo;04;Biossido di azoto (NO2);23;microgrammi / metro cubo;28.0;V;
11/10/2015;12:00;13;001272;805;Torino - Rebaudengo;04;Biossido di azoto (NO2);23;microgrammi / metro cubo;32.0;V;
11/10/2015;13:00;13;001272;805;Torino - Rebaudengo;04;Biossido di azoto (NO2);23;microgrammi / metro cubo;32.0;V;
11/10/2015;14:00;13;001272;805;Torino - Rebaudengo;04;Biossido di azoto (NO2);23;microgrammi / metro cubo;30.0;V;
11/10/2015;15:00;13;001272;805;Torino - Rebaudengo;04;Biossido di azoto (NO2);23;microgrammi / metro cubo;39.0;V;
11/10/2015;16:00;13;001272;805;Torino - Rebaudengo;04;Biossido di azoto (NO2);23;microgrammi / metro cubo;37.0;V;
11/10/2015;17:00;13;001272;805;Torino - Rebaudengo;04;Biossido di azoto (NO2);23;microgrammi / metro cubo;44.0;V;
11/10/2015;18:00;13;001272;805;Torino - Rebaudengo;04;Biossido di azoto (NO2);23;microgrammi / metro cubo;63.0;V;
11/10/2015;19:00;13;001272;805;Torino - Rebaudengo;04;Biossido di azoto (NO2);23;microgrammi / metro cubo;101.0;V;
11/10/2015;20:00;13;001272;805;Torino - Rebaudengo;04;Biossido di azoto (NO2);23;microgrammi / metro cubo;73.0;V;
11/10/2015;21:00;13;001272;805;Torino - Rebaudengo;04;Biossido di azoto (NO2);23;microgrammi / metro cubo;51.0;V;
11/10/2015;22:00;13;001272;805;Torino - Rebaudengo;04;Biossido di azoto (NO2);23;microgrammi / metro cubo;46.0;V;
11/10/2015;23:00;13;001272;805;Torino - Rebaudengo;04;Biossido di azoto (NO2);23;microgrammi / metro cubo;42.0;V;
11/10/2015;23:59;13;001272;805;Torino - Rebaudengo;04;Biossido di azoto (NO2);23;microgrammi / metro cubo;38.0;V;
12/10/2015;01:00;13;001272;805;Torino - Rebaudengo;04;Biossido di azoto (NO2);23;microgrammi / metro cubo;29.0;V;
12/10/2015;02:00;13;001272;805;Torino - Rebaudengo;04;Biossido di azoto (NO2);23;microgrammi / metro cubo;27.0;V;
12/10/2015;03:00;13;001272;805;Torino - Rebaudengo;04;Biossido di azoto (NO2);23;microgrammi / metro cubo;25.0;V;
12/10/2015;04:00;13;001272;805;Torino - Rebaudengo;04;Biossido di azoto (NO2);23;microgrammi / metro cubo;27.0;V;
12/10/2015;05:00;13;001272;805;Torino - Rebaudengo;04;Biossido di azoto (NO2);23;microgrammi / metro cubo;25.0;V;
12/10/2015;06:00;13;001272;805;Torino - Rebaudengo;04;Biossido di azoto (NO2);23;microgrammi / metro cubo;29.0;V;
12/10/2015;07:00;13;001272;805;Torino - Rebaudengo;04;Biossido di azoto (NO2);23;microgrammi / metro cubo;38.0;V;
12/10/2015;08:00;13;001272;805;Torino - Rebaudengo;04;Biossido di azoto (NO2);23;microgrammi / metro cubo;67.0;V;
12/10/2015;09:00;13;001272;805;Torino - Rebaudengo;04;Biossido di azoto (NO2);23;microgrammi / metro cubo;67.0;V;
12/10/2015;10:00;13;001272;805;Torino - Rebaudengo;04;Biossido di azoto (NO2);23;microgrammi / metro cubo;58.0;V;
12/10/2015;11:00;13;001272;805;Torino - Rebaudengo;04;Biossido di azoto (NO2);23;microgrammi / metro cubo;46.0;V;
12/10/2015;12:00;13;001272;805;Torino - Rebaudengo;04;Biossido di azoto (NO2);23;microgrammi / metro cubo;48.0;V;
12/10/2015;13:00;13;001272;805;Torino - Rebaudengo;04;Biossido di azoto (NO2);23;microgrammi / metro cubo;42.0;V;
12/10/2015;14:00;13;001272;805;Torino - Rebaudengo;04;Biossido di azoto (NO2);23;microgrammi / metro cubo;50.0;V;
12/10/2015;15:00;13;001272;805;Torino - Rebaudengo;04;Biossido di azoto (NO2);23;microgrammi / metro cubo;44.0;V;
12/10/2015;16:00;13;001272;805;Torino - Rebaudengo;04;Biossido di azoto (NO2);23;microgrammi / metro cubo;57.0;V;
12/10/2015;17:00;13;001272;805;Torino - Rebaudengo;04;Biossido di azoto (NO2);23;microgrammi / metro cubo;59.0;V;
12/10/2015;18:00;13;001272;805;Torino - Rebaudengo;04;Biossido di azoto (NO2);23;microgrammi / metro cubo;68.0;V;
12/10/2015;19:00;13;001272;805;Torino - Rebaudengo;04;Biossido di azoto (NO2);23;microgrammi / metro cubo;60.0;V;
12/10/2015;20:00;13;001272;805;Torino - Rebaudengo;04;Biossido di azoto (NO2);23;microgrammi / metro cubo;59.0;V;
12/10/2015;21:00;13;001272;805;Torino - Rebaudengo;04;Biossido di azoto (NO2);23;microgrammi / metro cubo;62.0;V;
12/10/2015;22:00;13;001272;805;Torino - Rebaudengo;04;Biossido di azoto (NO2);23;microgrammi / metro cubo;55.0;V;
12/10/2015;23:00;13;001272;805;Torino - Rebaudengo;04;Biossido di azoto (NO2);23;microgrammi / metro cubo;49.0;V;
12/10/2015;23:59;13;001272;805;Torino - Rebaudengo;04;Biossido di azoto (NO2);23;microgrammi / metro cubo;41.0;V;
13/10/2015;01:00;13;001272;805;Torino - Rebaudengo;04;Biossido di azoto (NO2);23;microgrammi / metro cubo;34.0;V;
13/10/2015;02:00;13;001272;805;Torino - Rebaudengo;04;Biossido di azoto (NO2);23;microgrammi / metro cubo;17.0;V;
13/10/2015;03:00;13;001272;805;Torino - Rebaudengo;04;Biossido di azoto (NO2);23;microgrammi / metro cubo;14.0;V;
13/10/2015;04:00;13;001272;805;Torino - Rebaudengo;04;Biossido di azoto (NO2);23;microgrammi / metro cubo;15.0;V;
13/10/2015;05:00;13;001272;805;Torino - Rebaudengo;04;Biossido di azoto (NO2);23;microgrammi / metro cubo;29.0;V;
13/10/2015;06:00;13;001272;805;Torino - Rebaudengo;04;Biossido di azoto (NO2);23;microgrammi / metro cubo;42.0;V;
13/10/2015;07:00;13;001272;805;Torino - Rebaudengo;04;Biossido di azoto (NO2);23;microgrammi / metro cubo;53.0;V;
13/10/2015;08:00;13;001272;805;Torino - Rebaudengo;04;Biossido di azoto (NO2);23;microgrammi / metro cubo;56.0;V;
13/10/2015;09:00;13;001272;805;Torino - Rebaudengo;04;Biossido di azoto (NO2);23;microgrammi / metro cubo;60.0;V;
13/10/2015;10:00;13;001272;805;Torino - Rebaudengo;04;Biossido di azoto (NO2);23;microgrammi / metro cubo;46.0;V;
13/10/2015;11:00;13;001272;805;Torino - Rebaudengo;04;Biossido di azoto (NO2);23;microgrammi / metro cubo;53.0;V;
13/10/2015;12:00;13;001272;805;Torino - Rebaudengo;04;Biossido di azoto (NO2);23;microgrammi / metro cubo;49.0;V;
13/10/2015;13:00;13;001272;805;Torino - Rebaudengo;04;Biossido di azoto (NO2);23;microgrammi / metro cubo;39.0;V;
13/10/2015;14:00;13;001272;805;Torino - Rebaudengo;04;Biossido di azoto (NO2);23;microgrammi / metro cubo;42.0;V;
13/10/2015;15:00;13;001272;805;Torino - Rebaudengo;04;Biossido di azoto (NO2);23;microgrammi / metro cubo;39.0;V;
13/10/2015;16:00;13;001272;805;Torino - Rebaudengo;04;Biossido di azoto (NO2);23;microgrammi / metro cubo;40.0;V;
13/10/2015;17:00;13;001272;805;Torino - Rebaudengo;04;Biossido di azoto (NO2);23;microgrammi / metro cubo;52.0;V;
13/10/2015;18:00;13;001272;805;Torino - Rebaudengo;04;Biossido di azoto (NO2);23;microgrammi / metro cubo;52.0;V;
13/10/2015;19:00;13;001272;805;Torino - Rebaudengo;04;Biossido di azoto (NO2);23;microgrammi / metro cubo;55.0;V;
13/10/2015;20:00;13;001272;805;Torino - Rebaudengo;04;Biossido di azoto (NO2);23;microgrammi / metro cubo;49.0;V;
13/10/2015;21:00;13;001272;805;Torino - Rebaudengo;04;Biossido di azoto (NO2);23;microgrammi / metro cubo;39.0;V;
13/10/2015;22:00;13;001272;805;Torino - Rebaudengo;04;Biossido di azoto (NO2);23;microgrammi / metro cubo;37.0;V;
13/10/2015;23:00;13;001272;805;Torino - Rebaudengo;04;Biossido di azoto (NO2);23;microgrammi / metro cubo;33.0;V;
13/10/2015;23:59;13;001272;805;Torino - Rebaudengo;04;Biossido di azoto (NO2);23;microgrammi / metro cubo;32.0;V;
14/10/2015;01:00;13;001272;805;Torino - Rebaudengo;04;Biossido di azoto (NO2);23;microgrammi / metro cubo;26.0;V;
14/10/2015;02:00;13;001272;805;Torino - Rebaudengo;04;Biossido di azoto (NO2);23;microgrammi / metro cubo;25.0;V;
14/10/2015;03:00;13;001272;805;Torino - Rebaudengo;04;Biossido di azoto (NO2);23;microgrammi / metro cubo;22.0;V;
14/10/2015;04:00;13;001272;805;Torino - Rebaudengo;04;Biossido di azoto (NO2);23;microgrammi / metro cubo;23.0;V;
14/10/2015;05:00;13;001272;805;Torino - Rebaudengo;04;Biossido di azoto (NO2);23;microgrammi / metro cubo;25.0;V;
14/10/2015;06:00;13;001272;805;Torino - Rebaudengo;04;Biossido di azoto (NO2);23;microgrammi / metro cubo;26.0;V;
14/10/2015;07:00;13;001272;805;Torino - Rebaudengo;04;Biossido di azoto (NO2);23;microgrammi / metro cubo;37.0;V;
14/10/2015;08:00;13;001272;805;Torino - Rebaudengo;04;Biossido di azoto (NO2);23;microgrammi / metro cubo;38.0;V;
14/10/2015;09:00;13;001272;805;Torino - Rebaudengo;04;Biossido di azoto (NO2);23;microgrammi / metro cubo;39.0;V;
14/10/2015;10:00;13;001272;805;Torino - Rebaudengo;04;Biossido di azoto (NO2);23;microgrammi / metro cubo;42.0;V;
14/10/2015;11:00;13;001272;805;Torino - Rebaudengo;04;Biossido di azoto (NO2);23;microgrammi / metro cubo;45.0;V;
14/10/2015;12:00;13;001272;805;Torino - Rebaudengo;04;Biossido di azoto (NO2);23;microgrammi / metro cubo;38.0;V;
14/10/2015;13:00;13;001272;805;Torino - Rebaudengo;04;Biossido di azoto (NO2);23;microgrammi / metro cubo;40.0;V;
14/10/2015;14:00;13;001272;805;Torino - Rebaudengo;04;Biossido di azoto (NO2);23;microgrammi / metro cubo;35.0;V;
14/10/2015;15:00;13;001272;805;Torino - Rebaudengo;04;Biossido di azoto (NO2);23;microgrammi / metro cubo;51.0;V;
14/10/2015;16:00;13;001272;805;Torino - Rebaudengo;04;Biossido di azoto (NO2);23;microgrammi / metro cubo;51.0;V;
14/10/2015;17:00;13;001272;805;Torino - Rebaudengo;04;Biossido di azoto (NO2);23;microgrammi / metro cubo;62.0;V;
14/10/2015;18:00;13;001272;805;Torino - Rebaudengo;04;Biossido di azoto (NO2);23;microgrammi / metro cubo;54.0;V;
14/10/2015;19:00;13;001272;805;Torino - Rebaudengo;04;Biossido di azoto (NO2);23;microgrammi / metro cubo;62.0;V;
14/10/2015;20:00;13;001272;805;Torino - Rebaudengo;04;Biossido di azoto (NO2);23;microgrammi / metro cubo;63.0;V;
14/10/2015;21:00;13;001272;805;Torino - Rebaudengo;04;Biossido di azoto (NO2);23;microgrammi / metro cubo;47.0;V;
14/10/2015;22:00;13;001272;805;Torino - Rebaudengo;04;Biossido di azoto (NO2);23;microgrammi / metro cubo;42.0;V;
14/10/2015;23:00;13;001272;805;Torino - Rebaudengo;04;Biossido di azoto (NO2);23;microgrammi / metro cubo;32.0;V;
14/10/2015;23:59;13;001272;805;Torino - Rebaudengo;04;Biossido di azoto (NO2);23;microgrammi / metro cubo;35.0;V;
15/10/2015;01:00;13;001272;805;Torino - Rebaudengo;04;Biossido di azoto (NO2);23;microgrammi / metro cubo;35.0;V;
15/10/2015;02:00;13;001272;805;Torino - Rebaudengo;04;Biossido di azoto (NO2);23;microgrammi / metro cubo;29.0;V;
15/10/2015;03:00;13;001272;805;Torino - Rebaudengo;04;Biossido di azoto (NO2);23;microgrammi / metro cubo;25.0;V;
15/10/2015;04:00;13;001272;805;Torino - Rebaudengo;04;Biossido di azoto (NO2);23;microgrammi / metro cubo;16.0;V;
15/10/2015;05:00;13;001272;805;Torino - Rebaudengo;04;Biossido di azoto (NO2);23;microgrammi / metro cubo;20.0;V;
15/10/2015;06:00;13;001272;805;Torino - Rebaudengo;04;Biossido di azoto (NO2);23;microgrammi / metro cubo;35.0;V;
15/10/2015;07:00;13;001272;805;Torino - Rebaudengo;04;Biossido di azoto (NO2);23;microgrammi / metro cubo;51.0;V;
15/10/2015;08:00;13;001272;805;Torino - Rebaudengo;04;Biossido di azoto (NO2);23;microgrammi / metro cubo;65.0;V;
15/10/2015;09:00;13;001272;805;Torino - Rebaudengo;04;Biossido di azoto (NO2);23;microgrammi / metro cubo;56.0;V;
15/10/2015;10:00;13;001272;805;Torino - Rebaudengo;04;Biossido di azoto (NO2);23;microgrammi / metro cubo;40.0;V;
15/10/2015;11:00;13;001272;805;Torino - Rebaudengo;04;Biossido di azoto (NO2);23;microgrammi / metro cubo;51.0;V;
15/10/2015;12:00;13;001272;805;Torino - Rebaudengo;04;Biossido di azoto (NO2);23;microgrammi / metro cubo;35.0;V;
15/10/2015;13:00;13;001272;805;Torino - Rebaudengo;04;Biossido di azoto (NO2);23;microgrammi / metro cubo;41.0;V;
15/10/2015;14:00;13;001272;805;Torino - Rebaudengo;04;Biossido di azoto (NO2);23;microgrammi / metro cubo;34.0;V;
15/10/2015;15:00;13;001272;805;Torino - Rebaudengo;04;Biossido di azoto (NO2);23;microgrammi / metro cubo;31.0;V;
15/10/2015;16:00;13;001272;805;Torino - Rebaudengo;04;Biossido di azoto (NO2);23;microgrammi / metro cubo;40.0;V;
15/10/2015;17:00;13;001272;805;Torino - Rebaudengo;04;Biossido di azoto (NO2);23;microgrammi / metro cubo;38.0;V;
15/10/2015;18:00;13;001272;805;Torino - Rebaudengo;04;Biossido di azoto (NO2);23;microgrammi / metro cubo;37.0;V;
15/10/2015;19:00;13;001272;805;Torino - Rebaudengo;04;Biossido di azoto (NO2);23;microgrammi / metro cubo;44.0;V;
15/10/2015;20:00;13;001272;805;Torino - Rebaudengo;04;Biossido di azoto (NO2);23;microgrammi / metro cubo;48.0;V;
15/10/2015;21:00;13;001272;805;Torino - Rebaudengo;04;Biossido di azoto (NO2);23;microgrammi / metro cubo;44.0;V;
15/10/2015;22:00;13;001272;805;Torino - Rebaudengo;04;Biossido di azoto (NO2);23;microgrammi / metro cubo;47.0;V;
15/10/2015;23:00;13;001272;805;Torino - Rebaudengo;04;Biossido di azoto (NO2);23;microgrammi / metro cubo;39.0;V;
15/10/2015;23:59;13;001272;805;Torino - Rebaudengo;04;Biossido di azoto (NO2);23;microgrammi / metro cubo;21.0;V;
16/10/2015;01:00;13;001272;805;Torino - Rebaudengo;04;Biossido di azoto (NO2);23;microgrammi / metro cubo;20.0;V;
16/10/2015;02:00;13;001272;805;Torino - Rebaudengo;04;Biossido di azoto (NO2);23;microgrammi / metro cubo;10.0;V;
16/10/2015;03:00;13;001272;805;Torino - Rebaudengo;04;Biossido di azoto (NO2);23;microgrammi / metro cubo;12.0;V;
16/10/2015;04:00;13;001272;805;Torino - Rebaudengo;04;Biossido di azoto (NO2);23;microgrammi / metro cubo;32.0;V;
16/10/2015;05:00;13;001272;805;Torino - Rebaudengo;04;Biossido di azoto (NO2);23;microgrammi / metro cubo;36.0;V;
16/10/2015;06:00;13;001272;805;Torino - Rebaudengo;04;Biossido di azoto (NO2);23;microgrammi / metro cubo;66.0;V;
16/10/2015;07:00;13;001272;805;Torino - Rebaudengo;04;Biossido di azoto (NO2);23;microgrammi / metro cubo;75.0;V;
16/10/2015;08:00;13;001272;805;Torino - Rebaudengo;04;Biossido di azoto (NO2);23;microgrammi / metro cubo;85.0;V;
16/10/2015;09:00;13;001272;805;Torino - Rebaudengo;04;Biossido di azoto (NO2);23;microgrammi / metro cubo;96.0;V;
16/10/2015;10:00;13;001272;805;Torino - Rebaudengo;04;Biossido di azoto (NO2);23;microgrammi / metro cubo;74.0;V;
16/10/2015;11:00;13;001272;805;Torino - Rebaudengo;04;Biossido di azoto (NO2);23;microgrammi / metro cubo;59.0;V;
16/10/2015;12:00;13;001272;805;Torino - Rebaudengo;04;Biossido di azoto (NO2);23;microgrammi / metro cubo;60.0;V;
16/10/2015;13:00;13;001272;805;Torino - Rebaudengo;04;Biossido di azoto (NO2);23;microgrammi / metro cubo;46.0;V;
16/10/2015;14:00;13;001272;805;Torino - Rebaudengo;04;Biossido di azoto (NO2);23;microgrammi / metro cubo;47.0;V;
16/10/2015;15:00;13;001272;805;Torino - Rebaudengo;04;Biossido di azoto (NO2);23;microgrammi / metro cubo;48.0;V;
16/10/2015;16:00;13;001272;805;Torino - Rebaudengo;04;Biossido di azoto (NO2);23;microgrammi / metro cubo;55.0;V;
16/10/2015;17:00;13;001272;805;Torino - Rebaudengo;04;Biossido di azoto (NO2);23;microgrammi / metro cubo;64.0;V;
16/10/2015;18:00;13;001272;805;Torino - Rebaudengo;04;Biossido di azoto (NO2);23;microgrammi / metro cubo;79.0;V;
16/10/2015;19:00;13;001272;805;Torino - Rebaudengo;04;Biossido di azoto (NO2);23;microgrammi / metro cubo;79.0;V;
16/10/2015;20:00;13;001272;805;Torino - Rebaudengo;04;Biossido di azoto (NO2);23;microgrammi / metro cubo;90.0;V;
16/10/2015;21:00;13;001272;805;Torino - Rebaudengo;04;Biossido di azoto (NO2);23;microgrammi / metro cubo;79.0;V;
16/10/2015;22:00;13;001272;805;Torino - Rebaudengo;04;Biossido di azoto (NO2);23;microgrammi / metro cubo;63.0;V;
16/10/2015;23:00;13;001272;805;Torino - Rebaudengo;04;Biossido di azoto (NO2);23;microgrammi / metro cubo;49.0;V;
16/10/2015;23:59;13;001272;805;Torino - Rebaudengo;04;Biossido di azoto (NO2);23;microgrammi / metro cubo;42.0;V;
17/10/2015;01:00;13;001272;805;Torino - Rebaudengo;04;Biossido di azoto (NO2);23;microgrammi / metro cubo;40.0;V;
17/10/2015;02:00;13;001272;805;Torino - Rebaudengo;04;Biossido di azoto (NO2);23;microgrammi / metro cubo;30.0;V;
17/10/2015;03:00;13;001272;805;Torino - Rebaudengo;04;Biossido di azoto (NO2);23;microgrammi / metro cubo;29.0;V;
17/10/2015;04:00;13;001272;805;Torino - Rebaudengo;04;Biossido di azoto (NO2);23;microgrammi / metro cubo;26.0;V;
17/10/2015;05:00;13;001272;805;Torino - Rebaudengo;04;Biossido di azoto (NO2);23;microgrammi / metro cubo;32.0;V;
17/10/2015;06:00;13;001272;805;Torino - Rebaudengo;04;Biossido di azoto (NO2);23;microgrammi / metro cubo;36.0;V;
17/10/2015;07:00;13;001272;805;Torino - Rebaudengo;04;Biossido di azoto (NO2);23;microgrammi / metro cubo;31.0;V;
17/10/2015;08:00;13;001272;805;Torino - Rebaudengo;04;Biossido di azoto (NO2);23;microgrammi / metro cubo;36.0;V;
17/10/2015;09:00;13;001272;805;Torino - Rebaudengo;04;Biossido di azoto (NO2);23;microgrammi / metro cubo;40.0;V;
17/10/2015;10:00;13;001272;805;Torino - Rebaudengo;04;Biossido di azoto (NO2);23;microgrammi / metro cubo;42.0;V;
17/10/2015;11:00;13;001272;805;Torino - Rebaudengo;04;Biossido di azoto (NO2);23;microgrammi / metro cubo;37.0;V;
17/10/2015;12:00;13;001272;805;Torino - Rebaudengo;04;Biossido di azoto (NO2);23;microgrammi / metro cubo;39.0;V;
17/10/2015;13:00;13;001272;805;Torino - Rebaudengo;04;Biossido di azoto (NO2);23;microgrammi / metro cubo;42.0;V;
17/10/2015;14:00;13;001272;805;Torino - Rebaudengo;04;Biossido di azoto (NO2);23;microgrammi / metro cubo;31.0;V;
17/10/2015;15:00;13;001272;805;Torino - Rebaudengo;04;Biossido di azoto (NO2);23;microgrammi / metro cubo;35.0;V;
17/10/2015;16:00;13;001272;805;Torino - Rebaudengo;04;Biossido di azoto (NO2);23;microgrammi / metro cubo;35.0;V;
17/10/2015;17:00;13;001272;805;Torino - Rebaudengo;04;Biossido di azoto (NO2);23;microgrammi / metro cubo;43.0;V;
17/10/2015;18:00;13;001272;805;Torino - Rebaudengo;04;Biossido di azoto (NO2);23;microgrammi / metro cubo;54.0;V;
17/10/2015;19:00;13;001272;805;Torino - Rebaudengo;04;Biossido di azoto (NO2);23;microgrammi / metro cubo;66.0;V;
17/10/2015;20:00;13;001272;805;Torino - Rebaudengo;04;Biossido di azoto (NO2);23;microgrammi / metro cubo;59.0;V;
17/10/2015;21:00;13;001272;805;Torino - Rebaudengo;04;Biossido di azoto (NO2);23;microgrammi / metro cubo;55.0;V;
17/10/2015;22:00;13;001272;805;Torino - Rebaudengo;04;Biossido di azoto (NO2);23;microgrammi / metro cubo;52.0;V;
17/10/2015;23:00;13;001272;805;Torino - Rebaudengo;04;Biossido di azoto (NO2);23;microgrammi / metro cubo;50.0;V;
17/10/2015;23:59;13;001272;805;Torino - Rebaudengo;04;Biossido di azoto (NO2);23;microgrammi / metro cubo;47.0;V;
18/10/2015;01:00;13;001272;805;Torino - Rebaudengo;04;Biossido di azoto (NO2);23;microgrammi / metro cubo;42.0;V;
18/10/2015;02:00;13;001272;805;Torino - Rebaudengo;04;Biossido di azoto (NO2);23;microgrammi / metro cubo;41.0;V;
18/10/2015;03:00;13;001272;805;Torino - Rebaudengo;04;Biossido di azoto (NO2);23;microgrammi / metro cubo;38.0;V;
18/10/2015;04:00;13;001272;805;Torino - Rebaudengo;04;Biossido di azoto (NO2);23;microgrammi / metro cubo;31.0;V;
18/10/2015;05:00;13;001272;805;Torino - Rebaudengo;04;Biossido di azoto (NO2);23;microgrammi / metro cubo;26.0;V;
18/10/2015;06:00;13;001272;805;Torino - Rebaudengo;04;Biossido di azoto (NO2);23;microgrammi / metro cubo;32.0;V;
18/10/2015;07:00;13;001272;805;Torino - Rebaudengo;04;Biossido di azoto (NO2);23;microgrammi / metro cubo;35.0;V;
18/10/2015;08:00;13;001272;805;Torino - Rebaudengo;04;Biossido di azoto (NO2);23;microgrammi / metro cubo;28.0;V;
18/10/2015;09:00;13;001272;805;Torino - Rebaudengo;04;Biossido di azoto (NO2);23;microgrammi / metro cubo;30.0;V;
18/10/2015;10:00;13;001272;805;Torino - Rebaudengo;04;Biossido di azoto (NO2);23;microgrammi / metro cubo;36.0;V;
18/10/2015;11:00;13;001272;805;Torino - Rebaudengo;04;Biossido di azoto (NO2);23;microgrammi / metro cubo;44.0;V;
18/10/2015;12:00;13;001272;805;Torino - Rebaudengo;04;Biossido di azoto (NO2);23;microgrammi / metro cubo;46.0;V;
18/10/2015;13:00;13;001272;805;Torino - Rebaudengo;04;Biossido di azoto (NO2);23;microgrammi / metro cubo;42.0;V;
18/10/2015;14:00;13;001272;805;Torino - Rebaudengo;04;Biossido di azoto (NO2);23;microgrammi / metro cubo;40.0;V;
18/10/2015;15:00;13;001272;805;Torino - Rebaudengo;04;Biossido di azoto (NO2);23;microgrammi / metro cubo;46.0;V;
18/10/2015;16:00;13;001272;805;Torino - Rebaudengo;04;Biossido di azoto (NO2);23;microgrammi / metro cubo;45.0;V;
18/10/2015;17:00;13;001272;805;Torino - Rebaudengo;04;Biossido di azoto (NO2);23;microgrammi / metro cubo;54.0;V;
18/10/2015;18:00;13;001272;805;Torino - Rebaudengo;04;Biossido di azoto (NO2);23;microgrammi / metro cubo;59.0;V;
18/10/2015;19:00;13;001272;805;Torino - Rebaudengo;04;Biossido di azoto (NO2);23;microgrammi / metro cubo;56.0;V;
18/10/2015;20:00;13;001272;805;Torino - Rebaudengo;04;Biossido di azoto (NO2);23;microgrammi / metro cubo;66.0;V;
18/10/2015;21:00;13;001272;805;Torino - Rebaudengo;04;Biossido di azoto (NO2);23;microgrammi / metro cubo;58.0;V;
18/10/2015;22:00;13;001272;805;Torino - Rebaudengo;04;Biossido di azoto (NO2);23;microgrammi / metro cubo;48.0;V;
18/10/2015;23:00;13;001272;805;Torino - Rebaudengo;04;Biossido di azoto (NO2);23;microgrammi / metro cubo;41.0;V;
18/10/2015;23:59;13;001272;805;Torino - Rebaudengo;04;Biossido di azoto (NO2);23;microgrammi / metro cubo;30.0;V;
19/10/2015;01:00;13;001272;805;Torino - Rebaudengo;04;Biossido di azoto (NO2);23;microgrammi / metro cubo;27.0;V;
19/10/2015;02:00;13;001272;805;Torino - Rebaudengo;04;Biossido di azoto (NO2);23;microgrammi / metro cubo;23.0;V;
19/10/2015;03:00;13;001272;805;Torino - Rebaudengo;04;Biossido di azoto (NO2);23;microgrammi / metro cubo;21.0;V;
19/10/2015;04:00;13;001272;805;Torino - Rebaudengo;04;Biossido di azoto (NO2);23;microgrammi / metro cubo;22.0;V;
19/10/2015;05:00;13;001272;805;Torino - Rebaudengo;04;Biossido di azoto (NO2);23;microgrammi / metro cubo;28.0;V;
19/10/2015;06:00;13;001272;805;Torino - Rebaudengo;04;Biossido di azoto (NO2);23;microgrammi / metro cubo;31.0;V;
19/10/2015;07:00;13;001272;805;Torino - Rebaudengo;04;Biossido di azoto (NO2);23;microgrammi / metro cubo;43.0;V;
19/10/2015;08:00;13;001272;805;Torino - Rebaudengo;04;Biossido di azoto (NO2);23;microgrammi / metro cubo;71.0;V;
19/10/2015;09:00;13;001272;805;Torino - Rebaudengo;04;Biossido di azoto (NO2);23;microgrammi / metro cubo;79.0;V;
19/10/2015;10:00;13;001272;805;Torino - Rebaudengo;04;Biossido di azoto (NO2);23;microgrammi / metro cubo;83.0;V;
19/10/2015;11:00;13;001272;805;Torino - Rebaudengo;04;Biossido di azoto (NO2);23;microgrammi / metro cubo;76.0;V;
19/10/2015;12:00;13;001272;805;Torino - Rebaudengo;04;Biossido di azoto (NO2);23;microgrammi / metro cubo;;E;
19/10/2015;13:00;13;001272;805;Torino - Rebaudengo;04;Biossido di azoto (NO2);23;microgrammi / metro cubo;;E;
19/10/2015;14:00;13;001272;805;Torino - Rebaudengo;04;Biossido di azoto (NO2);23;microgrammi / metro cubo;;E;
19/10/2015;15:00;13;001272;805;Torino - Rebaudengo;04;Biossido di azoto (NO2);23;microgrammi / metro cubo;71.0;V;
19/10/2015;16:00;13;001272;805;Torino - Rebaudengo;04;Biossido di azoto (NO2);23;microgrammi / metro cubo;66.0;V;
19/10/2015;17:00;13;001272;805;Torino - Rebaudengo;04;Biossido di azoto (NO2);23;microgrammi / metro cubo;85.0;V;
19/10/2015;18:00;13;001272;805;Torino - Rebaudengo;04;Biossido di azoto (NO2);23;microgrammi / metro cubo;126.0;V;
19/10/2015;19:00;13;001272;805;Torino - Rebaudengo;04;Biossido di azoto (NO2);23;microgrammi / metro cubo;146.0;V;
19/10/2015;20:00;13;001272;805;Torino - Rebaudengo;04;Biossido di azoto (NO2);23;microgrammi / metro cubo;114.0;V;
19/10/2015;21:00;13;001272;805;Torino - Rebaudengo;04;Biossido di azoto (NO2);23;microgrammi / metro cubo;67.0;V;
19/10/2015;22:00;13;001272;805;Torino - Rebaudengo;04;Biossido di azoto (NO2);23;microgrammi / metro cubo;73.0;V;
19/10/2015;23:00;13;001272;805;Torino - Rebaudengo;04;Biossido di azoto (NO2);23;microgrammi / metro cubo;67.0;V;
19/10/2015;23:59;13;001272;805;Torino - Rebaudengo;04;Biossido di azoto (NO2);23;microgrammi / metro cubo;55.0;V;
20/10/2015;01:00;13;001272;805;Torino - Rebaudengo;04;Biossido di azoto (NO2);23;microgrammi / metro cubo;47.0;V;
20/10/2015;02:00;13;001272;805;Torino - Rebaudengo;04;Biossido di azoto (NO2);23;microgrammi / metro cubo;49.0;V;
20/10/2015;03:00;13;001272;805;Torino - Rebaudengo;04;Biossido di azoto (NO2);23;microgrammi / metro cubo;43.0;V;
20/10/2015;04:00;13;001272;805;Torino - Rebaudengo;04;Biossido di azoto (NO2);23;microgrammi / metro cubo;41.0;V;
20/10/2015;05:00;13;001272;805;Torino - Rebaudengo;04;Biossido di azoto (NO2);23;microgrammi / metro cubo;43.0;V;
20/10/2015;06:00;13;001272;805;Torino - Rebaudengo;04;Biossido di azoto (NO2);23;microgrammi / metro cubo;73.0;V;
20/10/2015;07:00;13;001272;805;Torino - Rebaudengo;04;Biossido di azoto (NO2);23;microgrammi / metro cubo;83.0;V;
20/10/2015;08:00;13;001272;805;Torino - Rebaudengo;04;Biossido di azoto (NO2);23;microgrammi / metro cubo;106.0;V;
20/10/2015;09:00;13;001272;805;Torino - Rebaudengo;04;Biossido di azoto (NO2);23;microgrammi / metro cubo;89.0;V;
20/10/2015;10:00;13;001272;805;Torino - Rebaudengo;04;Biossido di azoto (NO2);23;microgrammi / metro cubo;94.0;V;
20/10/2015;11:00;13;001272;805;Torino - Rebaudengo;04;Biossido di azoto (NO2);23;microgrammi / metro cubo;74.0;V;
20/10/2015;12:00;13;001272;805;Torino - Rebaudengo;04;Biossido di azoto (NO2);23;microgrammi / metro cubo;56.0;V;
20/10/2015;13:00;13;001272;805;Torino - Rebaudengo;04;Biossido di azoto (NO2);23;microgrammi / metro cubo;44.0;V;
20/10/2015;14:00;13;001272;805;Torino - Rebaudengo;04;Biossido di azoto (NO2);23;microgrammi / metro cubo;50.0;V;
20/10/2015;15:00;13;001272;805;Torino - Rebaudengo;04;Biossido di azoto (NO2);23;microgrammi / metro cubo;48.0;V;
20/10/2015;16:00;13;001272;805;Torino - Rebaudengo;04;Biossido di azoto (NO2);23;microgrammi / metro cubo;70.0;V;
20/10/2015;17:00;13;001272;805;Torino - Rebaudengo;04;Biossido di azoto (NO2);23;microgrammi / metro cubo;77.0;V;
20/10/2015;18:00;13;001272;805;Torino - Rebaudengo;04;Biossido di azoto (NO2);23;microgrammi / metro cubo;100.0;V;
20/10/2015;19:00;13;001272;805;Torino - Rebaudengo;04;Biossido di azoto (NO2);23;microgrammi / metro cubo;100.0;V;
20/10/2015;20:00;13;001272;805;Torino - Rebaudengo;04;Biossido di azoto (NO2);23;microgrammi / metro cubo;94.0;V;
20/10/2015;21:00;13;001272;805;Torino - Rebaudengo;04;Biossido di azoto (NO2);23;microgrammi / metro cubo;95.0;V;
20/10/2015;22:00;13;001272;805;Torino - Rebaudengo;04;Biossido di azoto (NO2);23;microgrammi / metro cubo;87.0;V;
20/10/2015;23:00;13;001272;805;Torino - Rebaudengo;04;Biossido di azoto (NO2);23;microgrammi / metro cubo;61.0;V;
20/10/2015;23:59;13;001272;805;Torino - Rebaudengo;04;Biossido di azoto (NO2);23;microgrammi / metro cubo;56.0;V;
21/10/2015;01:00;13;001272;805;Torino - Rebaudengo;04;Biossido di azoto (NO2);23;microgrammi / metro cubo;51.0;V;
21/10/2015;02:00;13;001272;805;Torino - Rebaudengo;04;Biossido di azoto (NO2);23;microgrammi / metro cubo;46.0;V;
21/10/2015;03:00;13;001272;805;Torino - Rebaudengo;04;Biossido di azoto (NO2);23;microgrammi / metro cubo;43.0;V;
21/10/2015;04:00;13;001272;805;Torino - Rebaudengo;04;Biossido di azoto (NO2);23;microgrammi / metro cubo;45.0;V;
21/10/2015;05:00;13;001272;805;Torino - Rebaudengo;04;Biossido di azoto (NO2);23;microgrammi / metro cubo;47.0;V;
21/10/2015;06:00;13;001272;805;Torino - Rebaudengo;04;Biossido di azoto (NO2);23;microgrammi / metro cubo;50.0;V;
21/10/2015;07:00;13;001272;805;Torino - Rebaudengo;04;Biossido di azoto (NO2);23;microgrammi / metro cubo;63.0;V;
21/10/2015;08:00;13;001272;805;Torino - Rebaudengo;04;Biossido di azoto (NO2);23;microgrammi / metro cubo;77.0;V;
21/10/2015;09:00;13;001272;805;Torino - Rebaudengo;04;Biossido di azoto (NO2);23;microgrammi / metro cubo;71.0;V;
21/10/2015;10:00;13;001272;805;Torino - Rebaudengo;04;Biossido di azoto (NO2);23;microgrammi / metro cubo;62.0;V;
21/10/2015;11:00;13;001272;805;Torino - Rebaudengo;04;Biossido di azoto (NO2);23;microgrammi / metro cubo;45.0;V;
21/10/2015;12:00;13;001272;805;Torino - Rebaudengo;04;Biossido di azoto (NO2);23;microgrammi / metro cubo;52.0;V;
21/10/2015;13:00;13;001272;805;Torino - Rebaudengo;04;Biossido di azoto (NO2);23;microgrammi / metro cubo;;E;
21/10/2015;14:00;13;001272;805;Torino - Rebaudengo;04;Biossido di azoto (NO2);23;microgrammi / metro cubo;47.0;V;
21/10/2015;15:00;13;001272;805;Torino - Rebaudengo;04;Biossido di azoto (NO2);23;microgrammi / metro cubo;54.0;V;
21/10/2015;16:00;13;001272;805;Torino - Rebaudengo;04;Biossido di azoto (NO2);23;microgrammi / metro cubo;52.0;V;
21/10/2015;17:00;13;001272;805;Torino - Rebaudengo;04;Biossido di azoto (NO2);23;microgrammi / metro cubo;62.0;V;
21/10/2015;18:00;13;001272;805;Torino - Rebaudengo;04;Biossido di azoto (NO2);23;microgrammi / metro cubo;77.0;V;
21/10/2015;19:00;13;001272;805;Torino - Rebaudengo;04;Biossido di azoto (NO2);23;microgrammi / metro cubo;86.0;V;
21/10/2015;20:00;13;001272;805;Torino - Rebaudengo;04;Biossido di azoto (NO2);23;microgrammi / metro cubo;96.0;V;
21/10/2015;21:00;13;001272;805;Torino - Rebaudengo;04;Biossido di azoto (NO2);23;microgrammi / metro cubo;95.0;V;
21/10/2015;22:00;13;001272;805;Torino - Rebaudengo;04;Biossido di azoto (NO2);23;microgrammi / metro cubo;97.0;V;
21/10/2015;23:00;13;001272;805;Torino - Rebaudengo;04;Biossido di azoto (NO2);23;microgrammi / metro cubo;83.0;V;
21/10/2015;23:59;13;001272;805;Torino - Rebaudengo;04;Biossido di azoto (NO2);23;microgrammi / metro cubo;52.0;V;
22/10/2015;01:00;13;001272;805;Torino - Rebaudengo;04;Biossido di azoto (NO2);23;microgrammi / metro cubo;39.0;V;
22/10/2015;02:00;13;001272;805;Torino - Rebaudengo;04;Biossido di azoto (NO2);23;microgrammi / metro cubo;39.0;V;
22/10/2015;03:00;13;001272;805;Torino - Rebaudengo;04;Biossido di azoto (NO2);23;microgrammi / metro cubo;37.0;V;
22/10/2015;04:00;13;001272;805;Torino - Rebaudengo;04;Biossido di azoto (NO2);23;microgrammi / metro cubo;28.0;V;
22/10/2015;05:00;13;001272;805;Torino - Rebaudengo;04;Biossido di azoto (NO2);23;microgrammi / metro cubo;34.0;V;
22/10/2015;06:00;13;001272;805;Torino - Rebaudengo;04;Biossido di azoto (NO2);23;microgrammi / metro cubo;49.0;V;
22/10/2015;07:00;13;001272;805;Torino - Rebaudengo;04;Biossido di azoto (NO2);23;microgrammi / metro cubo;64.0;V;
22/10/2015;08:00;13;001272;805;Torino - Rebaudengo;04;Biossido di azoto (NO2);23;microgrammi / metro cubo;81.0;V;
22/10/2015;09:00;13;001272;805;Torino - Rebaudengo;04;Biossido di azoto (NO2);23;microgrammi / metro cubo;74.0;V;
22/10/2015;10:00;13;001272;805;Torino - Rebaudengo;04;Biossido di azoto (NO2);23;microgrammi / metro cubo;75.0;V;
22/10/2015;11:00;13;001272;805;Torino - Rebaudengo;04;Biossido di azoto (NO2);23;microgrammi / metro cubo;77.0;V;
22/10/2015;12:00;13;001272;805;Torino - Rebaudengo;04;Biossido di azoto (NO2);23;microgrammi / metro cubo;54.0;V;
22/10/2015;13:00;13;001272;805;Torino - Rebaudengo;04;Biossido di azoto (NO2);23;microgrammi / metro cubo;38.0;V;
22/10/2015;14:00;13;001272;805;Torino - Rebaudengo;04;Biossido di azoto (NO2);23;microgrammi / metro cubo;46.0;V;
22/10/2015;15:00;13;001272;805;Torino - Rebaudengo;04;Biossido di azoto (NO2);23;microgrammi / metro cubo;48.0;V;
22/10/2015;16:00;13;001272;805;Torino - Rebaudengo;04;Biossido di azoto (NO2);23;microgrammi / metro cubo;55.0;V;
22/10/2015;17:00;13;001272;805;Torino - Rebaudengo;04;Biossido di azoto (NO2);23;microgrammi / metro cubo;66.0;V;
22/10/2015;18:00;13;001272;805;Torino - Rebaudengo;04;Biossido di azoto (NO2);23;microgrammi / metro cubo;112.0;V;
22/10/2015;19:00;13;001272;805;Torino - Rebaudengo;04;Biossido di azoto (NO2);23;microgrammi / metro cubo;134.0;V;
22/10/2015;20:00;13;001272;805;Torino - Rebaudengo;04;Biossido di azoto (NO2);23;microgrammi / metro cubo;118.0;V;
22/10/2015;21:00;13;001272;805;Torino - Rebaudengo;04;Biossido di azoto (NO2);23;microgrammi / metro cubo;84.0;V;
22/10/2015;22:00;13;001272;805;Torino - Rebaudengo;04;Biossido di azoto (NO2);23;microgrammi / metro cubo;67.0;V;
22/10/2015;23:00;13;001272;805;Torino - Rebaudengo;04;Biossido di azoto (NO2);23;microgrammi / metro cubo;61.0;V;
22/10/2015;23:59;13;001272;805;Torino - Rebaudengo;04;Biossido di azoto (NO2);23;microgrammi / metro cubo;55.0;V;
23/10/2015;01:00;13;001272;805;Torino - Rebaudengo;04;Biossido di azoto (NO2);23;microgrammi / metro cubo;55.0;V;
23/10/2015;02:00;13;001272;805;Torino - Rebaudengo;04;Biossido di azoto (NO2);23;microgrammi / metro cubo;39.0;V;
23/10/2015;03:00;13;001272;805;Torino - Rebaudengo;04;Biossido di azoto (NO2);23;microgrammi / metro cubo;33.0;V;
23/10/2015;04:00;13;001272;805;Torino - Rebaudengo;04;Biossido di azoto (NO2);23;microgrammi / metro cubo;39.0;V;
23/10/2015;05:00;13;001272;805;Torino - Rebaudengo;04;Biossido di azoto (NO2);23;microgrammi / metro cubo;37.0;V;
23/10/2015;06:00;13;001272;805;Torino - Rebaudengo;04;Biossido di azoto (NO2);23;microgrammi / metro cubo;51.0;V;
23/10/2015;07:00;13;001272;805;Torino - Rebaudengo;04;Biossido di azoto (NO2);23;microgrammi / metro cubo;62.0;V;
23/10/2015;08:00;13;001272;805;Torino - Rebaudengo;04;Biossido di azoto (NO2);23;microgrammi / metro cubo;69.0;V;
23/10/2015;09:00;13;001272;805;Torino - Rebaudengo;04;Biossido di azoto (NO2);23;microgrammi / metro cubo;65.0;V;
23/10/2015;10:00;13;001272;805;Torino - Rebaudengo;04;Biossido di azoto (NO2);23;microgrammi / metro cubo;72.0;V;
23/10/2015;11:00;13;001272;805;Torino - Rebaudengo;04;Biossido di azoto (NO2);23;microgrammi / metro cubo;88.0;V;
23/10/2015;12:00;13;001272;805;Torino - Rebaudengo;04;Biossido di azoto (NO2);23;microgrammi / metro cubo;97.0;V;
23/10/2015;13:00;13;001272;805;Torino - Rebaudengo;04;Biossido di azoto (NO2);23;microgrammi / metro cubo;87.0;V;
23/10/2015;14:00;13;001272;805;Torino - Rebaudengo;04;Biossido di azoto (NO2);23;microgrammi / metro cubo;84.0;V;
23/10/2015;15:00;13;001272;805;Torino - Rebaudengo;04;Biossido di azoto (NO2);23;microgrammi / metro cubo;77.0;V;
23/10/2015;16:00;13;001272;805;Torino - Rebaudengo;04;Biossido di azoto (NO2);23;microgrammi / metro cubo;83.0;V;
23/10/2015;17:00;13;001272;805;Torino - Rebaudengo;04;Biossido di azoto (NO2);23;microgrammi / metro cubo;103.0;V;
23/10/2015;18:00;13;001272;805;Torino - Rebaudengo;04;Biossido di azoto (NO2);23;microgrammi / metro cubo;107.0;V;
23/10/2015;19:00;13;001272;805;Torino - Rebaudengo;04;Biossido di azoto (NO2);23;microgrammi / metro cubo;113.0;V;
23/10/2015;20:00;13;001272;805;Torino - Rebaudengo;04;Biossido di azoto (NO2);23;microgrammi / metro cubo;109.0;V;
23/10/2015;21:00;13;001272;805;Torino - Rebaudengo;04;Biossido di azoto (NO2);23;microgrammi / metro cubo;91.0;V;
23/10/2015;22:00;13;001272;805;Torino - Rebaudengo;04;Biossido di azoto (NO2);23;microgrammi / metro cubo;85.0;V;
23/10/2015;23:00;13;001272;805;Torino - Rebaudengo;04;Biossido di azoto (NO2);23;microgrammi / metro cubo;75.0;V;
23/10/2015;23:59;13;001272;805;Torino - Rebaudengo;04;Biossido di azoto (NO2);23;microgrammi / metro cubo;65.0;V;
24/10/2015;01:00;13;001272;805;Torino - Rebaudengo;04;Biossido di azoto (NO2);23;microgrammi / metro cubo;64.0;V;
24/10/2015;02:00;13;001272;805;Torino - Rebaudengo;04;Biossido di azoto (NO2);23;microgrammi / metro cubo;53.0;V;
24/10/2015;03:00;13;001272;805;Torino - Rebaudengo;04;Biossido di azoto (NO2);23;microgrammi / metro cubo;45.0;V;
24/10/2015;04:00;13;001272;805;Torino - Rebaudengo;04;Biossido di azoto (NO2);23;microgrammi / metro cubo;38.0;V;
24/10/2015;05:00;13;001272;805;Torino - Rebaudengo;04;Biossido di azoto (NO2);23;microgrammi / metro cubo;40.0;V;
24/10/2015;06:00;13;001272;805;Torino - Rebaudengo;04;Biossido di azoto (NO2);23;microgrammi / metro cubo;52.0;V;
24/10/2015;07:00;13;001272;805;Torino - Rebaudengo;04;Biossido di azoto (NO2);23;microgrammi / metro cubo;72.0;V;
24/10/2015;08:00;13;001272;805;Torino - Rebaudengo;04;Biossido di azoto (NO2);23;microgrammi / metro cubo;72.0;V;
24/10/2015;09:00;13;001272;805;Torino - Rebaudengo;04;Biossido di azoto (NO2);23;microgrammi / metro cubo;83.0;V;
24/10/2015;10:00;13;001272;805;Torino - Rebaudengo;04;Biossido di azoto (NO2);23;microgrammi / metro cubo;88.0;V;
24/10/2015;11:00;13;001272;805;Torino - Rebaudengo;04;Biossido di azoto (NO2);23;microgrammi / metro cubo;86.0;V;
24/10/2015;12:00;13;001272;805;Torino - Rebaudengo;04;Biossido di azoto (NO2);23;microgrammi / metro cubo;84.0;V;
24/10/2015;13:00;13;001272;805;Torino - Rebaudengo;04;Biossido di azoto (NO2);23;microgrammi / metro cubo;80.0;V;
24/10/2015;14:00;13;001272;805;Torino - Rebaudengo;04;Biossido di azoto (NO2);23;microgrammi / metro cubo;71.0;V;
24/10/2015;15:00;13;001272;805;Torino - Rebaudengo;04;Biossido di azoto (NO2);23;microgrammi / metro cubo;67.0;V;
24/10/2015;16:00;13;001272;805;Torino - Rebaudengo;04;Biossido di azoto (NO2);23;microgrammi / metro cubo;87.0;V;
24/10/2015;17:00;13;001272;805;Torino - Rebaudengo;04;Biossido di azoto (NO2);23;microgrammi / metro cubo;98.0;V;
24/10/2015;18:00;13;001272;805;Torino - Rebaudengo;04;Biossido di azoto (NO2);23;microgrammi / metro cubo;114.0;V;
24/10/2015;19:00;13;001272;805;Torino - Rebaudengo;04;Biossido di azoto (NO2);23;microgrammi / metro cubo;116.0;V;
24/10/2015;20:00;13;001272;805;Torino - Rebaudengo;04;Biossido di azoto (NO2);23;microgrammi / metro cubo;123.0;V;
24/10/2015;21:00;13;001272;805;Torino - Rebaudengo;04;Biossido di azoto (NO2);23;microgrammi / metro cubo;93.0;V;
24/10/2015;22:00;13;001272;805;Torino - Rebaudengo;04;Biossido di azoto (NO2);23;microgrammi / metro cubo;67.0;V;
24/10/2015;23:00;13;001272;805;Torino - Rebaudengo;04;Biossido di azoto (NO2);23;microgrammi / metro cubo;66.0;V;
24/10/2015;23:59;13;001272;805;Torino - Rebaudengo;04;Biossido di azoto (NO2);23;microgrammi / metro cubo;64.0;V;
25/10/2015;01:00;13;001272;805;Torino - Rebaudengo;04;Biossido di azoto (NO2);23;microgrammi / metro cubo;54.0;V;
25/10/2015;02:00;13;001272;805;Torino - Rebaudengo;04;Biossido di azoto (NO2);23;microgrammi / metro cubo;57.0;V;
25/10/2015;03:00;13;001272;805;Torino - Rebaudengo;04;Biossido di azoto (NO2);23;microgrammi / metro cubo;45.0;V;
25/10/2015;04:00;13;001272;805;Torino - Rebaudengo;04;Biossido di azoto (NO2);23;microgrammi / metro cubo;41.0;V;
25/10/2015;05:00;13;001272;805;Torino - Rebaudengo;04;Biossido di azoto (NO2);23;microgrammi / metro cubo;35.0;V;
25/10/2015;06:00;13;001272;805;Torino - Rebaudengo;04;Biossido di azoto (NO2);23;microgrammi / metro cubo;34.0;V;
25/10/2015;07:00;13;001272;805;Torino - Rebaudengo;04;Biossido di azoto (NO2);23;microgrammi / metro cubo;35.0;V;
25/10/2015;08:00;13;001272;805;Torino - Rebaudengo;04;Biossido di azoto (NO2);23;microgrammi / metro cubo;37.0;V;
25/10/2015;09:00;13;001272;805;Torino - Rebaudengo;04;Biossido di azoto (NO2);23;microgrammi / metro cubo;49.0;V;
25/10/2015;10:00;13;001272;805;Torino - Rebaudengo;04;Biossido di azoto (NO2);23;microgrammi / metro cubo;58.0;V;
25/10/2015;11:00;13;001272;805;Torino - Rebaudengo;04;Biossido di azoto (NO2);23;microgrammi / metro cubo;76.0;V;
25/10/2015;12:00;13;001272;805;Torino - Rebaudengo;04;Biossido di azoto (NO2);23;microgrammi / metro cubo;88.0;V;
25/10/2015;13:00;13;001272;805;Torino - Rebaudengo;04;Biossido di azoto (NO2);23;microgrammi / metro cubo;97.0;V;
25/10/2015;14:00;13;001272;805;Torino - Rebaudengo;04;Biossido di azoto (NO2);23;microgrammi / metro cubo;93.0;V;
25/10/2015;15:00;13;001272;805;Torino - Rebaudengo;04;Biossido di azoto (NO2);23;microgrammi / metro cubo;91.0;V;
25/10/2015;16:00;13;001272;805;Torino - Rebaudengo;04;Biossido di azoto (NO2);23;microgrammi / metro cubo;96.0;V;
25/10/2015;17:00;13;001272;805;Torino - Rebaudengo;04;Biossido di azoto (NO2);23;microgrammi / metro cubo;106.0;V;
25/10/2015;18:00;13;001272;805;Torino - Rebaudengo;04;Biossido di azoto (NO2);23;microgrammi / metro cubo;142.0;V;
25/10/2015;19:00;13;001272;805;Torino - Rebaudengo;04;Biossido di azoto (NO2);23;microgrammi / metro cubo;140.0;V;
25/10/2015;20:00;13;001272;805;Torino - Rebaudengo;04;Biossido di azoto (NO2);23;microgrammi / metro cubo;108.0;V;
25/10/2015;21:00;13;001272;805;Torino - Rebaudengo;04;Biossido di azoto (NO2);23;microgrammi / metro cubo;99.0;V;
25/10/2015;22:00;13;001272;805;Torino - Rebaudengo;04;Biossido di azoto (NO2);23;microgrammi / metro cubo;83.0;V;
25/10/2015;23:00;13;001272;805;Torino - Rebaudengo;04;Biossido di azoto (NO2);23;microgrammi / metro cubo;73.0;V;
25/10/2015;23:59;13;001272;805;Torino - Rebaudengo;04;Biossido di azoto (NO2);23;microgrammi / metro cubo;58.0;V;
26/10/2015;01:00;13;001272;805;Torino - Rebaudengo;04;Biossido di azoto (NO2);23;microgrammi / metro cubo;48.0;V;
26/10/2015;02:00;13;001272;805;Torino - Rebaudengo;04;Biossido di azoto (NO2);23;microgrammi / metro cubo;43.0;V;
26/10/2015;03:00;13;001272;805;Torino - Rebaudengo;04;Biossido di azoto (NO2);23;microgrammi / metro cubo;41.0;V;
26/10/2015;04:00;13;001272;805;Torino - Rebaudengo;04;Biossido di azoto (NO2);23;microgrammi / metro cubo;36.0;V;
26/10/2015;05:00;13;001272;805;Torino - Rebaudengo;04;Biossido di azoto (NO2);23;microgrammi / metro cubo;35.0;V;
26/10/2015;06:00;13;001272;805;Torino - Rebaudengo;04;Biossido di azoto (NO2);23;microgrammi / metro cubo;43.0;V;
26/10/2015;07:00;13;001272;805;Torino - Rebaudengo;04;Biossido di azoto (NO2);23;microgrammi / metro cubo;51.0;V;
26/10/2015;08:00;13;001272;805;Torino - Rebaudengo;04;Biossido di azoto (NO2);23;microgrammi / metro cubo;61.0;V;
26/10/2015;09:00;13;001272;805;Torino - Rebaudengo;04;Biossido di azoto (NO2);23;microgrammi / metro cubo;97.0;V;
26/10/2015;10:00;13;001272;805;Torino - Rebaudengo;04;Biossido di azoto (NO2);23;microgrammi / metro cubo;128.0;V;
26/10/2015;11:00;13;001272;805;Torino - Rebaudengo;04;Biossido di azoto (NO2);23;microgrammi / metro cubo;113.0;V;
26/10/2015;12:00;13;001272;805;Torino - Rebaudengo;04;Biossido di azoto (NO2);23;microgrammi / metro cubo;110.0;V;
26/10/2015;13:00;13;001272;805;Torino - Rebaudengo;04;Biossido di azoto (NO2);23;microgrammi / metro cubo;93.0;V;
26/10/2015;14:00;13;001272;805;Torino - Rebaudengo;04;Biossido di azoto (NO2);23;microgrammi / metro cubo;91.0;V;
26/10/2015;15:00;13;001272;805;Torino - Rebaudengo;04;Biossido di azoto (NO2);23;microgrammi / metro cubo;85.0;V;
26/10/2015;16:00;13;001272;805;Torino - Rebaudengo;04;Biossido di azoto (NO2);23;microgrammi / metro cubo;77.0;V;
26/10/2015;17:00;13;001272;805;Torino - Rebaudengo;04;Biossido di azoto (NO2);23;microgrammi / metro cubo;105.0;V;
26/10/2015;18:00;13;001272;805;Torino - Rebaudengo;04;Biossido di azoto (NO2);23;microgrammi / metro cubo;134.0;V;
26/10/2015;19:00;13;001272;805;Torino - Rebaudengo;04;Biossido di azoto (NO2);23;microgrammi / metro cubo;140.0;V;
26/10/2015;20:00;13;001272;805;Torino - Rebaudengo;04;Biossido di azoto (NO2);23;microgrammi / metro cubo;144.0;V;
26/10/2015;21:00;13;001272;805;Torino - Rebaudengo;04;Biossido di azoto (NO2);23;microgrammi / metro cubo;107.0;V;
26/10/2015;22:00;13;001272;805;Torino - Rebaudengo;04;Biossido di azoto (NO2);23;microgrammi / metro cubo;83.0;V;
26/10/2015;23:00;13;001272;805;Torino - Rebaudengo;04;Biossido di azoto (NO2);23;microgrammi / metro cubo;80.0;V;
26/10/2015;23:59;13;001272;805;Torino - Rebaudengo;04;Biossido di azoto (NO2);23;microgrammi / metro cubo;62.0;V;
27/10/2015;01:00;13;001272;805;Torino - Rebaudengo;04;Biossido di azoto (NO2);23;microgrammi / metro cubo;62.0;V;
27/10/2015;02:00;13;001272;805;Torino - Rebaudengo;04;Biossido di azoto (NO2);23;microgrammi / metro cubo;54.0;V;
27/10/2015;03:00;13;001272;805;Torino - Rebaudengo;04;Biossido di azoto (NO2);23;microgrammi / metro cubo;42.0;V;
27/10/2015;04:00;13;001272;805;Torino - Rebaudengo;04;Biossido di azoto (NO2);23;microgrammi / metro cubo;40.0;V;
27/10/2015;05:00;13;001272;805;Torino - Rebaudengo;04;Biossido di azoto (NO2);23;microgrammi / metro cubo;37.0;V;
27/10/2015;06:00;13;001272;805;Torino - Rebaudengo;04;Biossido di azoto (NO2);23;microgrammi / metro cubo;41.0;V;
27/10/2015;07:00;13;001272;805;Torino - Rebaudengo;04;Biossido di azoto (NO2);23;microgrammi / metro cubo;49.0;V;
27/10/2015;08:00;13;001272;805;Torino - Rebaudengo;04;Biossido di azoto (NO2);23;microgrammi / metro cubo;78.0;V;
27/10/2015;09:00;13;001272;805;Torino - Rebaudengo;04;Biossido di azoto (NO2);23;microgrammi / metro cubo;102.0;V;
27/10/2015;10:00;13;001272;805;Torino - Rebaudengo;04;Biossido di azoto (NO2);23;microgrammi / metro cubo;96.0;V;
27/10/2015;11:00;13;001272;805;Torino - Rebaudengo;04;Biossido di azoto (NO2);23;microgrammi / metro cubo;88.0;V;
27/10/2015;12:00;13;001272;805;Torino - Rebaudengo;04;Biossido di azoto (NO2);23;microgrammi / metro cubo;105.0;V;
27/10/2015;13:00;13;001272;805;Torino - Rebaudengo;04;Biossido di azoto (NO2);23;microgrammi / metro cubo;110.0;V;
27/10/2015;14:00;13;001272;805;Torino - Rebaudengo;04;Biossido di azoto (NO2);23;microgrammi / metro cubo;100.0;V;
27/10/2015;15:00;13;001272;805;Torino - Rebaudengo;04;Biossido di azoto (NO2);23;microgrammi / metro cubo;106.0;V;
27/10/2015;16:00;13;001272;805;Torino - Rebaudengo;04;Biossido di azoto (NO2);23;microgrammi / metro cubo;98.0;V;
27/10/2015;17:00;13;001272;805;Torino - Rebaudengo;04;Biossido di azoto (NO2);23;microgrammi / metro cubo;101.0;V;
27/10/2015;18:00;13;001272;805;Torino - Rebaudengo;04;Biossido di azoto (NO2);23;microgrammi / metro cubo;112.0;V;
27/10/2015;19:00;13;001272;805;Torino - Rebaudengo;04;Biossido di azoto (NO2);23;microgrammi / metro cubo;114.0;V;
27/10/2015;20:00;13;001272;805;Torino - Rebaudengo;04;Biossido di azoto (NO2);23;microgrammi / metro cubo;111.0;V;
27/10/2015;21:00;13;001272;805;Torino - Rebaudengo;04;Biossido di azoto (NO2);23;microgrammi / metro cubo;106.0;V;
27/10/2015;22:00;13;001272;805;Torino - Rebaudengo;04;Biossido di azoto (NO2);23;microgrammi / metro cubo;99.0;V;
27/10/2015;23:00;13;001272;805;Torino - Rebaudengo;04;Biossido di azoto (NO2);23;microgrammi / metro cubo;74.0;V;
27/10/2015;23:59;13;001272;805;Torino - Rebaudengo;04;Biossido di azoto (NO2);23;microgrammi / metro cubo;84.0;V;
28/10/2015;01:00;13;001272;805;Torino - Rebaudengo;04;Biossido di azoto (NO2);23;microgrammi / metro cubo;71.0;V;
28/10/2015;02:00;13;001272;805;Torino - Rebaudengo;04;Biossido di azoto (NO2);23;microgrammi / metro cubo;57.0;V;
28/10/2015;03:00;13;001272;805;Torino - Rebaudengo;04;Biossido di azoto (NO2);23;microgrammi / metro cubo;52.0;V;
28/10/2015;04:00;13;001272;805;Torino - Rebaudengo;04;Biossido di azoto (NO2);23;microgrammi / metro cubo;45.0;V;
28/10/2015;05:00;13;001272;805;Torino - Rebaudengo;04;Biossido di azoto (NO2);23;microgrammi / metro cubo;44.0;V;
28/10/2015;06:00;13;001272;805;Torino - Rebaudengo;04;Biossido di azoto (NO2);23;microgrammi / metro cubo;52.0;V;
28/10/2015;07:00;13;001272;805;Torino - Rebaudengo;04;Biossido di azoto (NO2);23;microgrammi / metro cubo;60.0;V;
28/10/2015;08:00;13;001272;805;Torino - Rebaudengo;04;Biossido di azoto (NO2);23;microgrammi / metro cubo;68.0;V;
28/10/2015;09:00;13;001272;805;Torino - Rebaudengo;04;Biossido di azoto (NO2);23;microgrammi / metro cubo;75.0;V;
28/10/2015;10:00;13;001272;805;Torino - Rebaudengo;04;Biossido di azoto (NO2);23;microgrammi / metro cubo;69.0;V;
28/10/2015;11:00;13;001272;805;Torino - Rebaudengo;04;Biossido di azoto (NO2);23;microgrammi / metro cubo;80.0;V;
28/10/2015;12:00;13;001272;805;Torino - Rebaudengo;04;Biossido di azoto (NO2);23;microgrammi / metro cubo;76.0;V;
28/10/2015;13:00;13;001272;805;Torino - Rebaudengo;04;Biossido di azoto (NO2);23;microgrammi / metro cubo;72.0;V;
28/10/2015;14:00;13;001272;805;Torino - Rebaudengo;04;Biossido di azoto (NO2);23;microgrammi / metro cubo;66.0;V;
28/10/2015;15:00;13;001272;805;Torino - Rebaudengo;04;Biossido di azoto (NO2);23;microgrammi / metro cubo;68.0;V;
28/10/2015;16:00;13;001272;805;Torino - Rebaudengo;04;Biossido di azoto (NO2);23;microgrammi / metro cubo;70.0;V;
28/10/2015;17:00;13;001272;805;Torino - Rebaudengo;04;Biossido di azoto (NO2);23;microgrammi / metro cubo;66.0;V;
28/10/2015;18:00;13;001272;805;Torino - Rebaudengo;04;Biossido di azoto (NO2);23;microgrammi / metro cubo;65.0;V;
28/10/2015;19:00;13;001272;805;Torino - Rebaudengo;04;Biossido di azoto (NO2);23;microgrammi / metro cubo;58.0;V;
28/10/2015;20:00;13;001272;805;Torino - Rebaudengo;04;Biossido di azoto (NO2);23;microgrammi / metro cubo;61.0;V;
28/10/2015;21:00;13;001272;805;Torino - Rebaudengo;04;Biossido di azoto (NO2);23;microgrammi / metro cubo;53.0;V;
28/10/2015;22:00;13;001272;805;Torino - Rebaudengo;04;Biossido di azoto (NO2);23;microgrammi / metro cubo;52.0;V;
28/10/2015;23:00;13;001272;805;Torino - Rebaudengo;04;Biossido di azoto (NO2);23;microgrammi / metro cubo;56.0;V;
28/10/2015;23:59;13;001272;805;Torino - Rebaudengo;04;Biossido di azoto (NO2);23;microgrammi / metro cubo;61.0;V;
29/10/2015;01:00;13;001272;805;Torino - Rebaudengo;04;Biossido di azoto (NO2);23;microgrammi / metro cubo;45.0;V;
29/10/2015;02:00;13;001272;805;Torino - Rebaudengo;04;Biossido di azoto (NO2);23;microgrammi / metro cubo;40.0;V;
29/10/2015;03:00;13;001272;805;Torino - Rebaudengo;04;Biossido di azoto (NO2);23;microgrammi / metro cubo;30.0;V;
29/10/2015;04:00;13;001272;805;Torino - Rebaudengo;04;Biossido di azoto (NO2);23;microgrammi / metro cubo;28.0;V;
29/10/2015;05:00;13;001272;805;Torino - Rebaudengo;04;Biossido di azoto (NO2);23;microgrammi / metro cubo;34.0;V;
29/10/2015;06:00;13;001272;805;Torino - Rebaudengo;04;Biossido di azoto (NO2);23;microgrammi / metro cubo;51.0;V;
29/10/2015;07:00;13;001272;805;Torino - Rebaudengo;04;Biossido di azoto (NO2);23;microgrammi / metro cubo;70.0;V;
29/10/2015;08:00;13;001272;805;Torino - Rebaudengo;04;Biossido di azoto (NO2);23;microgrammi / metro cubo;84.0;V;
29/10/2015;09:00;13;001272;805;Torino - Rebaudengo;04;Biossido di azoto (NO2);23;microgrammi / metro cubo;91.0;V;
29/10/2015;10:00;13;001272;805;Torino - Rebaudengo;04;Biossido di azoto (NO2);23;microgrammi / metro cubo;87.0;V;
29/10/2015;11:00;13;001272;805;Torino - Rebaudengo;04;Biossido di azoto (NO2);23;microgrammi / metro cubo;85.0;V;
29/10/2015;12:00;13;001272;805;Torino - Rebaudengo;04;Biossido di azoto (NO2);23;microgrammi / metro cubo;81.0;V;
29/10/2015;13:00;13;001272;805;Torino - Rebaudengo;04;Biossido di azoto (NO2);23;microgrammi / metro cubo;67.0;V;
29/10/2015;14:00;13;001272;805;Torino - Rebaudengo;04;Biossido di azoto (NO2);23;microgrammi / metro cubo;58.0;V;
29/10/2015;15:00;13;001272;805;Torino - Rebaudengo;04;Biossido di azoto (NO2);23;microgrammi / metro cubo;57.0;V;
29/10/2015;16:00;13;001272;805;Torino - Rebaudengo;04;Biossido di azoto (NO2);23;microgrammi / metro cubo;66.0;V;
29/10/2015;17:00;13;001272;805;Torino - Rebaudengo;04;Biossido di azoto (NO2);23;microgrammi / metro cubo;68.0;V;
29/10/2015;18:00;13;001272;805;Torino - Rebaudengo;04;Biossido di azoto (NO2);23;microgrammi / metro cubo;77.0;V;
29/10/2015;19:00;13;001272;805;Torino - Rebaudengo;04;Biossido di azoto (NO2);23;microgrammi / metro cubo;87.0;V;
29/10/2015;20:00;13;001272;805;Torino - Rebaudengo;04;Biossido di azoto (NO2);23;microgrammi / metro cubo;80.0;V;
29/10/2015;21:00;13;001272;805;Torino - Rebaudengo;04;Biossido di azoto (NO2);23;microgrammi / metro cubo;67.0;V;
29/10/2015;22:00;13;001272;805;Torino - Rebaudengo;04;Biossido di azoto (NO2);23;microgrammi / metro cubo;53.0;V;
29/10/2015;23:00;13;001272;805;Torino - Rebaudengo;04;Biossido di azoto (NO2);23;microgrammi / metro cubo;54.0;V;
29/10/2015;23:59;13;001272;805;Torino - Rebaudengo;04;Biossido di azoto (NO2);23;microgrammi / metro cubo;49.0;V;
30/10/2015;01:00;13;001272;805;Torino - Rebaudengo;04;Biossido di azoto (NO2);23;microgrammi / metro cubo;41.0;V;
30/10/2015;02:00;13;001272;805;Torino - Rebaudengo;04;Biossido di azoto (NO2);23;microgrammi / metro cubo;33.0;V;
30/10/2015;03:00;13;001272;805;Torino - Rebaudengo;04;Biossido di azoto (NO2);23;microgrammi / metro cubo;35.0;V;
30/10/2015;04:00;13;001272;805;Torino - Rebaudengo;04;Biossido di azoto (NO2);23;microgrammi / metro cubo;27.0;V;
30/10/2015;05:00;13;001272;805;Torino - Rebaudengo;04;Biossido di azoto (NO2);23;microgrammi / metro cubo;29.0;V;
30/10/2015;06:00;13;001272;805;Torino - Rebaudengo;04;Biossido di azoto (NO2);23;microgrammi / metro cubo;48.0;V;
30/10/2015;07:00;13;001272;805;Torino - Rebaudengo;04;Biossido di azoto (NO2);23;microgrammi / metro cubo;52.0;V;
30/10/2015;08:00;13;001272;805;Torino - Rebaudengo;04;Biossido di azoto (NO2);23;microgrammi / metro cubo;69.0;V;
30/10/2015;09:00;13;001272;805;Torino - Rebaudengo;04;Biossido di azoto (NO2);23;microgrammi / metro cubo;108.0;V;
30/10/2015;10:00;13;001272;805;Torino - Rebaudengo;04;Biossido di azoto (NO2);23;microgrammi / metro cubo;94.0;V;
30/10/2015;11:00;13;001272;805;Torino - Rebaudengo;04;Biossido di azoto (NO2);23;microgrammi / metro cubo;89.0;V;
30/10/2015;12:00;13;001272;805;Torino - Rebaudengo;04;Biossido di azoto (NO2);23;microgrammi / metro cubo;78.0;V;
30/10/2015;13:00;13;001272;805;Torino - Rebaudengo;04;Biossido di azoto (NO2);23;microgrammi / metro cubo;80.0;V;
30/10/2015;14:00;13;001272;805;Torino - Rebaudengo;04;Biossido di azoto (NO2);23;microgrammi / metro cubo;72.0;V;
30/10/2015;15:00;13;001272;805;Torino - Rebaudengo;04;Biossido di azoto (NO2);23;microgrammi / metro cubo;88.0;V;
30/10/2015;16:00;13;001272;805;Torino - Rebaudengo;04;Biossido di azoto (NO2);23;microgrammi / metro cubo;75.0;V;
30/10/2015;17:00;13;001272;805;Torino - Rebaudengo;04;Biossido di azoto (NO2);23;microgrammi / metro cubo;96.0;V;
30/10/2015;18:00;13;001272;805;Torino - Rebaudengo;04;Biossido di azoto (NO2);23;microgrammi / metro cubo;99.0;V;
30/10/2015;19:00;13;001272;805;Torino - Rebaudengo;04;Biossido di azoto (NO2);23;microgrammi / metro cubo;158.0;V;
30/10/2015;20:00;13;001272;805;Torino - Rebaudengo;04;Biossido di azoto (NO2);23;microgrammi / metro cubo;117.0;V;
30/10/2015;21:00;13;001272;805;Torino - Rebaudengo;04;Biossido di azoto (NO2);23;microgrammi / metro cubo;74.0;V;
30/10/2015;22:00;13;001272;805;Torino - Rebaudengo;04;Biossido di azoto (NO2);23;microgrammi / metro cubo;68.0;V;
30/10/2015;23:00;13;001272;805;Torino - Rebaudengo;04;Biossido di azoto (NO2);23;microgrammi / metro cubo;60.0;V;
30/10/2015;23:59;13;001272;805;Torino - Rebaudengo;04;Biossido di azoto (NO2);23;microgrammi / metro cubo;54.0;V;
31/10/2015;01:00;13;001272;805;Torino - Rebaudengo;04;Biossido di azoto (NO2);23;microgrammi / metro cubo;54.0;V;
31/10/2015;02:00;13;001272;805;Torino - Rebaudengo;04;Biossido di azoto (NO2);23;microgrammi / metro cubo;42.0;V;
31/10/2015;03:00;13;001272;805;Torino - Rebaudengo;04;Biossido di azoto (NO2);23;microgrammi / metro cubo;46.0;V;
31/10/2015;04:00;13;001272;805;Torino - Rebaudengo;04;Biossido di azoto (NO2);23;microgrammi / metro cubo;39.0;V;
31/10/2015;05:00;13;001272;805;Torino - Rebaudengo;04;Biossido di azoto (NO2);23;microgrammi / metro cubo;38.0;V;
31/10/2015;06:00;13;001272;805;Torino - Rebaudengo;04;Biossido di azoto (NO2);23;microgrammi / metro cubo;52.0;V;
31/10/2015;07:00;13;001272;805;Torino - Rebaudengo;04;Biossido di azoto (NO2);23;microgrammi / metro cubo;44.0;V;
31/10/2015;08:00;13;001272;805;Torino - Rebaudengo;04;Biossido di azoto (NO2);23;microgrammi / metro cubo;54.0;V;
31/10/2015;09:00;13;001272;805;Torino - Rebaudengo;04;Biossido di azoto (NO2);23;microgrammi / metro cubo;56.0;V;
31/10/2015;10:00;13;001272;805;Torino - Rebaudengo;04;Biossido di azoto (NO2);23;microgrammi / metro cubo;64.0;V;
31/10/2015;11:00;13;001272;805;Torino - Rebaudengo;04;Biossido di azoto (NO2);23;microgrammi / metro cubo;63.0;V;
31/10/2015;12:00;13;001272;805;Torino - Rebaudengo;04;Biossido di azoto (NO2);23;microgrammi / metro cubo;53.0;V;
31/10/2015;13:00;13;001272;805;Torino - Rebaudengo;04;Biossido di azoto (NO2);23;microgrammi / metro cubo;57.0;V;
31/10/2015;14:00;13;001272;805;Torino - Rebaudengo;04;Biossido di azoto (NO2);23;microgrammi / metro cubo;53.0;V;
31/10/2015;15:00;13;001272;805;Torino - Rebaudengo;04;Biossido di azoto (NO2);23;microgrammi / metro cubo;47.0;V;
31/10/2015;16:00;13;001272;805;Torino - Rebaudengo;04;Biossido di azoto (NO2);23;microgrammi / metro cubo;60.0;V;
31/10/2015;17:00;13;001272;805;Torino - Rebaudengo;04;Biossido di azoto (NO2);23;microgrammi / metro cubo;60.0;V;
31/10/2015;18:00;13;001272;805;Torino - Rebaudengo;04;Biossido di azoto (NO2);23;microgrammi / metro cubo;94.0;V;
31/10/2015;19:00;13;001272;805;Torino - Rebaudengo;04;Biossido di azoto (NO2);23;microgrammi / metro cubo;121.0;V;
31/10/2015;20:00;13;001272;805;Torino - Rebaudengo;04;Biossido di azoto (NO2);23;microgrammi / metro cubo;114.0;V;
31/10/2015;21:00;13;001272;805;Torino - Rebaudengo;04;Biossido di azoto (NO2);23;microgrammi / metro cubo;119.0;V;
31/10/2015;22:00;13;001272;805;Torino - Rebaudengo;04;Biossido di azoto (NO2);23;microgrammi / metro cubo;87.0;V;
31/10/2015;23:00;13;001272;805;Torino - Rebaudengo;04;Biossido di azoto (NO2);23;microgrammi / metro cubo;78.0;V;
31/10/2015;23:59;13;001272;805;Torino - Rebaudengo;04;Biossido di azoto (NO2);23;microgrammi / metro cubo;54.0;V;
01/11/2015;01:00;13;001272;805;Torino - Rebaudengo;04;Biossido di azoto (NO2);23;microgrammi / metro cubo;66.0;V;
01/11/2015;02:00;13;001272;805;Torino - Rebaudengo;04;Biossido di azoto (NO2);23;microgrammi / metro cubo;52.0;V;
01/11/2015;03:00;13;001272;805;Torino - Rebaudengo;04;Biossido di azoto (NO2);23;microgrammi / metro cubo;40.0;V;
01/11/2015;04:00;13;001272;805;Torino - Rebaudengo;04;Biossido di azoto (NO2);23;microgrammi / metro cubo;32.0;V;
01/11/2015;05:00;13;001272;805;Torino - Rebaudengo;04;Biossido di azoto (NO2);23;microgrammi / metro cubo;34.0;V;
01/11/2015;06:00;13;001272;805;Torino - Rebaudengo;04;Biossido di azoto (NO2);23;microgrammi / metro cubo;34.0;V;
01/11/2015;07:00;13;001272;805;Torino - Rebaudengo;04;Biossido di azoto (NO2);23;microgrammi / metro cubo;30.0;V;
01/11/2015;08:00;13;001272;805;Torino - Rebaudengo;04;Biossido di azoto (NO2);23;microgrammi / metro cubo;41.0;V;
01/11/2015;09:00;13;001272;805;Torino - Rebaudengo;04;Biossido di azoto (NO2);23;microgrammi / metro cubo;42.0;V;
01/11/2015;10:00;13;001272;805;Torino - Rebaudengo;04;Biossido di azoto (NO2);23;microgrammi / metro cubo;46.0;V;
01/11/2015;11:00;13;001272;805;Torino - Rebaudengo;04;Biossido di azoto (NO2);23;microgrammi / metro cubo;49.0;V;
01/11/2015;12:00;13;001272;805;Torino - Rebaudengo;04;Biossido di azoto (NO2);23;microgrammi / metro cubo;45.0;V;
01/11/2015;13:00;13;001272;805;Torino - Rebaudengo;04;Biossido di azoto (NO2);23;microgrammi / metro cubo;51.0;V;
01/11/2015;14:00;13;001272;805;Torino - Rebaudengo;04;Biossido di azoto (NO2);23;microgrammi / metro cubo;50.0;V;
01/11/2015;15:00;13;001272;805;Torino - Rebaudengo;04;Biossido di azoto (NO2);23;microgrammi / metro cubo;48.0;V;
01/11/2015;16:00;13;001272;805;Torino - Rebaudengo;04;Biossido di azoto (NO2);23;microgrammi / metro cubo;73.0;V;
01/11/2015;17:00;13;001272;805;Torino - Rebaudengo;04;Biossido di azoto (NO2);23;microgrammi / metro cubo;96.0;V;
01/11/2015;18:00;13;001272;805;Torino - Rebaudengo;04;Biossido di azoto (NO2);23;microgrammi / metro cubo;112.0;V;
01/11/2015;19:00;13;001272;805;Torino - Rebaudengo;04;Biossido di azoto (NO2);23;microgrammi / metro cubo;138.0;V;
01/11/2015;20:00;13;001272;805;Torino - Rebaudengo;04;Biossido di azoto (NO2);23;microgrammi / metro cubo;108.0;V;
01/11/2015;21:00;13;001272;805;Torino - Rebaudengo;04;Biossido di azoto (NO2);23;microgrammi / metro cubo;85.0;V;
01/11/2015;22:00;13;001272;805;Torino - Rebaudengo;04;Biossido di azoto (NO2);23;microgrammi / metro cubo;74.0;V;
01/11/2015;23:00;13;001272;805;Torino - Rebaudengo;04;Biossido di azoto (NO2);23;microgrammi / metro cubo;72.0;V;
01/11/2015;23:59;13;001272;805;Torino - Rebaudengo;04;Biossido di azoto (NO2);23;microgrammi / metro cubo;67.0;V;
02/11/2015;01:00;13;001272;805;Torino - Rebaudengo;04;Biossido di azoto (NO2);23;microgrammi / metro cubo;54.0;V;
02/11/2015;02:00;13;001272;805;Torino - Rebaudengo;04;Biossido di azoto (NO2);23;microgrammi / metro cubo;49.0;V;
02/11/2015;03:00;13;001272;805;Torino - Rebaudengo;04;Biossido di azoto (NO2);23;microgrammi / metro cubo;42.0;V;
02/11/2015;04:00;13;001272;805;Torino - Rebaudengo;04;Biossido di azoto (NO2);23;microgrammi / metro cubo;38.0;V;
02/11/2015;05:00;13;001272;805;Torino - Rebaudengo;04;Biossido di azoto (NO2);23;microgrammi / metro cubo;34.0;V;
02/11/2015;06:00;13;001272;805;Torino - Rebaudengo;04;Biossido di azoto (NO2);23;microgrammi / metro cubo;40.0;V;
02/11/2015;07:00;13;001272;805;Torino - Rebaudengo;04;Biossido di azoto (NO2);23;microgrammi / metro cubo;54.0;V;
02/11/2015;08:00;13;001272;805;Torino - Rebaudengo;04;Biossido di azoto (NO2);23;microgrammi / metro cubo;86.0;V;
02/11/2015;09:00;13;001272;805;Torino - Rebaudengo;04;Biossido di azoto (NO2);23;microgrammi / metro cubo;81.0;V;
02/11/2015;10:00;13;001272;805;Torino - Rebaudengo;04;Biossido di azoto (NO2);23;microgrammi / metro cubo;85.0;V;
02/11/2015;11:00;13;001272;805;Torino - Rebaudengo;04;Biossido di azoto (NO2);23;microgrammi / metro cubo;82.0;V;
02/11/2015;12:00;13;001272;805;Torino - Rebaudengo;04;Biossido di azoto (NO2);23;microgrammi / metro cubo;72.0;V;
02/11/2015;13:00;13;001272;805;Torino - Rebaudengo;04;Biossido di azoto (NO2);23;microgrammi / metro cubo;86.0;V;
02/11/2015;14:00;13;001272;805;Torino - Rebaudengo;04;Biossido di azoto (NO2);23;microgrammi / metro cubo;74.0;V;
02/11/2015;15:00;13;001272;805;Torino - Rebaudengo;04;Biossido di azoto (NO2);23;microgrammi / metro cubo;86.0;V;
02/11/2015;16:00;13;001272;805;Torino - Rebaudengo;04;Biossido di azoto (NO2);23;microgrammi / metro cubo;98.0;V;
02/11/2015;17:00;13;001272;805;Torino - Rebaudengo;04;Biossido di azoto (NO2);23;microgrammi / metro cubo;102.0;V;
02/11/2015;18:00;13;001272;805;Torino - Rebaudengo;04;Biossido di azoto (NO2);23;microgrammi / metro cubo;155.0;V;
02/11/2015;19:00;13;001272;805;Torino - Rebaudengo;04;Biossido di azoto (NO2);23;microgrammi / metro cubo;158.0;V;
02/11/2015;20:00;13;001272;805;Torino - Rebaudengo;04;Biossido di azoto (NO2);23;microgrammi / metro cubo;150.0;V;
02/11/2015;21:00;13;001272;805;Torino - Rebaudengo;04;Biossido di azoto (NO2);23;microgrammi / metro cubo;92.0;V;
02/11/2015;22:00;13;001272;805;Torino - Rebaudengo;04;Biossido di azoto (NO2);23;microgrammi / metro cubo;85.0;V;
02/11/2015;23:00;13;001272;805;Torino - Rebaudengo;04;Biossido di azoto (NO2);23;microgrammi / metro cubo;75.0;V;
02/11/2015;23:59;13;001272;805;Torino - Rebaudengo;04;Biossido di azoto (NO2);23;microgrammi / metro cubo;63.0;V;
03/11/2015;01:00;13;001272;805;Torino - Rebaudengo;04;Biossido di azoto (NO2);23;microgrammi / metro cubo;58.0;V;
03/11/2015;02:00;13;001272;805;Torino - Rebaudengo;04;Biossido di azoto (NO2);23;microgrammi / metro cubo;49.0;V;
03/11/2015;03:00;13;001272;805;Torino - Rebaudengo;04;Biossido di azoto (NO2);23;microgrammi / metro cubo;46.0;V;
03/11/2015;04:00;13;001272;805;Torino - Rebaudengo;04;Biossido di azoto (NO2);23;microgrammi / metro cubo;38.0;V;
03/11/2015;05:00;13;001272;805;Torino - Rebaudengo;04;Biossido di azoto (NO2);23;microgrammi / metro cubo;37.0;V;
03/11/2015;06:00;13;001272;805;Torino - Rebaudengo;04;Biossido di azoto (NO2);23;microgrammi / metro cubo;38.0;V;
03/11/2015;07:00;13;001272;805;Torino - Rebaudengo;04;Biossido di azoto (NO2);23;microgrammi / metro cubo;53.0;V;
03/11/2015;08:00;13;001272;805;Torino - Rebaudengo;04;Biossido di azoto (NO2);23;microgrammi / metro cubo;68.0;V;
03/11/2015;09:00;13;001272;805;Torino - Rebaudengo;04;Biossido di azoto (NO2);23;microgrammi / metro cubo;78.0;V;
03/11/2015;10:00;13;001272;805;Torino - Rebaudengo;04;Biossido di azoto (NO2);23;microgrammi / metro cubo;96.0;V;
03/11/2015;11:00;13;001272;805;Torino - Rebaudengo;04;Biossido di azoto (NO2);23;microgrammi / metro cubo;85.0;V;
03/11/2015;12:00;13;001272;805;Torino - Rebaudengo;04;Biossido di azoto (NO2);23;microgrammi / metro cubo;79.0;V;
03/11/2015;13:00;13;001272;805;Torino - Rebaudengo;04;Biossido di azoto (NO2);23;microgrammi / metro cubo;85.0;V;
03/11/2015;14:00;13;001272;805;Torino - Rebaudengo;04;Biossido di azoto (NO2);23;microgrammi / metro cubo;85.0;V;
03/11/2015;15:00;13;001272;805;Torino - Rebaudengo;04;Biossido di azoto (NO2);23;microgrammi / metro cubo;93.0;V;
03/11/2015;16:00;13;001272;805;Torino - Rebaudengo;04;Biossido di azoto (NO2);23;microgrammi / metro cubo;90.0;V;
03/11/2015;17:00;13;001272;805;Torino - Rebaudengo;04;Biossido di azoto (NO2);23;microgrammi / metro cubo;101.0;V;
03/11/2015;18:00;13;001272;805;Torino - Rebaudengo;04;Biossido di azoto (NO2);23;microgrammi / metro cubo;110.0;V;
03/11/2015;19:00;13;001272;805;Torino - Rebaudengo;04;Biossido di azoto (NO2);23;microgrammi / metro cubo;118.0;V;
03/11/2015;20:00;13;001272;805;Torino - Rebaudengo;04;Biossido di azoto (NO2);23;microgrammi / metro cubo;106.0;V;
03/11/2015;21:00;13;001272;805;Torino - Rebaudengo;04;Biossido di azoto (NO2);23;microgrammi / metro cubo;108.0;V;
03/11/2015;22:00;13;001272;805;Torino - Rebaudengo;04;Biossido di azoto (NO2);23;microgrammi / metro cubo;107.0;V;
03/11/2015;23:00;13;001272;805;Torino - Rebaudengo;04;Biossido di azoto (NO2);23;microgrammi / metro cubo;104.0;V;
03/11/2015;23:59;13;001272;805;Torino - Rebaudengo;04;Biossido di azoto (NO2);23;microgrammi / metro cubo;96.0;V;
04/11/2015;01:00;13;001272;805;Torino - Rebaudengo;04;Biossido di azoto (NO2);23;microgrammi / metro cubo;73.0;V;
04/11/2015;02:00;13;001272;805;Torino - Rebaudengo;04;Biossido di azoto (NO2);23;microgrammi / metro cubo;53.0;V;
04/11/2015;03:00;13;001272;805;Torino - Rebaudengo;04;Biossido di azoto (NO2);23;microgrammi / metro cubo;46.0;V;
04/11/2015;04:00;13;001272;805;Torino - Rebaudengo;04;Biossido di azoto (NO2);23;microgrammi / metro cubo;37.0;V;
04/11/2015;05:00;13;001272;805;Torino - Rebaudengo;04;Biossido di azoto (NO2);23;microgrammi / metro cubo;42.0;V;
04/11/2015;06:00;13;001272;805;Torino - Rebaudengo;04;Biossido di azoto (NO2);23;microgrammi / metro cubo;50.0;V;
04/11/2015;07:00;13;001272;805;Torino - Rebaudengo;04;Biossido di azoto (NO2);23;microgrammi / metro cubo;69.0;V;
04/11/2015;08:00;13;001272;805;Torino - Rebaudengo;04;Biossido di azoto (NO2);23;microgrammi / metro cubo;83.0;V;
04/11/2015;09:00;13;001272;805;Torino - Rebaudengo;04;Biossido di azoto (NO2);23;microgrammi / metro cubo;99.0;V;
04/11/2015;10:00;13;001272;805;Torino - Rebaudengo;04;Biossido di azoto (NO2);23;microgrammi / metro cubo;99.0;V;
04/11/2015;11:00;13;001272;805;Torino - Rebaudengo;04;Biossido di azoto (NO2);23;microgrammi / metro cubo;88.0;V;
04/11/2015;12:00;13;001272;805;Torino - Rebaudengo;04;Biossido di azoto (NO2);23;microgrammi / metro cubo;89.0;V;
04/11/2015;13:00;13;001272;805;Torino - Rebaudengo;04;Biossido di azoto (NO2);23;microgrammi / metro cubo;86.0;V;
04/11/2015;14:00;13;001272;805;Torino - Rebaudengo;04;Biossido di azoto (NO2);23;microgrammi / metro cubo;79.0;V;
04/11/2015;15:00;13;001272;805;Torino - Rebaudengo;04;Biossido di azoto (NO2);23;microgrammi / metro cubo;81.0;V;
04/11/2015;16:00;13;001272;805;Torino - Rebaudengo;04;Biossido di azoto (NO2);23;microgrammi / metro cubo;96.0;V;
04/11/2015;17:00;13;001272;805;Torino - Rebaudengo;04;Biossido di azoto (NO2);23;microgrammi / metro cubo;113.0;V;
04/11/2015;18:00;13;001272;805;Torino - Rebaudengo;04;Biossido di azoto (NO2);23;microgrammi / metro cubo;185.0;V;
04/11/2015;19:00;13;001272;805;Torino - Rebaudengo;04;Biossido di azoto (NO2);23;microgrammi / metro cubo;169.0;V;
04/11/2015;20:00;13;001272;805;Torino - Rebaudengo;04;Biossido di azoto (NO2);23;microgrammi / metro cubo;181.0;V;
04/11/2015;21:00;13;001272;805;Torino - Rebaudengo;04;Biossido di azoto (NO2);23;microgrammi / metro cubo;132.0;V;
04/11/2015;22:00;13;001272;805;Torino - Rebaudengo;04;Biossido di azoto (NO2);23;microgrammi / metro cubo;102.0;V;
04/11/2015;23:00;13;001272;805;Torino - Rebaudengo;04;Biossido di azoto (NO2);23;microgrammi / metro cubo;75.0;V;
04/11/2015;23:59;13;001272;805;Torino - Rebaudengo;04;Biossido di azoto (NO2);23;microgrammi / metro cubo;75.0;V;
05/11/2015;01:00;13;001272;805;Torino - Rebaudengo;04;Biossido di azoto (NO2);23;microgrammi / metro cubo;79.0;V;
05/11/2015;02:00;13;001272;805;Torino - Rebaudengo;04;Biossido di azoto (NO2);23;microgrammi / metro cubo;66.0;V;
05/11/2015;03:00;13;001272;805;Torino - Rebaudengo;04;Biossido di azoto (NO2);23;microgrammi / metro cubo;65.0;V;
05/11/2015;04:00;13;001272;805;Torino - Rebaudengo;04;Biossido di azoto (NO2);23;microgrammi / metro cubo;41.0;V;
05/11/2015;05:00;13;001272;805;Torino - Rebaudengo;04;Biossido di azoto (NO2);23;microgrammi / metro cubo;49.0;V;
05/11/2015;06:00;13;001272;805;Torino - Rebaudengo;04;Biossido di azoto (NO2);23;microgrammi / metro cubo;46.0;V;
05/11/2015;07:00;13;001272;805;Torino - Rebaudengo;04;Biossido di azoto (NO2);23;microgrammi / metro cubo;67.0;V;
05/11/2015;08:00;13;001272;805;Torino - Rebaudengo;04;Biossido di azoto (NO2);23;microgrammi / metro cubo;87.0;V;
05/11/2015;09:00;13;001272;805;Torino - Rebaudengo;04;Biossido di azoto (NO2);23;microgrammi / metro cubo;158.0;V;
05/11/2015;10:00;13;001272;805;Torino - Rebaudengo;04;Biossido di azoto (NO2);23;microgrammi / metro cubo;153.0;V;
05/11/2015;11:00;13;001272;805;Torino - Rebaudengo;04;Biossido di azoto (NO2);23;microgrammi / metro cubo;138.0;V;
05/11/2015;12:00;13;001272;805;Torino - Rebaudengo;04;Biossido di azoto (NO2);23;microgrammi / metro cubo;125.0;V;
05/11/2015;13:00;13;001272;805;Torino - Rebaudengo;04;Biossido di azoto (NO2);23;microgrammi / metro cubo;92.0;V;
05/11/2015;14:00;13;001272;805;Torino - Rebaudengo;04;Biossido di azoto (NO2);23;microgrammi / metro cubo;86.0;V;
05/11/2015;15:00;13;001272;805;Torino - Rebaudengo;04;Biossido di azoto (NO2);23;microgrammi / metro cubo;96.0;V;
05/11/2015;16:00;13;001272;805;Torino - Rebaudengo;04;Biossido di azoto (NO2);23;microgrammi / metro cubo;90.0;V;
05/11/2015;17:00;13;001272;805;Torino - Rebaudengo;04;Biossido di azoto (NO2);23;microgrammi / metro cubo;104.0;V;
05/11/2015;18:00;13;001272;805;Torino - Rebaudengo;04;Biossido di azoto (NO2);23;microgrammi / metro cubo;144.0;V;
05/11/2015;19:00;13;001272;805;Torino - Rebaudengo;04;Biossido di azoto (NO2);23;microgrammi / metro cubo;189.0;V;
05/11/2015;20:00;13;001272;805;Torino - Rebaudengo;04;Biossido di azoto (NO2);23;microgrammi / metro cubo;155.0;V;
05/11/2015;21:00;13;001272;805;Torino - Rebaudengo;04;Biossido di azoto (NO2);23;microgrammi / metro cubo;103.0;V;
05/11/2015;22:00;13;001272;805;Torino - Rebaudengo;04;Biossido di azoto (NO2);23;microgrammi / metro cubo;97.0;V;
05/11/2015;23:00;13;001272;805;Torino - Rebaudengo;04;Biossido di azoto (NO2);23;microgrammi / metro cubo;87.0;V;
05/11/2015;23:59;13;001272;805;Torino - Rebaudengo;04;Biossido di azoto (NO2);23;microgrammi / metro cubo;71.0;V;
06/11/2015;01:00;13;001272;805;Torino - Rebaudengo;04;Biossido di azoto (NO2);23;microgrammi / metro cubo;66.0;V;
06/11/2015;02:00;13;001272;805;Torino - Rebaudengo;04;Biossido di azoto (NO2);23;microgrammi / metro cubo;55.0;V;
06/11/2015;03:00;13;001272;805;Torino - Rebaudengo;04;Biossido di azoto (NO2);23;microgrammi / metro cubo;55.0;V;
06/11/2015;04:00;13;001272;805;Torino - Rebaudengo;04;Biossido di azoto (NO2);23;microgrammi / metro cubo;48.0;V;
06/11/2015;05:00;13;001272;805;Torino - Rebaudengo;04;Biossido di azoto (NO2);23;microgrammi / metro cubo;46.0;V;
06/11/2015;06:00;13;001272;805;Torino - Rebaudengo;04;Biossido di azoto (NO2);23;microgrammi / metro cubo;55.0;V;
06/11/2015;07:00;13;001272;805;Torino - Rebaudengo;04;Biossido di azoto (NO2);23;microgrammi / metro cubo;66.0;V;
06/11/2015;08:00;13;001272;805;Torino - Rebaudengo;04;Biossido di azoto (NO2);23;microgrammi / metro cubo;85.0;V;
06/11/2015;09:00;13;001272;805;Torino - Rebaudengo;04;Biossido di azoto (NO2);23;microgrammi / metro cubo;144.0;V;
06/11/2015;10:00;13;001272;805;Torino - Rebaudengo;04;Biossido di azoto (NO2);23;microgrammi / metro cubo;130.0;V;
06/11/2015;11:00;13;001272;805;Torino - Rebaudengo;04;Biossido di azoto (NO2);23;microgrammi / metro cubo;112.0;V;
06/11/2015;12:00;13;001272;805;Torino - Rebaudengo;04;Biossido di azoto (NO2);23;microgrammi / metro cubo;98.0;V;
06/11/2015;13:00;13;001272;805;Torino - Rebaudengo;04;Biossido di azoto (NO2);23;microgrammi / metro cubo;90.0;V;
06/11/2015;14:00;13;001272;805;Torino - Rebaudengo;04;Biossido di azoto (NO2);23;microgrammi / metro cubo;85.0;V;
06/11/2015;15:00;13;001272;805;Torino - Rebaudengo;04;Biossido di azoto (NO2);23;microgrammi / metro cubo;83.0;V;
06/11/2015;16:00;13;001272;805;Torino - Rebaudengo;04;Biossido di azoto (NO2);23;microgrammi / metro cubo;89.0;V;
06/11/2015;17:00;13;001272;805;Torino - Rebaudengo;04;Biossido di azoto (NO2);23;microgrammi / metro cubo;131.0;V;
06/11/2015;18:00;13;001272;805;Torino - Rebaudengo;04;Biossido di azoto (NO2);23;microgrammi / metro cubo;194.0;V;
06/11/2015;19:00;13;001272;805;Torino - Rebaudengo;04;Biossido di azoto (NO2);23;microgrammi / metro cubo;222.0;V;
06/11/2015;20:00;13;001272;805;Torino - Rebaudengo;04;Biossido di azoto (NO2);23;microgrammi / metro cubo;164.0;V;
06/11/2015;21:00;13;001272;805;Torino - Rebaudengo;04;Biossido di azoto (NO2);23;microgrammi / metro cubo;115.0;V;
06/11/2015;22:00;13;001272;805;Torino - Rebaudengo;04;Biossido di azoto (NO2);23;microgrammi / metro cubo;94.0;V;
06/11/2015;23:00;13;001272;805;Torino - Rebaudengo;04;Biossido di azoto (NO2);23;microgrammi / metro cubo;81.0;V;
06/11/2015;23:59;13;001272;805;Torino - Rebaudengo;04;Biossido di azoto (NO2);23;microgrammi / metro cubo;82.0;V;
07/11/2015;01:00;13;001272;805;Torino - Rebaudengo;04;Biossido di azoto (NO2);23;microgrammi / metro cubo;61.0;V;
07/11/2015;02:00;13;001272;805;Torino - Rebaudengo;04;Biossido di azoto (NO2);23;microgrammi / metro cubo;58.0;V;
07/11/2015;03:00;13;001272;805;Torino - Rebaudengo;04;Biossido di azoto (NO2);23;microgrammi / metro cubo;54.0;V;
07/11/2015;04:00;13;001272;805;Torino - Rebaudengo;04;Biossido di azoto (NO2);23;microgrammi / metro cubo;54.0;V;
07/11/2015;05:00;13;001272;805;Torino - Rebaudengo;04;Biossido di azoto (NO2);23;microgrammi / metro cubo;50.0;V;
07/11/2015;06:00;13;001272;805;Torino - Rebaudengo;04;Biossido di azoto (NO2);23;microgrammi / metro cubo;48.0;V;
07/11/2015;07:00;13;001272;805;Torino - Rebaudengo;04;Biossido di azoto (NO2);23;microgrammi / metro cubo;53.0;V;
07/11/2015;08:00;13;001272;805;Torino - Rebaudengo;04;Biossido di azoto (NO2);23;microgrammi / metro cubo;72.0;V;
07/11/2015;09:00;13;001272;805;Torino - Rebaudengo;04;Biossido di azoto (NO2);23;microgrammi / metro cubo;81.0;V;
07/11/2015;10:00;13;001272;805;Torino - Rebaudengo;04;Biossido di azoto (NO2);23;microgrammi / metro cubo;98.0;V;
07/11/2015;11:00;13;001272;805;Torino - Rebaudengo;04;Biossido di azoto (NO2);23;microgrammi / metro cubo;111.0;V;
07/11/2015;12:00;13;001272;805;Torino - Rebaudengo;04;Biossido di azoto (NO2);23;microgrammi / metro cubo;99.0;V;
07/11/2015;13:00;13;001272;805;Torino - Rebaudengo;04;Biossido di azoto (NO2);23;microgrammi / metro cubo;91.0;V;
07/11/2015;14:00;13;001272;805;Torino - Rebaudengo;04;Biossido di azoto (NO2);23;microgrammi / metro cubo;87.0;V;
07/11/2015;15:00;13;001272;805;Torino - Rebaudengo;04;Biossido di azoto (NO2);23;microgrammi / metro cubo;89.0;V;
07/11/2015;16:00;13;001272;805;Torino - Rebaudengo;04;Biossido di azoto (NO2);23;microgrammi / metro cubo;100.0;V;
07/11/2015;17:00;13;001272;805;Torino - Rebaudengo;04;Biossido di azoto (NO2);23;microgrammi / metro cubo;138.0;V;
07/11/2015;18:00;13;001272;805;Torino - Rebaudengo;04;Biossido di azoto (NO2);23;microgrammi / metro cubo;190.0;V;
07/11/2015;19:00;13;001272;805;Torino - Rebaudengo;04;Biossido di azoto (NO2);23;microgrammi / metro cubo;163.0;V;
07/11/2015;20:00;13;001272;805;Torino - Rebaudengo;04;Biossido di azoto (NO2);23;microgrammi / metro cubo;133.0;V;
07/11/2015;21:00;13;001272;805;Torino - Rebaudengo;04;Biossido di azoto (NO2);23;microgrammi / metro cubo;105.0;V;
07/11/2015;22:00;13;001272;805;Torino - Rebaudengo;04;Biossido di azoto (NO2);23;microgrammi / metro cubo;97.0;V;
07/11/2015;23:00;13;001272;805;Torino - Rebaudengo;04;Biossido di azoto (NO2);23;microgrammi / metro cubo;71.0;V;
07/11/2015;23:59;13;001272;805;Torino - Rebaudengo;04;Biossido di azoto (NO2);23;microgrammi / metro cubo;71.0;V;
08/11/2015;01:00;13;001272;805;Torino - Rebaudengo;04;Biossido di azoto (NO2);23;microgrammi / metro cubo;72.0;V;
08/11/2015;02:00;13;001272;805;Torino - Rebaudengo;04;Biossido di azoto (NO2);23;microgrammi / metro cubo;84.0;V;
08/11/2015;03:00;13;001272;805;Torino - Rebaudengo;04;Biossido di azoto (NO2);23;microgrammi / metro cubo;54.0;V;
08/11/2015;04:00;13;001272;805;Torino - Rebaudengo;04;Biossido di azoto (NO2);23;microgrammi / metro cubo;51.0;V;
08/11/2015;05:00;13;001272;805;Torino - Rebaudengo;04;Biossido di azoto (NO2);23;microgrammi / metro cubo;55.0;V;
08/11/2015;06:00;13;001272;805;Torino - Rebaudengo;04;Biossido di azoto (NO2);23;microgrammi / metro cubo;47.0;V;
08/11/2015;07:00;13;001272;805;Torino - Rebaudengo;04;Biossido di azoto (NO2);23;microgrammi / metro cubo;51.0;V;
08/11/2015;08:00;13;001272;805;Torino - Rebaudengo;04;Biossido di azoto (NO2);23;microgrammi / metro cubo;42.0;V;
08/11/2015;09:00;13;001272;805;Torino - Rebaudengo;04;Biossido di azoto (NO2);23;microgrammi / metro cubo;50.0;V;
08/11/2015;10:00;13;001272;805;Torino - Rebaudengo;04;Biossido di azoto (NO2);23;microgrammi / metro cubo;71.0;V;
08/11/2015;11:00;13;001272;805;Torino - Rebaudengo;04;Biossido di azoto (NO2);23;microgrammi / metro cubo;98.0;V;
08/11/2015;12:00;13;001272;805;Torino - Rebaudengo;04;Biossido di azoto (NO2);23;microgrammi / metro cubo;108.0;V;
08/11/2015;13:00;13;001272;805;Torino - Rebaudengo;04;Biossido di azoto (NO2);23;microgrammi / metro cubo;103.0;V;
08/11/2015;14:00;13;001272;805;Torino - Rebaudengo;04;Biossido di azoto (NO2);23;microgrammi / metro cubo;80.0;V;
08/11/2015;15:00;13;001272;805;Torino - Rebaudengo;04;Biossido di azoto (NO2);23;microgrammi / metro cubo;80.0;V;
08/11/2015;16:00;13;001272;805;Torino - Rebaudengo;04;Biossido di azoto (NO2);23;microgrammi / metro cubo;93.0;V;
08/11/2015;17:00;13;001272;805;Torino - Rebaudengo;04;Biossido di azoto (NO2);23;microgrammi / metro cubo;165.0;V;
08/11/2015;18:00;13;001272;805;Torino - Rebaudengo;04;Biossido di azoto (NO2);23;microgrammi / metro cubo;222.0;V;
08/11/2015;19:00;13;001272;805;Torino - Rebaudengo;04;Biossido di azoto (NO2);23;microgrammi / metro cubo;158.0;V;
08/11/2015;20:00;13;001272;805;Torino - Rebaudengo;04;Biossido di azoto (NO2);23;microgrammi / metro cubo;128.0;V;
08/11/2015;21:00;13;001272;805;Torino - Rebaudengo;04;Biossido di azoto (NO2);23;microgrammi / metro cubo;95.0;V;
08/11/2015;22:00;13;001272;805;Torino - Rebaudengo;04;Biossido di azoto (NO2);23;microgrammi / metro cubo;80.0;V;
08/11/2015;23:00;13;001272;805;Torino - Rebaudengo;04;Biossido di azoto (NO2);23;microgrammi / metro cubo;74.0;V;
08/11/2015;23:59;13;001272;805;Torino - Rebaudengo;04;Biossido di azoto (NO2);23;microgrammi / metro cubo;71.0;V;
09/11/2015;01:00;13;001272;805;Torino - Rebaudengo;04;Biossido di azoto (NO2);23;microgrammi / metro cubo;58.0;V;
09/11/2015;02:00;13;001272;805;Torino - Rebaudengo;04;Biossido di azoto (NO2);23;microgrammi / metro cubo;53.0;V;
09/11/2015;03:00;13;001272;805;Torino - Rebaudengo;04;Biossido di azoto (NO2);23;microgrammi / metro cubo;53.0;V;
09/11/2015;04:00;13;001272;805;Torino - Rebaudengo;04;Biossido di azoto (NO2);23;microgrammi / metro cubo;46.0;V;
09/11/2015;05:00;13;001272;805;Torino - Rebaudengo;04;Biossido di azoto (NO2);23;microgrammi / metro cubo;47.0;V;
09/11/2015;06:00;13;001272;805;Torino - Rebaudengo;04;Biossido di azoto (NO2);23;microgrammi / metro cubo;58.0;V;
09/11/2015;07:00;13;001272;805;Torino - Rebaudengo;04;Biossido di azoto (NO2);23;microgrammi / metro cubo;54.0;V;
09/11/2015;08:00;13;001272;805;Torino - Rebaudengo;04;Biossido di azoto (NO2);23;microgrammi / metro cubo;103.0;V;
09/11/2015;09:00;13;001272;805;Torino - Rebaudengo;04;Biossido di azoto (NO2);23;microgrammi / metro cubo;104.0;V;
09/11/2015;10:00;13;001272;805;Torino - Rebaudengo;04;Biossido di azoto (NO2);23;microgrammi / metro cubo;119.0;V;
09/11/2015;11:00;13;001272;805;Torino - Rebaudengo;04;Biossido di azoto (NO2);23;microgrammi / metro cubo;75.0;V;
09/11/2015;12:00;13;001272;805;Torino - Rebaudengo;04;Biossido di azoto (NO2);23;microgrammi / metro cubo;77.0;V;
09/11/2015;13:00;13;001272;805;Torino - Rebaudengo;04;Biossido di azoto (NO2);23;microgrammi / metro cubo;70.0;V;
09/11/2015;14:00;13;001272;805;Torino - Rebaudengo;04;Biossido di azoto (NO2);23;microgrammi / metro cubo;76.0;V;
09/11/2015;15:00;13;001272;805;Torino - Rebaudengo;04;Biossido di azoto (NO2);23;microgrammi / metro cubo;83.0;V;
09/11/2015;16:00;13;001272;805;Torino - Rebaudengo;04;Biossido di azoto (NO2);23;microgrammi / metro cubo;91.0;V;
09/11/2015;17:00;13;001272;805;Torino - Rebaudengo;04;Biossido di azoto (NO2);23;microgrammi / metro cubo;106.0;V;
09/11/2015;18:00;13;001272;805;Torino - Rebaudengo;04;Biossido di azoto (NO2);23;microgrammi / metro cubo;119.0;V;
09/11/2015;19:00;13;001272;805;Torino - Rebaudengo;04;Biossido di azoto (NO2);23;microgrammi / metro cubo;156.0;V;
09/11/2015;20:00;13;001272;805;Torino - Rebaudengo;04;Biossido di azoto (NO2);23;microgrammi / metro cubo;132.0;V;
09/11/2015;21:00;13;001272;805;Torino - Rebaudengo;04;Biossido di azoto (NO2);23;microgrammi / metro cubo;106.0;V;
09/11/2015;22:00;13;001272;805;Torino - Rebaudengo;04;Biossido di azoto (NO2);23;microgrammi / metro cubo;90.0;V;
09/11/2015;23:00;13;001272;805;Torino - Rebaudengo;04;Biossido di azoto (NO2);23;microgrammi / metro cubo;85.0;V;
09/11/2015;23:59;13;001272;805;Torino - Rebaudengo;04;Biossido di azoto (NO2);23;microgrammi / metro cubo;71.0;V;
10/11/2015;01:00;13;001272;805;Torino - Rebaudengo;04;Biossido di azoto (NO2);23;microgrammi / metro cubo;65.0;V;
10/11/2015;02:00;13;001272;805;Torino - Rebaudengo;04;Biossido di azoto (NO2);23;microgrammi / metro cubo;53.0;V;
10/11/2015;03:00;13;001272;805;Torino - Rebaudengo;04;Biossido di azoto (NO2);23;microgrammi / metro cubo;56.0;V;
10/11/2015;04:00;13;001272;805;Torino - Rebaudengo;04;Biossido di azoto (NO2);23;microgrammi / metro cubo;43.0;V;
10/11/2015;05:00;13;001272;805;Torino - Rebaudengo;04;Biossido di azoto (NO2);23;microgrammi / metro cubo;39.0;V;
10/11/2015;06:00;13;001272;805;Torino - Rebaudengo;04;Biossido di azoto (NO2);23;microgrammi / metro cubo;45.0;V;
10/11/2015;07:00;13;001272;805;Torino - Rebaudengo;04;Biossido di azoto (NO2);23;microgrammi / metro cubo;57.0;V;
10/11/2015;08:00;13;001272;805;Torino - Rebaudengo;04;Biossido di azoto (NO2);23;microgrammi / metro cubo;82.0;V;
10/11/2015;09:00;13;001272;805;Torino - Rebaudengo;04;Biossido di azoto (NO2);23;microgrammi / metro cubo;116.0;V;
10/11/2015;10:00;13;001272;805;Torino - Rebaudengo;04;Biossido di azoto (NO2);23;microgrammi / metro cubo;107.0;V;
10/11/2015;11:00;13;001272;805;Torino - Rebaudengo;04;Biossido di azoto (NO2);23;microgrammi / metro cubo;117.0;V;
10/11/2015;12:00;13;001272;805;Torino - Rebaudengo;04;Biossido di azoto (NO2);23;microgrammi / metro cubo;109.0;V;
10/11/2015;13:00;13;001272;805;Torino - Rebaudengo;04;Biossido di azoto (NO2);23;microgrammi / metro cubo;106.0;V;
10/11/2015;14:00;13;001272;805;Torino - Rebaudengo;04;Biossido di azoto (NO2);23;microgrammi / metro cubo;105.0;V;
10/11/2015;15:00;13;001272;805;Torino - Rebaudengo;04;Biossido di azoto (NO2);23;microgrammi / metro cubo;119.0;V;
10/11/2015;16:00;13;001272;805;Torino - Rebaudengo;04;Biossido di azoto (NO2);23;microgrammi / metro cubo;113.0;V;
10/11/2015;17:00;13;001272;805;Torino - Rebaudengo;04;Biossido di azoto (NO2);23;microgrammi / metro cubo;140.0;V;
10/11/2015;18:00;13;001272;805;Torino - Rebaudengo;04;Biossido di azoto (NO2);23;microgrammi / metro cubo;204.0;V;
10/11/2015;19:00;13;001272;805;Torino - Rebaudengo;04;Biossido di azoto (NO2);23;microgrammi / metro cubo;240.0;V;
10/11/2015;20:00;13;001272;805;Torino - Rebaudengo;04;Biossido di azoto (NO2);23;microgrammi / metro cubo;133.0;V;
10/11/2015;21:00;13;001272;805;Torino - Rebaudengo;04;Biossido di azoto (NO2);23;microgrammi / metro cubo;106.0;V;
10/11/2015;22:00;13;001272;805;Torino - Rebaudengo;04;Biossido di azoto (NO2);23;microgrammi / metro cubo;90.0;V;
10/11/2015;23:00;13;001272;805;Torino - Rebaudengo;04;Biossido di azoto (NO2);23;microgrammi / metro cubo;82.0;V;
10/11/2015;23:59;13;001272;805;Torino - Rebaudengo;04;Biossido di azoto (NO2);23;microgrammi / metro cubo;84.0;V;
11/11/2015;01:00;13;001272;805;Torino - Rebaudengo;04;Biossido di azoto (NO2);23;microgrammi / metro cubo;69.0;V;
11/11/2015;02:00;13;001272;805;Torino - Rebaudengo;04;Biossido di azoto (NO2);23;microgrammi / metro cubo;60.0;V;
11/11/2015;03:00;13;001272;805;Torino - Rebaudengo;04;Biossido di azoto (NO2);23;microgrammi / metro cubo;51.0;V;
11/11/2015;04:00;13;001272;805;Torino - Rebaudengo;04;Biossido di azoto (NO2);23;microgrammi / metro cubo;48.0;V;
11/11/2015;05:00;13;001272;805;Torino - Rebaudengo;04;Biossido di azoto (NO2);23;microgrammi / metro cubo;47.0;V;
11/11/2015;06:00;13;001272;805;Torino - Rebaudengo;04;Biossido di azoto (NO2);23;microgrammi / metro cubo;47.0;V;
11/11/2015;07:00;13;001272;805;Torino - Rebaudengo;04;Biossido di azoto (NO2);23;microgrammi / metro cubo;55.0;V;
11/11/2015;08:00;13;001272;805;Torino - Rebaudengo;04;Biossido di azoto (NO2);23;microgrammi / metro cubo;91.0;V;
11/11/2015;09:00;13;001272;805;Torino - Rebaudengo;04;Biossido di azoto (NO2);23;microgrammi / metro cubo;121.0;V;
11/11/2015;10:00;13;001272;805;Torino - Rebaudengo;04;Biossido di azoto (NO2);23;microgrammi / metro cubo;129.0;V;
11/11/2015;11:00;13;001272;805;Torino - Rebaudengo;04;Biossido di azoto (NO2);23;microgrammi / metro cubo;122.0;V;
11/11/2015;12:00;13;001272;805;Torino - Rebaudengo;04;Biossido di azoto (NO2);23;microgrammi / metro cubo;114.0;V;
11/11/2015;13:00;13;001272;805;Torino - Rebaudengo;04;Biossido di azoto (NO2);23;microgrammi / metro cubo;72.0;V;
11/11/2015;14:00;13;001272;805;Torino - Rebaudengo;04;Biossido di azoto (NO2);23;microgrammi / metro cubo;86.0;V;
11/11/2015;15:00;13;001272;805;Torino - Rebaudengo;04;Biossido di azoto (NO2);23;microgrammi / metro cubo;84.0;V;
11/11/2015;16:00;13;001272;805;Torino - Rebaudengo;04;Biossido di azoto (NO2);23;microgrammi / metro cubo;86.0;V;
11/11/2015;17:00;13;001272;805;Torino - Rebaudengo;04;Biossido di azoto (NO2);23;microgrammi / metro cubo;109.0;V;
11/11/2015;18:00;13;001272;805;Torino - Rebaudengo;04;Biossido di azoto (NO2);23;microgrammi / metro cubo;126.0;V;
11/11/2015;19:00;13;001272;805;Torino - Rebaudengo;04;Biossido di azoto (NO2);23;microgrammi / metro cubo;171.0;V;
11/11/2015;20:00;13;001272;805;Torino - Rebaudengo;04;Biossido di azoto (NO2);23;microgrammi / metro cubo;120.0;V;
11/11/2015;21:00;13;001272;805;Torino - Rebaudengo;04;Biossido di azoto (NO2);23;microgrammi / metro cubo;94.0;V;
11/11/2015;22:00;13;001272;805;Torino - Rebaudengo;04;Biossido di azoto (NO2);23;microgrammi / metro cubo;90.0;V;
11/11/2015;23:00;13;001272;805;Torino - Rebaudengo;04;Biossido di azoto (NO2);23;microgrammi / metro cubo;78.0;V;
11/11/2015;23:59;13;001272;805;Torino - Rebaudengo;04;Biossido di azoto (NO2);23;microgrammi / metro cubo;69.0;V;
12/11/2015;01:00;13;001272;805;Torino - Rebaudengo;04;Biossido di azoto (NO2);23;microgrammi / metro cubo;68.0;V;
12/11/2015;02:00;13;001272;805;Torino - Rebaudengo;04;Biossido di azoto (NO2);23;microgrammi / metro cubo;65.0;V;
12/11/2015;03:00;13;001272;805;Torino - Rebaudengo;04;Biossido di azoto (NO2);23;microgrammi / metro cubo;54.0;V;
12/11/2015;04:00;13;001272;805;Torino - Rebaudengo;04;Biossido di azoto (NO2);23;microgrammi / metro cubo;53.0;V;
12/11/2015;05:00;13;001272;805;Torino - Rebaudengo;04;Biossido di azoto (NO2);23;microgrammi / metro cubo;48.0;V;
12/11/2015;06:00;13;001272;805;Torino - Rebaudengo;04;Biossido di azoto (NO2);23;microgrammi / metro cubo;54.0;V;
12/11/2015;07:00;13;001272;805;Torino - Rebaudengo;04;Biossido di azoto (NO2);23;microgrammi / metro cubo;71.0;V;
12/11/2015;08:00;13;001272;805;Torino - Rebaudengo;04;Biossido di azoto (NO2);23;microgrammi / metro cubo;95.0;V;
12/11/2015;09:00;13;001272;805;Torino - Rebaudengo;04;Biossido di azoto (NO2);23;microgrammi / metro cubo;122.0;V;
12/11/2015;10:00;13;001272;805;Torino - Rebaudengo;04;Biossido di azoto (NO2);23;microgrammi / metro cubo;134.0;V;
12/11/2015;11:00;13;001272;805;Torino - Rebaudengo;04;Biossido di azoto (NO2);23;microgrammi / metro cubo;143.0;V;
12/11/2015;12:00;13;001272;805;Torino - Rebaudengo;04;Biossido di azoto (NO2);23;microgrammi / metro cubo;110.0;V;
12/11/2015;13:00;13;001272;805;Torino - Rebaudengo;04;Biossido di azoto (NO2);23;microgrammi / metro cubo;112.0;V;
12/11/2015;14:00;13;001272;805;Torino - Rebaudengo;04;Biossido di azoto (NO2);23;microgrammi / metro cubo;102.0;V;
12/11/2015;15:00;13;001272;805;Torino - Rebaudengo;04;Biossido di azoto (NO2);23;microgrammi / metro cubo;96.0;V;
12/11/2015;16:00;13;001272;805;Torino - Rebaudengo;04;Biossido di azoto (NO2);23;microgrammi / metro cubo;107.0;V;
12/11/2015;17:00;13;001272;805;Torino - Rebaudengo;04;Biossido di azoto (NO2);23;microgrammi / metro cubo;143.0;V;
12/11/2015;18:00;13;001272;805;Torino - Rebaudengo;04;Biossido di azoto (NO2);23;microgrammi / metro cubo;166.0;V;
12/11/2015;19:00;13;001272;805;Torino - Rebaudengo;04;Biossido di azoto (NO2);23;microgrammi / metro cubo;192.0;V;
12/11/2015;20:00;13;001272;805;Torino - Rebaudengo;04;Biossido di azoto (NO2);23;microgrammi / metro cubo;144.0;V;
12/11/2015;21:00;13;001272;805;Torino - Rebaudengo;04;Biossido di azoto (NO2);23;microgrammi / metro cubo;117.0;V;
12/11/2015;22:00;13;001272;805;Torino - Rebaudengo;04;Biossido di azoto (NO2);23;microgrammi / metro cubo;101.0;V;
12/11/2015;23:00;13;001272;805;Torino - Rebaudengo;04;Biossido di azoto (NO2);23;microgrammi / metro cubo;91.0;V;
12/11/2015;23:59;13;001272;805;Torino - Rebaudengo;04;Biossido di azoto (NO2);23;microgrammi / metro cubo;81.0;V;
13/11/2015;01:00;13;001272;805;Torino - Rebaudengo;04;Biossido di azoto (NO2);23;microgrammi / metro cubo;76.0;V;
13/11/2015;02:00;13;001272;805;Torino - Rebaudengo;04;Biossido di azoto (NO2);23;microgrammi / metro cubo;60.0;V;
13/11/2015;03:00;13;001272;805;Torino - Rebaudengo;04;Biossido di azoto (NO2);23;microgrammi / metro cubo;52.0;V;
13/11/2015;04:00;13;001272;805;Torino - Rebaudengo;04;Biossido di azoto (NO2);23;microgrammi / metro cubo;43.0;V;
13/11/2015;05:00;13;001272;805;Torino - Rebaudengo;04;Biossido di azoto (NO2);23;microgrammi / metro cubo;42.0;V;
13/11/2015;06:00;13;001272;805;Torino - Rebaudengo;04;Biossido di azoto (NO2);23;microgrammi / metro cubo;45.0;V;
13/11/2015;07:00;13;001272;805;Torino - Rebaudengo;04;Biossido di azoto (NO2);23;microgrammi / metro cubo;59.0;V;
13/11/2015;08:00;13;001272;805;Torino - Rebaudengo;04;Biossido di azoto (NO2);23;microgrammi / metro cubo;96.0;V;
13/11/2015;09:00;13;001272;805;Torino - Rebaudengo;04;Biossido di azoto (NO2);23;microgrammi / metro cubo;136.0;V;
13/11/2015;10:00;13;001272;805;Torino - Rebaudengo;04;Biossido di azoto (NO2);23;microgrammi / metro cubo;150.0;V;
13/11/2015;11:00;13;001272;805;Torino - Rebaudengo;04;Biossido di azoto (NO2);23;microgrammi / metro cubo;146.0;V;
13/11/2015;12:00;13;001272;805;Torino - Rebaudengo;04;Biossido di azoto (NO2);23;microgrammi / metro cubo;135.0;V;
13/11/2015;13:00;13;001272;805;Torino - Rebaudengo;04;Biossido di azoto (NO2);23;microgrammi / metro cubo;134.0;V;
13/11/2015;14:00;13;001272;805;Torino - Rebaudengo;04;Biossido di azoto (NO2);23;microgrammi / metro cubo;119.0;V;
13/11/2015;15:00;13;001272;805;Torino - Rebaudengo;04;Biossido di azoto (NO2);23;microgrammi / metro cubo;119.0;V;
13/11/2015;16:00;13;001272;805;Torino - Rebaudengo;04;Biossido di azoto (NO2);23;microgrammi / metro cubo;102.0;V;
13/11/2015;17:00;13;001272;805;Torino - Rebaudengo;04;Biossido di azoto (NO2);23;microgrammi / metro cubo;128.0;V;
13/11/2015;18:00;13;001272;805;Torino - Rebaudengo;04;Biossido di azoto (NO2);23;microgrammi / metro cubo;193.0;V;
13/11/2015;19:00;13;001272;805;Torino - Rebaudengo;04;Biossido di azoto (NO2);23;microgrammi / metro cubo;170.0;V;
13/11/2015;20:00;13;001272;805;Torino - Rebaudengo;04;Biossido di azoto (NO2);23;microgrammi / metro cubo;159.0;V;
13/11/2015;21:00;13;001272;805;Torino - Rebaudengo;04;Biossido di azoto (NO2);23;microgrammi / metro cubo;123.0;V;
13/11/2015;22:00;13;001272;805;Torino - Rebaudengo;04;Biossido di azoto (NO2);23;microgrammi / metro cubo;108.0;V;
13/11/2015;23:00;13;001272;805;Torino - Rebaudengo;04;Biossido di azoto (NO2);23;microgrammi / metro cubo;90.0;V;
13/11/2015;23:59;13;001272;805;Torino - Rebaudengo;04;Biossido di azoto (NO2);23;microgrammi / metro cubo;85.0;V;
14/11/2015;01:00;13;001272;805;Torino - Rebaudengo;04;Biossido di azoto (NO2);23;microgrammi / metro cubo;;E;
14/11/2015;02:00;13;001272;805;Torino - Rebaudengo;04;Biossido di azoto (NO2);23;microgrammi / metro cubo;;E;
14/11/2015;03:00;13;001272;805;Torino - Rebaudengo;04;Biossido di azoto (NO2);23;microgrammi / metro cubo;;E;
14/11/2015;04:00;13;001272;805;Torino - Rebaudengo;04;Biossido di azoto (NO2);23;microgrammi / metro cubo;;E;
14/11/2015;05:00;13;001272;805;Torino - Rebaudengo;04;Biossido di azoto (NO2);23;microgrammi / metro cubo;;E;
14/11/2015;06:00;13;001272;805;Torino - Rebaudengo;04;Biossido di azoto (NO2);23;microgrammi / metro cubo;;E;
14/11/2015;07:00;13;001272;805;Torino - Rebaudengo;04;Biossido di azoto (NO2);23;microgrammi / metro cubo;;E;
14/11/2015;08:00;13;001272;805;Torino - Rebaudengo;04;Biossido di azoto (NO2);23;microgrammi / metro cubo;;E;
14/11/2015;09:00;13;001272;805;Torino - Rebaudengo;04;Biossido di azoto (NO2);23;microgrammi / metro cubo;;E;
14/11/2015;10:00;13;001272;805;Torino - Rebaudengo;04;Biossido di azoto (NO2);23;microgrammi / metro cubo;;E;
14/11/2015;11:00;13;001272;805;Torino - Rebaudengo;04;Biossido di azoto (NO2);23;microgrammi / metro cubo;;E;
14/11/2015;12:00;13;001272;805;Torino - Rebaudengo;04;Biossido di azoto (NO2);23;microgrammi / metro cubo;;E;
14/11/2015;13:00;13;001272;805;Torino - Rebaudengo;04;Biossido di azoto (NO2);23;microgrammi / metro cubo;;E;
14/11/2015;14:00;13;001272;805;Torino - Rebaudengo;04;Biossido di azoto (NO2);23;microgrammi / metro cubo;;E;
14/11/2015;15:00;13;001272;805;Torino - Rebaudengo;04;Biossido di azoto (NO2);23;microgrammi / metro cubo;;E;
14/11/2015;16:00;13;001272;805;Torino - Rebaudengo;04;Biossido di azoto (NO2);23;microgrammi / metro cubo;;E;
14/11/2015;17:00;13;001272;805;Torino - Rebaudengo;04;Biossido di azoto (NO2);23;microgrammi / metro cubo;;E;
14/11/2015;18:00;13;001272;805;Torino - Rebaudengo;04;Biossido di azoto (NO2);23;microgrammi / metro cubo;;E;
14/11/2015;19:00;13;001272;805;Torino - Rebaudengo;04;Biossido di azoto (NO2);23;microgrammi / metro cubo;;E;
14/11/2015;20:00;13;001272;805;Torino - Rebaudengo;04;Biossido di azoto (NO2);23;microgrammi / metro cubo;;E;
14/11/2015;21:00;13;001272;805;Torino - Rebaudengo;04;Biossido di azoto (NO2);23;microgrammi / metro cubo;;E;
14/11/2015;22:00;13;001272;805;Torino - Rebaudengo;04;Biossido di azoto (NO2);23;microgrammi / metro cubo;;E;
14/11/2015;23:00;13;001272;805;Torino - Rebaudengo;04;Biossido di azoto (NO2);23;microgrammi / metro cubo;;E;
14/11/2015;23:59;13;001272;805;Torino - Rebaudengo;04;Biossido di azoto (NO2);23;microgrammi / metro cubo;;E;
15/11/2015;01:00;13;001272;805;Torino - Rebaudengo;04;Biossido di azoto (NO2);23;microgrammi / metro cubo;;E;
15/11/2015;02:00;13;001272;805;Torino - Rebaudengo;04;Biossido di azoto (NO2);23;microgrammi / metro cubo;;E;
15/11/2015;03:00;13;001272;805;Torino - Rebaudengo;04;Biossido di azoto (NO2);23;microgrammi / metro cubo;;E;
15/11/2015;04:00;13;001272;805;Torino - Rebaudengo;04;Biossido di azoto (NO2);23;microgrammi / metro cubo;;E;
15/11/2015;05:00;13;001272;805;Torino - Rebaudengo;04;Biossido di azoto (NO2);23;microgrammi / metro cubo;;E;
15/11/2015;06:00;13;001272;805;Torino - Rebaudengo;04;Biossido di azoto (NO2);23;microgrammi / metro cubo;;E;
15/11/2015;07:00;13;001272;805;Torino - Rebaudengo;04;Biossido di azoto (NO2);23;microgrammi / metro cubo;;E;
15/11/2015;08:00;13;001272;805;Torino - Rebaudengo;04;Biossido di azoto (NO2);23;microgrammi / metro cubo;;E;
15/11/2015;09:00;13;001272;805;Torino - Rebaudengo;04;Biossido di azoto (NO2);23;microgrammi / metro cubo;;E;
15/11/2015;10:00;13;001272;805;Torino - Rebaudengo;04;Biossido di azoto (NO2);23;microgrammi / metro cubo;;E;
15/11/2015;11:00;13;001272;805;Torino - Rebaudengo;04;Biossido di azoto (NO2);23;microgrammi / metro cubo;;E;
15/11/2015;12:00;13;001272;805;Torino - Rebaudengo;04;Biossido di azoto (NO2);23;microgrammi / metro cubo;;E;
15/11/2015;13:00;13;001272;805;Torino - Rebaudengo;04;Biossido di azoto (NO2);23;microgrammi / metro cubo;;E;
15/11/2015;14:00;13;001272;805;Torino - Rebaudengo;04;Biossido di azoto (NO2);23;microgrammi / metro cubo;;E;
15/11/2015;15:00;13;001272;805;Torino - Rebaudengo;04;Biossido di azoto (NO2);23;microgrammi / metro cubo;;E;
15/11/2015;16:00;13;001272;805;Torino - Rebaudengo;04;Biossido di azoto (NO2);23;microgrammi / metro cubo;;E;
15/11/2015;17:00;13;001272;805;Torino - Rebaudengo;04;Biossido di azoto (NO2);23;microgrammi / metro cubo;;E;
15/11/2015;18:00;13;001272;805;Torino - Rebaudengo;04;Biossido di azoto (NO2);23;microgrammi / metro cubo;;E;
15/11/2015;19:00;13;001272;805;Torino - Rebaudengo;04;Biossido di azoto (NO2);23;microgrammi / metro cubo;;E;
15/11/2015;20:00;13;001272;805;Torino - Rebaudengo;04;Biossido di azoto (NO2);23;microgrammi / metro cubo;;E;
15/11/2015;21:00;13;001272;805;Torino - Rebaudengo;04;Biossido di azoto (NO2);23;microgrammi / metro cubo;;E;
15/11/2015;22:00;13;001272;805;Torino - Rebaudengo;04;Biossido di azoto (NO2);23;microgrammi / metro cubo;;E;
15/11/2015;23:00;13;001272;805;Torino - Rebaudengo;04;Biossido di azoto (NO2);23;microgrammi / metro cubo;;E;
15/11/2015;23:59;13;001272;805;Torino - Rebaudengo;04;Biossido di azoto (NO2);23;microgrammi / metro cubo;;E;
16/11/2015;01:00;13;001272;805;Torino - Rebaudengo;04;Biossido di azoto (NO2);23;microgrammi / metro cubo;;E;
16/11/2015;02:00;13;001272;805;Torino - Rebaudengo;04;Biossido di azoto (NO2);23;microgrammi / metro cubo;;E;
16/11/2015;03:00;13;001272;805;Torino - Rebaudengo;04;Biossido di azoto (NO2);23;microgrammi / metro cubo;;E;
16/11/2015;04:00;13;001272;805;Torino - Rebaudengo;04;Biossido di azoto (NO2);23;microgrammi / metro cubo;;E;
16/11/2015;05:00;13;001272;805;Torino - Rebaudengo;04;Biossido di azoto (NO2);23;microgrammi / metro cubo;;E;
16/11/2015;06:00;13;001272;805;Torino - Rebaudengo;04;Biossido di azoto (NO2);23;microgrammi / metro cubo;;E;
16/11/2015;07:00;13;001272;805;Torino - Rebaudengo;04;Biossido di azoto (NO2);23;microgrammi / metro cubo;;E;
16/11/2015;08:00;13;001272;805;Torino - Rebaudengo;04;Biossido di azoto (NO2);23;microgrammi / metro cubo;;E;
16/11/2015;09:00;13;001272;805;Torino - Rebaudengo;04;Biossido di azoto (NO2);23;microgrammi / metro cubo;;E;
16/11/2015;10:00;13;001272;805;Torino - Rebaudengo;04;Biossido di azoto (NO2);23;microgrammi / metro cubo;;E;
16/11/2015;11:00;13;001272;805;Torino - Rebaudengo;04;Biossido di azoto (NO2);23;microgrammi / metro cubo;;E;
16/11/2015;12:00;13;001272;805;Torino - Rebaudengo;04;Biossido di azoto (NO2);23;microgrammi / metro cubo;;E;
16/11/2015;13:00;13;001272;805;Torino - Rebaudengo;04;Biossido di azoto (NO2);23;microgrammi / metro cubo;;E;
16/11/2015;14:00;13;001272;805;Torino - Rebaudengo;04;Biossido di azoto (NO2);23;microgrammi / metro cubo;;E;
16/11/2015;15:00;13;001272;805;Torino - Rebaudengo;04;Biossido di azoto (NO2);23;microgrammi / metro cubo;;E;
16/11/2015;16:00;13;001272;805;Torino - Rebaudengo;04;Biossido di azoto (NO2);23;microgrammi / metro cubo;;E;
16/11/2015;17:00;13;001272;805;Torino - Rebaudengo;04;Biossido di azoto (NO2);23;microgrammi / metro cubo;;E;
16/11/2015;18:00;13;001272;805;Torino - Rebaudengo;04;Biossido di azoto (NO2);23;microgrammi / metro cubo;;E;
16/11/2015;19:00;13;001272;805;Torino - Rebaudengo;04;Biossido di azoto (NO2);23;microgrammi / metro cubo;;E;
16/11/2015;20:00;13;001272;805;Torino - Rebaudengo;04;Biossido di azoto (NO2);23;microgrammi / metro cubo;;E;
16/11/2015;21:00;13;001272;805;Torino - Rebaudengo;04;Biossido di azoto (NO2);23;microgrammi / metro cubo;;E;
16/11/2015;22:00;13;001272;805;Torino - Rebaudengo;04;Biossido di azoto (NO2);23;microgrammi / metro cubo;;E;
16/11/2015;23:00;13;001272;805;Torino - Rebaudengo;04;Biossido di azoto (NO2);23;microgrammi / metro cubo;;E;
16/11/2015;23:59;13;001272;805;Torino - Rebaudengo;04;Biossido di azoto (NO2);23;microgrammi / metro cubo;;E;
17/11/2015;01:00;13;001272;805;Torino - Rebaudengo;04;Biossido di azoto (NO2);23;microgrammi / metro cubo;;E;
17/11/2015;02:00;13;001272;805;Torino - Rebaudengo;04;Biossido di azoto (NO2);23;microgrammi / metro cubo;;E;
17/11/2015;03:00;13;001272;805;Torino - Rebaudengo;04;Biossido di azoto (NO2);23;microgrammi / metro cubo;;E;
17/11/2015;04:00;13;001272;805;Torino - Rebaudengo;04;Biossido di azoto (NO2);23;microgrammi / metro cubo;;E;
17/11/2015;05:00;13;001272;805;Torino - Rebaudengo;04;Biossido di azoto (NO2);23;microgrammi / metro cubo;;E;
17/11/2015;06:00;13;001272;805;Torino - Rebaudengo;04;Biossido di azoto (NO2);23;microgrammi / metro cubo;;E;
17/11/2015;07:00;13;001272;805;Torino - Rebaudengo;04;Biossido di azoto (NO2);23;microgrammi / metro cubo;;E;
17/11/2015;08:00;13;001272;805;Torino - Rebaudengo;04;Biossido di azoto (NO2);23;microgrammi / metro cubo;;E;
17/11/2015;09:00;13;001272;805;Torino - Rebaudengo;04;Biossido di azoto (NO2);23;microgrammi / metro cubo;;E;
17/11/2015;10:00;13;001272;805;Torino - Rebaudengo;04;Biossido di azoto (NO2);23;microgrammi / metro cubo;;E;
17/11/2015;11:00;13;001272;805;Torino - Rebaudengo;04;Biossido di azoto (NO2);23;microgrammi / metro cubo;;E;
17/11/2015;12:00;13;001272;805;Torino - Rebaudengo;04;Biossido di azoto (NO2);23;microgrammi / metro cubo;;E;
17/11/2015;13:00;13;001272;805;Torino - Rebaudengo;04;Biossido di azoto (NO2);23;microgrammi / metro cubo;;E;
17/11/2015;14:00;13;001272;805;Torino - Rebaudengo;04;Biossido di azoto (NO2);23;microgrammi / metro cubo;;E;
17/11/2015;15:00;13;001272;805;Torino - Rebaudengo;04;Biossido di azoto (NO2);23;microgrammi / metro cubo;;E;
17/11/2015;16:00;13;001272;805;Torino - Rebaudengo;04;Biossido di azoto (NO2);23;microgrammi / metro cubo;;E;
17/11/2015;17:00;13;001272;805;Torino - Rebaudengo;04;Biossido di azoto (NO2);23;microgrammi / metro cubo;;E;
17/11/2015;18:00;13;001272;805;Torino - Rebaudengo;04;Biossido di azoto (NO2);23;microgrammi / metro cubo;;E;
17/11/2015;19:00;13;001272;805;Torino - Rebaudengo;04;Biossido di azoto (NO2);23;microgrammi / metro cubo;;E;
17/11/2015;20:00;13;001272;805;Torino - Rebaudengo;04;Biossido di azoto (NO2);23;microgrammi / metro cubo;;E;
17/11/2015;21:00;13;001272;805;Torino - Rebaudengo;04;Biossido di azoto (NO2);23;microgrammi / metro cubo;;E;
17/11/2015;22:00;13;001272;805;Torino - Rebaudengo;04;Biossido di azoto (NO2);23;microgrammi / metro cubo;;E;
17/11/2015;23:00;13;001272;805;Torino - Rebaudengo;04;Biossido di azoto (NO2);23;microgrammi / metro cubo;;E;
17/11/2015;23:59;13;001272;805;Torino - Rebaudengo;04;Biossido di azoto (NO2);23;microgrammi / metro cubo;;E;
18/11/2015;01:00;13;001272;805;Torino - Rebaudengo;04;Biossido di azoto (NO2);23;microgrammi / metro cubo;;E;
18/11/2015;02:00;13;001272;805;Torino - Rebaudengo;04;Biossido di azoto (NO2);23;microgrammi / metro cubo;;E;
18/11/2015;03:00;13;001272;805;Torino - Rebaudengo;04;Biossido di azoto (NO2);23;microgrammi / metro cubo;;E;
18/11/2015;04:00;13;001272;805;Torino - Rebaudengo;04;Biossido di azoto (NO2);23;microgrammi / metro cubo;;E;
18/11/2015;05:00;13;001272;805;Torino - Rebaudengo;04;Biossido di azoto (NO2);23;microgrammi / metro cubo;;E;
18/11/2015;06:00;13;001272;805;Torino - Rebaudengo;04;Biossido di azoto (NO2);23;microgrammi / metro cubo;;E;
18/11/2015;07:00;13;001272;805;Torino - Rebaudengo;04;Biossido di azoto (NO2);23;microgrammi / metro cubo;;E;
18/11/2015;08:00;13;001272;805;Torino - Rebaudengo;04;Biossido di azoto (NO2);23;microgrammi / metro cubo;;E;
18/11/2015;09:00;13;001272;805;Torino - Rebaudengo;04;Biossido di azoto (NO2);23;microgrammi / metro cubo;;E;
18/11/2015;10:00;13;001272;805;Torino - Rebaudengo;04;Biossido di azoto (NO2);23;microgrammi / metro cubo;;E;
18/11/2015;11:00;13;001272;805;Torino - Rebaudengo;04;Biossido di azoto (NO2);23;microgrammi / metro cubo;;E;
18/11/2015;12:00;13;001272;805;Torino - Rebaudengo;04;Biossido di azoto (NO2);23;microgrammi / metro cubo;;E;
18/11/2015;13:00;13;001272;805;Torino - Rebaudengo;04;Biossido di azoto (NO2);23;microgrammi / metro cubo;;E;
18/11/2015;14:00;13;001272;805;Torino - Rebaudengo;04;Biossido di azoto (NO2);23;microgrammi / metro cubo;;E;
18/11/2015;15:00;13;001272;805;Torino - Rebaudengo;04;Biossido di azoto (NO2);23;microgrammi / metro cubo;;E;
18/11/2015;16:00;13;001272;805;Torino - Rebaudengo;04;Biossido di azoto (NO2);23;microgrammi / metro cubo;104.0;V;
18/11/2015;17:00;13;001272;805;Torino - Rebaudengo;04;Biossido di azoto (NO2);23;microgrammi / metro cubo;109.0;V;
18/11/2015;18:00;13;001272;805;Torino - Rebaudengo;04;Biossido di azoto (NO2);23;microgrammi / metro cubo;111.0;V;
18/11/2015;19:00;13;001272;805;Torino - Rebaudengo;04;Biossido di azoto (NO2);23;microgrammi / metro cubo;105.0;V;
18/11/2015;20:00;13;001272;805;Torino - Rebaudengo;04;Biossido di azoto (NO2);23;microgrammi / metro cubo;76.0;V;
18/11/2015;21:00;13;001272;805;Torino - Rebaudengo;04;Biossido di azoto (NO2);23;microgrammi / metro cubo;60.0;V;
18/11/2015;22:00;13;001272;805;Torino - Rebaudengo;04;Biossido di azoto (NO2);23;microgrammi / metro cubo;51.0;V;
18/11/2015;23:00;13;001272;805;Torino - Rebaudengo;04;Biossido di azoto (NO2);23;microgrammi / metro cubo;46.0;V;
18/11/2015;23:59;13;001272;805;Torino - Rebaudengo;04;Biossido di azoto (NO2);23;microgrammi / metro cubo;48.0;V;
19/11/2015;01:00;13;001272;805;Torino - Rebaudengo;04;Biossido di azoto (NO2);23;microgrammi / metro cubo;46.0;V;
19/11/2015;02:00;13;001272;805;Torino - Rebaudengo;04;Biossido di azoto (NO2);23;microgrammi / metro cubo;44.0;V;
19/11/2015;03:00;13;001272;805;Torino - Rebaudengo;04;Biossido di azoto (NO2);23;microgrammi / metro cubo;45.0;V;
19/11/2015;04:00;13;001272;805;Torino - Rebaudengo;04;Biossido di azoto (NO2);23;microgrammi / metro cubo;47.0;V;
19/11/2015;05:00;13;001272;805;Torino - Rebaudengo;04;Biossido di azoto (NO2);23;microgrammi / metro cubo;45.0;V;
19/11/2015;06:00;13;001272;805;Torino - Rebaudengo;04;Biossido di azoto (NO2);23;microgrammi / metro cubo;46.0;V;
19/11/2015;07:00;13;001272;805;Torino - Rebaudengo;04;Biossido di azoto (NO2);23;microgrammi / metro cubo;44.0;V;
19/11/2015;08:00;13;001272;805;Torino - Rebaudengo;04;Biossido di azoto (NO2);23;microgrammi / metro cubo;47.0;V;
19/11/2015;09:00;13;001272;805;Torino - Rebaudengo;04;Biossido di azoto (NO2);23;microgrammi / metro cubo;55.0;V;
19/11/2015;10:00;13;001272;805;Torino - Rebaudengo;04;Biossido di azoto (NO2);23;microgrammi / metro cubo;58.0;V;
19/11/2015;11:00;13;001272;805;Torino - Rebaudengo;04;Biossido di azoto (NO2);23;microgrammi / metro cubo;54.0;V;
19/11/2015;12:00;13;001272;805;Torino - Rebaudengo;04;Biossido di azoto (NO2);23;microgrammi / metro cubo;;E;
19/11/2015;13:00;13;001272;805;Torino - Rebaudengo;04;Biossido di azoto (NO2);23;microgrammi / metro cubo;72.0;V;
19/11/2015;14:00;13;001272;805;Torino - Rebaudengo;04;Biossido di azoto (NO2);23;microgrammi / metro cubo;69.0;V;
19/11/2015;15:00;13;001272;805;Torino - Rebaudengo;04;Biossido di azoto (NO2);23;microgrammi / metro cubo;73.0;V;
19/11/2015;16:00;13;001272;805;Torino - Rebaudengo;04;Biossido di azoto (NO2);23;microgrammi / metro cubo;75.0;V;
19/11/2015;17:00;13;001272;805;Torino - Rebaudengo;04;Biossido di azoto (NO2);23;microgrammi / metro cubo;77.0;V;
19/11/2015;18:00;13;001272;805;Torino - Rebaudengo;04;Biossido di azoto (NO2);23;microgrammi / metro cubo;80.0;V;
19/11/2015;19:00;13;001272;805;Torino - Rebaudengo;04;Biossido di azoto (NO2);23;microgrammi / metro cubo;75.0;V;
19/11/2015;20:00;13;001272;805;Torino - Rebaudengo;04;Biossido di azoto (NO2);23;microgrammi / metro cubo;80.0;V;
19/11/2015;21:00;13;001272;805;Torino - Rebaudengo;04;Biossido di azoto (NO2);23;microgrammi / metro cubo;80.0;V;
19/11/2015;22:00;13;001272;805;Torino - Rebaudengo;04;Biossido di azoto (NO2);23;microgrammi / metro cubo;85.0;V;
19/11/2015;23:00;13;001272;805;Torino - Rebaudengo;04;Biossido di azoto (NO2);23;microgrammi / metro cubo;70.0;V;
19/11/2015;23:59;13;001272;805;Torino - Rebaudengo;04;Biossido di azoto (NO2);23;microgrammi / metro cubo;68.0;V;
20/11/2015;01:00;13;001272;805;Torino - Rebaudengo;04;Biossido di azoto (NO2);23;microgrammi / metro cubo;65.0;V;
20/11/2015;02:00;13;001272;805;Torino - Rebaudengo;04;Biossido di azoto (NO2);23;microgrammi / metro cubo;62.0;V;
20/11/2015;03:00;13;001272;805;Torino - Rebaudengo;04;Biossido di azoto (NO2);23;microgrammi / metro cubo;55.0;V;
20/11/2015;04:00;13;001272;805;Torino - Rebaudengo;04;Biossido di azoto (NO2);23;microgrammi / metro cubo;47.0;V;
20/11/2015;05:00;13;001272;805;Torino - Rebaudengo;04;Biossido di azoto (NO2);23;microgrammi / metro cubo;46.0;V;
20/11/2015;06:00;13;001272;805;Torino - Rebaudengo;04;Biossido di azoto (NO2);23;microgrammi / metro cubo;52.0;V;
20/11/2015;07:00;13;001272;805;Torino - Rebaudengo;04;Biossido di azoto (NO2);23;microgrammi / metro cubo;48.0;V;
20/11/2015;08:00;13;001272;805;Torino - Rebaudengo;04;Biossido di azoto (NO2);23;microgrammi / metro cubo;54.0;V;
20/11/2015;09:00;13;001272;805;Torino - Rebaudengo;04;Biossido di azoto (NO2);23;microgrammi / metro cubo;65.0;V;
20/11/2015;10:00;13;001272;805;Torino - Rebaudengo;04;Biossido di azoto (NO2);23;microgrammi / metro cubo;61.0;V;
20/11/2015;11:00;13;001272;805;Torino - Rebaudengo;04;Biossido di azoto (NO2);23;microgrammi / metro cubo;61.0;V;
20/11/2015;12:00;13;001272;805;Torino - Rebaudengo;04;Biossido di azoto (NO2);23;microgrammi / metro cubo;58.0;V;
20/11/2015;13:00;13;001272;805;Torino - Rebaudengo;04;Biossido di azoto (NO2);23;microgrammi / metro cubo;60.0;V;
20/11/2015;14:00;13;001272;805;Torino - Rebaudengo;04;Biossido di azoto (NO2);23;microgrammi / metro cubo;59.0;V;
20/11/2015;15:00;13;001272;805;Torino - Rebaudengo;04;Biossido di azoto (NO2);23;microgrammi / metro cubo;63.0;V;
20/11/2015;16:00;13;001272;805;Torino - Rebaudengo;04;Biossido di azoto (NO2);23;microgrammi / metro cubo;76.0;V;
20/11/2015;17:00;13;001272;805;Torino - Rebaudengo;04;Biossido di azoto (NO2);23;microgrammi / metro cubo;73.0;V;
20/11/2015;18:00;13;001272;805;Torino - Rebaudengo;04;Biossido di azoto (NO2);23;microgrammi / metro cubo;68.0;V;
20/11/2015;19:00;13;001272;805;Torino - Rebaudengo;04;Biossido di azoto (NO2);23;microgrammi / metro cubo;66.0;V;
20/11/2015;20:00;13;001272;805;Torino - Rebaudengo;04;Biossido di azoto (NO2);23;microgrammi / metro cubo;69.0;V;
20/11/2015;21:00;13;001272;805;Torino - Rebaudengo;04;Biossido di azoto (NO2);23;microgrammi / metro cubo;70.0;V;
20/11/2015;22:00;13;001272;805;Torino - Rebaudengo;04;Biossido di azoto (NO2);23;microgrammi / metro cubo;70.0;V;
20/11/2015;23:00;13;001272;805;Torino - Rebaudengo;04;Biossido di azoto (NO2);23;microgrammi / metro cubo;71.0;V;
20/11/2015;23:59;13;001272;805;Torino - Rebaudengo;04;Biossido di azoto (NO2);23;microgrammi / metro cubo;69.0;V;
21/11/2015;01:00;13;001272;805;Torino - Rebaudengo;04;Biossido di azoto (NO2);23;microgrammi / metro cubo;64.0;V;
21/11/2015;02:00;13;001272;805;Torino - Rebaudengo;04;Biossido di azoto (NO2);23;microgrammi / metro cubo;57.0;V;
21/11/2015;03:00;13;001272;805;Torino - Rebaudengo;04;Biossido di azoto (NO2);23;microgrammi / metro cubo;54.0;V;
21/11/2015;04:00;13;001272;805;Torino - Rebaudengo;04;Biossido di azoto (NO2);23;microgrammi / metro cubo;39.0;V;
21/11/2015;05:00;13;001272;805;Torino - Rebaudengo;04;Biossido di azoto (NO2);23;microgrammi / metro cubo;43.0;V;
21/11/2015;06:00;13;001272;805;Torino - Rebaudengo;04;Biossido di azoto (NO2);23;microgrammi / metro cubo;42.0;V;
21/11/2015;07:00;13;001272;805;Torino - Rebaudengo;04;Biossido di azoto (NO2);23;microgrammi / metro cubo;61.0;V;
21/11/2015;08:00;13;001272;805;Torino - Rebaudengo;04;Biossido di azoto (NO2);23;microgrammi / metro cubo;76.0;V;
21/11/2015;09:00;13;001272;805;Torino - Rebaudengo;04;Biossido di azoto (NO2);23;microgrammi / metro cubo;69.0;V;
21/11/2015;10:00;13;001272;805;Torino - Rebaudengo;04;Biossido di azoto (NO2);23;microgrammi / metro cubo;67.0;V;
21/11/2015;11:00;13;001272;805;Torino - Rebaudengo;04;Biossido di azoto (NO2);23;microgrammi / metro cubo;67.0;V;
21/11/2015;12:00;13;001272;805;Torino - Rebaudengo;04;Biossido di azoto (NO2);23;microgrammi / metro cubo;69.0;V;
21/11/2015;13:00;13;001272;805;Torino - Rebaudengo;04;Biossido di azoto (NO2);23;microgrammi / metro cubo;75.0;V;
21/11/2015;14:00;13;001272;805;Torino - Rebaudengo;04;Biossido di azoto (NO2);23;microgrammi / metro cubo;84.0;V;
21/11/2015;15:00;13;001272;805;Torino - Rebaudengo;04;Biossido di azoto (NO2);23;microgrammi / metro cubo;40.0;V;
21/11/2015;16:00;13;001272;805;Torino - Rebaudengo;04;Biossido di azoto (NO2);23;microgrammi / metro cubo;42.0;V;
21/11/2015;17:00;13;001272;805;Torino - Rebaudengo;04;Biossido di azoto (NO2);23;microgrammi / metro cubo;28.0;V;
21/11/2015;18:00;13;001272;805;Torino - Rebaudengo;04;Biossido di azoto (NO2);23;microgrammi / metro cubo;53.0;V;
21/11/2015;19:00;13;001272;805;Torino - Rebaudengo;04;Biossido di azoto (NO2);23;microgrammi / metro cubo;64.0;V;
21/11/2015;20:00;13;001272;805;Torino - Rebaudengo;04;Biossido di azoto (NO2);23;microgrammi / metro cubo;30.0;V;
21/11/2015;21:00;13;001272;805;Torino - Rebaudengo;04;Biossido di azoto (NO2);23;microgrammi / metro cubo;15.0;V;
21/11/2015;22:00;13;001272;805;Torino - Rebaudengo;04;Biossido di azoto (NO2);23;microgrammi / metro cubo;17.0;V;
21/11/2015;23:00;13;001272;805;Torino - Rebaudengo;04;Biossido di azoto (NO2);23;microgrammi / metro cubo;30.0;V;
21/11/2015;23:59;13;001272;805;Torino - Rebaudengo;04;Biossido di azoto (NO2);23;microgrammi / metro cubo;50.0;V;
22/11/2015;01:00;13;001272;805;Torino - Rebaudengo;04;Biossido di azoto (NO2);23;microgrammi / metro cubo;55.0;V;
22/11/2015;02:00;13;001272;805;Torino - Rebaudengo;04;Biossido di azoto (NO2);23;microgrammi / metro cubo;53.0;V;
22/11/2015;03:00;13;001272;805;Torino - Rebaudengo;04;Biossido di azoto (NO2);23;microgrammi / metro cubo;43.0;V;
22/11/2015;04:00;13;001272;805;Torino - Rebaudengo;04;Biossido di azoto (NO2);23;microgrammi / metro cubo;35.0;V;
22/11/2015;05:00;13;001272;805;Torino - Rebaudengo;04;Biossido di azoto (NO2);23;microgrammi / metro cubo;47.0;V;
22/11/2015;06:00;13;001272;805;Torino - Rebaudengo;04;Biossido di azoto (NO2);23;microgrammi / metro cubo;49.0;V;
22/11/2015;07:00;13;001272;805;Torino - Rebaudengo;04;Biossido di azoto (NO2);23;microgrammi / metro cubo;48.0;V;
22/11/2015;08:00;13;001272;805;Torino - Rebaudengo;04;Biossido di azoto (NO2);23;microgrammi / metro cubo;46.0;V;
22/11/2015;09:00;13;001272;805;Torino - Rebaudengo;04;Biossido di azoto (NO2);23;microgrammi / metro cubo;61.0;V;
22/11/2015;10:00;13;001272;805;Torino - Rebaudengo;04;Biossido di azoto (NO2);23;microgrammi / metro cubo;60.0;V;
22/11/2015;11:00;13;001272;805;Torino - Rebaudengo;04;Biossido di azoto (NO2);23;microgrammi / metro cubo;72.0;V;
22/11/2015;12:00;13;001272;805;Torino - Rebaudengo;04;Biossido di azoto (NO2);23;microgrammi / metro cubo;60.0;V;
22/11/2015;13:00;13;001272;805;Torino - Rebaudengo;04;Biossido di azoto (NO2);23;microgrammi / metro cubo;46.0;V;
22/11/2015;14:00;13;001272;805;Torino - Rebaudengo;04;Biossido di azoto (NO2);23;microgrammi / metro cubo;35.0;V;
22/11/2015;15:00;13;001272;805;Torino - Rebaudengo;04;Biossido di azoto (NO2);23;microgrammi / metro cubo;25.0;V;
22/11/2015;16:00;13;001272;805;Torino - Rebaudengo;04;Biossido di azoto (NO2);23;microgrammi / metro cubo;54.0;V;
22/11/2015;17:00;13;001272;805;Torino - Rebaudengo;04;Biossido di azoto (NO2);23;microgrammi / metro cubo;70.0;V;
22/11/2015;18:00;13;001272;805;Torino - Rebaudengo;04;Biossido di azoto (NO2);23;microgrammi / metro cubo;90.0;V;
22/11/2015;19:00;13;001272;805;Torino - Rebaudengo;04;Biossido di azoto (NO2);23;microgrammi / metro cubo;103.0;V;
22/11/2015;20:00;13;001272;805;Torino - Rebaudengo;04;Biossido di azoto (NO2);23;microgrammi / metro cubo;98.0;V;
22/11/2015;21:00;13;001272;805;Torino - Rebaudengo;04;Biossido di azoto (NO2);23;microgrammi / metro cubo;87.0;V;
22/11/2015;22:00;13;001272;805;Torino - Rebaudengo;04;Biossido di azoto (NO2);23;microgrammi / metro cubo;87.0;V;
22/11/2015;23:00;13;001272;805;Torino - Rebaudengo;04;Biossido di azoto (NO2);23;microgrammi / metro cubo;85.0;V;
22/11/2015;23:59;13;001272;805;Torino - Rebaudengo;04;Biossido di azoto (NO2);23;microgrammi / metro cubo;73.0;V;
23/11/2015;01:00;13;001272;805;Torino - Rebaudengo;04;Biossido di azoto (NO2);23;microgrammi / metro cubo;66.0;V;
23/11/2015;02:00;13;001272;805;Torino - Rebaudengo;04;Biossido di azoto (NO2);23;microgrammi / metro cubo;71.0;V;
23/11/2015;03:00;13;001272;805;Torino - Rebaudengo;04;Biossido di azoto (NO2);23;microgrammi / metro cubo;64.0;V;
23/11/2015;04:00;13;001272;805;Torino - Rebaudengo;04;Biossido di azoto (NO2);23;microgrammi / metro cubo;40.0;V;
23/11/2015;05:00;13;001272;805;Torino - Rebaudengo;04;Biossido di azoto (NO2);23;microgrammi / metro cubo;46.0;V;
23/11/2015;06:00;13;001272;805;Torino - Rebaudengo;04;Biossido di azoto (NO2);23;microgrammi / metro cubo;52.0;V;
23/11/2015;07:00;13;001272;805;Torino - Rebaudengo;04;Biossido di azoto (NO2);23;microgrammi / metro cubo;63.0;V;
23/11/2015;08:00;13;001272;805;Torino - Rebaudengo;04;Biossido di azoto (NO2);23;microgrammi / metro cubo;90.0;V;
23/11/2015;09:00;13;001272;805;Torino - Rebaudengo;04;Biossido di azoto (NO2);23;microgrammi / metro cubo;97.0;V;
23/11/2015;10:00;13;001272;805;Torino - Rebaudengo;04;Biossido di azoto (NO2);23;microgrammi / metro cubo;91.0;V;
23/11/2015;11:00;13;001272;805;Torino - Rebaudengo;04;Biossido di azoto (NO2);23;microgrammi / metro cubo;52.0;V;
23/11/2015;12:00;13;001272;805;Torino - Rebaudengo;04;Biossido di azoto (NO2);23;microgrammi / metro cubo;48.0;V;
23/11/2015;13:00;13;001272;805;Torino - Rebaudengo;04;Biossido di azoto (NO2);23;microgrammi / metro cubo;48.0;V;
23/11/2015;14:00;13;001272;805;Torino - Rebaudengo;04;Biossido di azoto (NO2);23;microgrammi / metro cubo;46.0;V;
23/11/2015;15:00;13;001272;805;Torino - Rebaudengo;04;Biossido di azoto (NO2);23;microgrammi / metro cubo;51.0;V;
23/11/2015;16:00;13;001272;805;Torino - Rebaudengo;04;Biossido di azoto (NO2);23;microgrammi / metro cubo;59.0;V;
23/11/2015;17:00;13;001272;805;Torino - Rebaudengo;04;Biossido di azoto (NO2);23;microgrammi / metro cubo;66.0;V;
23/11/2015;18:00;13;001272;805;Torino - Rebaudengo;04;Biossido di azoto (NO2);23;microgrammi / metro cubo;90.0;V;
23/11/2015;19:00;13;001272;805;Torino - Rebaudengo;04;Biossido di azoto (NO2);23;microgrammi / metro cubo;83.0;V;
23/11/2015;20:00;13;001272;805;Torino - Rebaudengo;04;Biossido di azoto (NO2);23;microgrammi / metro cubo;79.0;V;
23/11/2015;21:00;13;001272;805;Torino - Rebaudengo;04;Biossido di azoto (NO2);23;microgrammi / metro cubo;85.0;V;
23/11/2015;22:00;13;001272;805;Torino - Rebaudengo;04;Biossido di azoto (NO2);23;microgrammi / metro cubo;79.0;V;
23/11/2015;23:00;13;001272;805;Torino - Rebaudengo;04;Biossido di azoto (NO2);23;microgrammi / metro cubo;68.0;V;
23/11/2015;23:59;13;001272;805;Torino - Rebaudengo;04;Biossido di azoto (NO2);23;microgrammi / metro cubo;64.0;V;
24/11/2015;01:00;13;001272;805;Torino - Rebaudengo;04;Biossido di azoto (NO2);23;microgrammi / metro cubo;59.0;V;
24/11/2015;02:00;13;001272;805;Torino - Rebaudengo;04;Biossido di azoto (NO2);23;microgrammi / metro cubo;50.0;V;
24/11/2015;03:00;13;001272;805;Torino - Rebaudengo;04;Biossido di azoto (NO2);23;microgrammi / metro cubo;45.0;V;
24/11/2015;04:00;13;001272;805;Torino - Rebaudengo;04;Biossido di azoto (NO2);23;microgrammi / metro cubo;44.0;V;
24/11/2015;05:00;13;001272;805;Torino - Rebaudengo;04;Biossido di azoto (NO2);23;microgrammi / metro cubo;43.0;V;
24/11/2015;06:00;13;001272;805;Torino - Rebaudengo;04;Biossido di azoto (NO2);23;microgrammi / metro cubo;45.0;V;
24/11/2015;07:00;13;001272;805;Torino - Rebaudengo;04;Biossido di azoto (NO2);23;microgrammi / metro cubo;71.0;V;
24/11/2015;08:00;13;001272;805;Torino - Rebaudengo;04;Biossido di azoto (NO2);23;microgrammi / metro cubo;92.0;V;
24/11/2015;09:00;13;001272;805;Torino - Rebaudengo;04;Biossido di azoto (NO2);23;microgrammi / metro cubo;117.0;V;
24/11/2015;10:00;13;001272;805;Torino - Rebaudengo;04;Biossido di azoto (NO2);23;microgrammi / metro cubo;114.0;V;
24/11/2015;11:00;13;001272;805;Torino - Rebaudengo;04;Biossido di azoto (NO2);23;microgrammi / metro cubo;138.0;V;
24/11/2015;12:00;13;001272;805;Torino - Rebaudengo;04;Biossido di azoto (NO2);23;microgrammi / metro cubo;125.0;V;
24/11/2015;13:00;13;001272;805;Torino - Rebaudengo;04;Biossido di azoto (NO2);23;microgrammi / metro cubo;97.0;V;
24/11/2015;14:00;13;001272;805;Torino - Rebaudengo;04;Biossido di azoto (NO2);23;microgrammi / metro cubo;77.0;V;
24/11/2015;15:00;13;001272;805;Torino - Rebaudengo;04;Biossido di azoto (NO2);23;microgrammi / metro cubo;80.0;V;
24/11/2015;16:00;13;001272;805;Torino - Rebaudengo;04;Biossido di azoto (NO2);23;microgrammi / metro cubo;82.0;V;
24/11/2015;17:00;13;001272;805;Torino - Rebaudengo;04;Biossido di azoto (NO2);23;microgrammi / metro cubo;97.0;V;
24/11/2015;18:00;13;001272;805;Torino - Rebaudengo;04;Biossido di azoto (NO2);23;microgrammi / metro cubo;110.0;V;
24/11/2015;19:00;13;001272;805;Torino - Rebaudengo;04;Biossido di azoto (NO2);23;microgrammi / metro cubo;118.0;V;
24/11/2015;20:00;13;001272;805;Torino - Rebaudengo;04;Biossido di azoto (NO2);23;microgrammi / metro cubo;101.0;V;
24/11/2015;21:00;13;001272;805;Torino - Rebaudengo;04;Biossido di azoto (NO2);23;microgrammi / metro cubo;97.0;V;
24/11/2015;22:00;13;001272;805;Torino - Rebaudengo;04;Biossido di azoto (NO2);23;microgrammi / metro cubo;92.0;V;
24/11/2015;23:00;13;001272;805;Torino - Rebaudengo;04;Biossido di azoto (NO2);23;microgrammi / metro cubo;92.0;V;
24/11/2015;23:59;13;001272;805;Torino - Rebaudengo;04;Biossido di azoto (NO2);23;microgrammi / metro cubo;82.0;V;
25/11/2015;01:00;13;001272;805;Torino - Rebaudengo;04;Biossido di azoto (NO2);23;microgrammi / metro cubo;72.0;V;
25/11/2015;02:00;13;001272;805;Torino - Rebaudengo;04;Biossido di azoto (NO2);23;microgrammi / metro cubo;74.0;V;
25/11/2015;03:00;13;001272;805;Torino - Rebaudengo;04;Biossido di azoto (NO2);23;microgrammi / metro cubo;65.0;V;
25/11/2015;04:00;13;001272;805;Torino - Rebaudengo;04;Biossido di azoto (NO2);23;microgrammi / metro cubo;58.0;V;
25/11/2015;05:00;13;001272;805;Torino - Rebaudengo;04;Biossido di azoto (NO2);23;microgrammi / metro cubo;57.0;V;
25/11/2015;06:00;13;001272;805;Torino - Rebaudengo;04;Biossido di azoto (NO2);23;microgrammi / metro cubo;56.0;V;
25/11/2015;07:00;13;001272;805;Torino - Rebaudengo;04;Biossido di azoto (NO2);23;microgrammi / metro cubo;63.0;V;
25/11/2015;08:00;13;001272;805;Torino - Rebaudengo;04;Biossido di azoto (NO2);23;microgrammi / metro cubo;67.0;V;
25/11/2015;09:00;13;001272;805;Torino - Rebaudengo;04;Biossido di azoto (NO2);23;microgrammi / metro cubo;87.0;V;
25/11/2015;10:00;13;001272;805;Torino - Rebaudengo;04;Biossido di azoto (NO2);23;microgrammi / metro cubo;105.0;V;
25/11/2015;11:00;13;001272;805;Torino - Rebaudengo;04;Biossido di azoto (NO2);23;microgrammi / metro cubo;79.0;V;
25/11/2015;12:00;13;001272;805;Torino - Rebaudengo;04;Biossido di azoto (NO2);23;microgrammi / metro cubo;84.0;V;
25/11/2015;13:00;13;001272;805;Torino - Rebaudengo;04;Biossido di azoto (NO2);23;microgrammi / metro cubo;94.0;V;
25/11/2015;14:00;13;001272;805;Torino - Rebaudengo;04;Biossido di azoto (NO2);23;microgrammi / metro cubo;66.0;V;
25/11/2015;15:00;13;001272;805;Torino - Rebaudengo;04;Biossido di azoto (NO2);23;microgrammi / metro cubo;65.0;V;
25/11/2015;16:00;13;001272;805;Torino - Rebaudengo;04;Biossido di azoto (NO2);23;microgrammi / metro cubo;74.0;V;
25/11/2015;17:00;13;001272;805;Torino - Rebaudengo;04;Biossido di azoto (NO2);23;microgrammi / metro cubo;85.0;V;
25/11/2015;18:00;13;001272;805;Torino - Rebaudengo;04;Biossido di azoto (NO2);23;microgrammi / metro cubo;93.0;V;
25/11/2015;19:00;13;001272;805;Torino - Rebaudengo;04;Biossido di azoto (NO2);23;microgrammi / metro cubo;97.0;V;
25/11/2015;20:00;13;001272;805;Torino - Rebaudengo;04;Biossido di azoto (NO2);23;microgrammi / metro cubo;112.0;V;
25/11/2015;21:00;13;001272;805;Torino - Rebaudengo;04;Biossido di azoto (NO2);23;microgrammi / metro cubo;87.0;V;
25/11/2015;22:00;13;001272;805;Torino - Rebaudengo;04;Biossido di azoto (NO2);23;microgrammi / metro cubo;79.0;V;
25/11/2015;23:00;13;001272;805;Torino - Rebaudengo;04;Biossido di azoto (NO2);23;microgrammi / metro cubo;87.0;V;
25/11/2015;23:59;13;001272;805;Torino - Rebaudengo;04;Biossido di azoto (NO2);23;microgrammi / metro cubo;91.0;V;
26/11/2015;01:00;13;001272;805;Torino - Rebaudengo;04;Biossido di azoto (NO2);23;microgrammi / metro cubo;85.0;V;
26/11/2015;02:00;13;001272;805;Torino - Rebaudengo;04;Biossido di azoto (NO2);23;microgrammi / metro cubo;73.0;V;
26/11/2015;03:00;13;001272;805;Torino - Rebaudengo;04;Biossido di azoto (NO2);23;microgrammi / metro cubo;61.0;V;
26/11/2015;04:00;13;001272;805;Torino - Rebaudengo;04;Biossido di azoto (NO2);23;microgrammi / metro cubo;55.0;V;
26/11/2015;05:00;13;001272;805;Torino - Rebaudengo;04;Biossido di azoto (NO2);23;microgrammi / metro cubo;61.0;V;
26/11/2015;06:00;13;001272;805;Torino - Rebaudengo;04;Biossido di azoto (NO2);23;microgrammi / metro cubo;60.0;V;
26/11/2015;07:00;13;001272;805;Torino - Rebaudengo;04;Biossido di azoto (NO2);23;microgrammi / metro cubo;63.0;V;
26/11/2015;08:00;13;001272;805;Torino - Rebaudengo;04;Biossido di azoto (NO2);23;microgrammi / metro cubo;115.0;V;
26/11/2015;09:00;13;001272;805;Torino - Rebaudengo;04;Biossido di azoto (NO2);23;microgrammi / metro cubo;132.0;V;
26/11/2015;10:00;13;001272;805;Torino - Rebaudengo;04;Biossido di azoto (NO2);23;microgrammi / metro cubo;156.0;V;
26/11/2015;11:00;13;001272;805;Torino - Rebaudengo;04;Biossido di azoto (NO2);23;microgrammi / metro cubo;162.0;V;
26/11/2015;12:00;13;001272;805;Torino - Rebaudengo;04;Biossido di azoto (NO2);23;microgrammi / metro cubo;144.0;V;
26/11/2015;13:00;13;001272;805;Torino - Rebaudengo;04;Biossido di azoto (NO2);23;microgrammi / metro cubo;108.0;V;
26/11/2015;14:00;13;001272;805;Torino - Rebaudengo;04;Biossido di azoto (NO2);23;microgrammi / metro cubo;105.0;V;
26/11/2015;15:00;13;001272;805;Torino - Rebaudengo;04;Biossido di azoto (NO2);23;microgrammi / metro cubo;102.0;V;
26/11/2015;16:00;13;001272;805;Torino - Rebaudengo;04;Biossido di azoto (NO2);23;microgrammi / metro cubo;95.0;V;
26/11/2015;17:00;13;001272;805;Torino - Rebaudengo;04;Biossido di azoto (NO2);23;microgrammi / metro cubo;126.0;V;
26/11/2015;18:00;13;001272;805;Torino - Rebaudengo;04;Biossido di azoto (NO2);23;microgrammi / metro cubo;244.0;V;
26/11/2015;19:00;13;001272;805;Torino - Rebaudengo;04;Biossido di azoto (NO2);23;microgrammi / metro cubo;212.0;V;
26/11/2015;20:00;13;001272;805;Torino - Rebaudengo;04;Biossido di azoto (NO2);23;microgrammi / metro cubo;209.0;V;
26/11/2015;21:00;13;001272;805;Torino - Rebaudengo;04;Biossido di azoto (NO2);23;microgrammi / metro cubo;209.0;V;
26/11/2015;22:00;13;001272;805;Torino - Rebaudengo;04;Biossido di azoto (NO2);23;microgrammi / metro cubo;146.0;V;
26/11/2015;23:00;13;001272;805;Torino - Rebaudengo;04;Biossido di azoto (NO2);23;microgrammi / metro cubo;126.0;V;
26/11/2015;23:59;13;001272;805;Torino - Rebaudengo;04;Biossido di azoto (NO2);23;microgrammi / metro cubo;94.0;V;
27/11/2015;01:00;13;001272;805;Torino - Rebaudengo;04;Biossido di azoto (NO2);23;microgrammi / metro cubo;87.0;V;
27/11/2015;02:00;13;001272;805;Torino - Rebaudengo;04;Biossido di azoto (NO2);23;microgrammi / metro cubo;90.0;V;
27/11/2015;03:00;13;001272;805;Torino - Rebaudengo;04;Biossido di azoto (NO2);23;microgrammi / metro cubo;74.0;V;
27/11/2015;04:00;13;001272;805;Torino - Rebaudengo;04;Biossido di azoto (NO2);23;microgrammi / metro cubo;61.0;V;
27/11/2015;05:00;13;001272;805;Torino - Rebaudengo;04;Biossido di azoto (NO2);23;microgrammi / metro cubo;71.0;V;
27/11/2015;06:00;13;001272;805;Torino - Rebaudengo;04;Biossido di azoto (NO2);23;microgrammi / metro cubo;77.0;V;
27/11/2015;07:00;13;001272;805;Torino - Rebaudengo;04;Biossido di azoto (NO2);23;microgrammi / metro cubo;75.0;V;
27/11/2015;08:00;13;001272;805;Torino - Rebaudengo;04;Biossido di azoto (NO2);23;microgrammi / metro cubo;126.0;V;
27/11/2015;09:00;13;001272;805;Torino - Rebaudengo;04;Biossido di azoto (NO2);23;microgrammi / metro cubo;197.0;V;
27/11/2015;10:00;13;001272;805;Torino - Rebaudengo;04;Biossido di azoto (NO2);23;microgrammi / metro cubo;176.0;V;
27/11/2015;11:00;13;001272;805;Torino - Rebaudengo;04;Biossido di azoto (NO2);23;microgrammi / metro cubo;170.0;V;
27/11/2015;12:00;13;001272;805;Torino - Rebaudengo;04;Biossido di azoto (NO2);23;microgrammi / metro cubo;137.0;V;
27/11/2015;13:00;13;001272;805;Torino - Rebaudengo;04;Biossido di azoto (NO2);23;microgrammi / metro cubo;93.0;V;
27/11/2015;14:00;13;001272;805;Torino - Rebaudengo;04;Biossido di azoto (NO2);23;microgrammi / metro cubo;86.0;V;
27/11/2015;15:00;13;001272;805;Torino - Rebaudengo;04;Biossido di azoto (NO2);23;microgrammi / metro cubo;90.0;V;
27/11/2015;16:00;13;001272;805;Torino - Rebaudengo;04;Biossido di azoto (NO2);23;microgrammi / metro cubo;94.0;V;
27/11/2015;17:00;13;001272;805;Torino - Rebaudengo;04;Biossido di azoto (NO2);23;microgrammi / metro cubo;117.0;V;
27/11/2015;18:00;13;001272;805;Torino - Rebaudengo;04;Biossido di azoto (NO2);23;microgrammi / metro cubo;150.0;V;
27/11/2015;19:00;13;001272;805;Torino - Rebaudengo;04;Biossido di azoto (NO2);23;microgrammi / metro cubo;189.0;V;
27/11/2015;20:00;13;001272;805;Torino - Rebaudengo;04;Biossido di azoto (NO2);23;microgrammi / metro cubo;130.0;V;
27/11/2015;21:00;13;001272;805;Torino - Rebaudengo;04;Biossido di azoto (NO2);23;microgrammi / metro cubo;117.0;V;
27/11/2015;22:00;13;001272;805;Torino - Rebaudengo;04;Biossido di azoto (NO2);23;microgrammi / metro cubo;117.0;V;
27/11/2015;23:00;13;001272;805;Torino - Rebaudengo;04;Biossido di azoto (NO2);23;microgrammi / metro cubo;110.0;V;
27/11/2015;23:59;13;001272;805;Torino - Rebaudengo;04;Biossido di azoto (NO2);23;microgrammi / metro cubo;100.0;V;
28/11/2015;01:00;13;001272;805;Torino - Rebaudengo;04;Biossido di azoto (NO2);23;microgrammi / metro cubo;86.0;V;
28/11/2015;02:00;13;001272;805;Torino - Rebaudengo;04;Biossido di azoto (NO2);23;microgrammi / metro cubo;86.0;V;
28/11/2015;03:00;13;001272;805;Torino - Rebaudengo;04;Biossido di azoto (NO2);23;microgrammi / metro cubo;80.0;V;
28/11/2015;04:00;13;001272;805;Torino - Rebaudengo;04;Biossido di azoto (NO2);23;microgrammi / metro cubo;70.0;V;
28/11/2015;05:00;13;001272;805;Torino - Rebaudengo;04;Biossido di azoto (NO2);23;microgrammi / metro cubo;68.0;V;
28/11/2015;06:00;13;001272;805;Torino - Rebaudengo;04;Biossido di azoto (NO2);23;microgrammi / metro cubo;69.0;V;
28/11/2015;07:00;13;001272;805;Torino - Rebaudengo;04;Biossido di azoto (NO2);23;microgrammi / metro cubo;70.0;V;
28/11/2015;08:00;13;001272;805;Torino - Rebaudengo;04;Biossido di azoto (NO2);23;microgrammi / metro cubo;83.0;V;
28/11/2015;09:00;13;001272;805;Torino - Rebaudengo;04;Biossido di azoto (NO2);23;microgrammi / metro cubo;98.0;V;
28/11/2015;10:00;13;001272;805;Torino - Rebaudengo;04;Biossido di azoto (NO2);23;microgrammi / metro cubo;113.0;V;
28/11/2015;11:00;13;001272;805;Torino - Rebaudengo;04;Biossido di azoto (NO2);23;microgrammi / metro cubo;125.0;V;
28/11/2015;12:00;13;001272;805;Torino - Rebaudengo;04;Biossido di azoto (NO2);23;microgrammi / metro cubo;127.0;V;
28/11/2015;13:00;13;001272;805;Torino - Rebaudengo;04;Biossido di azoto (NO2);23;microgrammi / metro cubo;127.0;V;
28/11/2015;14:00;13;001272;805;Torino - Rebaudengo;04;Biossido di azoto (NO2);23;microgrammi / metro cubo;115.0;V;
28/11/2015;15:00;13;001272;805;Torino - Rebaudengo;04;Biossido di azoto (NO2);23;microgrammi / metro cubo;108.0;V;
28/11/2015;16:00;13;001272;805;Torino - Rebaudengo;04;Biossido di azoto (NO2);23;microgrammi / metro cubo;118.0;V;
28/11/2015;17:00;13;001272;805;Torino - Rebaudengo;04;Biossido di azoto (NO2);23;microgrammi / metro cubo;133.0;V;
28/11/2015;18:00;13;001272;805;Torino - Rebaudengo;04;Biossido di azoto (NO2);23;microgrammi / metro cubo;155.0;V;
28/11/2015;19:00;13;001272;805;Torino - Rebaudengo;04;Biossido di azoto (NO2);23;microgrammi / metro cubo;162.0;V;
28/11/2015;20:00;13;001272;805;Torino - Rebaudengo;04;Biossido di azoto (NO2);23;microgrammi / metro cubo;150.0;V;
28/11/2015;21:00;13;001272;805;Torino - Rebaudengo;04;Biossido di azoto (NO2);23;microgrammi / metro cubo;142.0;V;
28/11/2015;22:00;13;001272;805;Torino - Rebaudengo;04;Biossido di azoto (NO2);23;microgrammi / metro cubo;98.0;V;
28/11/2015;23:00;13;001272;805;Torino - Rebaudengo;04;Biossido di azoto (NO2);23;microgrammi / metro cubo;115.0;V;
28/11/2015;23:59;13;001272;805;Torino - Rebaudengo;04;Biossido di azoto (NO2);23;microgrammi / metro cubo;91.0;V;
29/11/2015;01:00;13;001272;805;Torino - Rebaudengo;04;Biossido di azoto (NO2);23;microgrammi / metro cubo;91.0;V;
29/11/2015;02:00;13;001272;805;Torino - Rebaudengo;04;Biossido di azoto (NO2);23;microgrammi / metro cubo;114.0;V;
29/11/2015;03:00;13;001272;805;Torino - Rebaudengo;04;Biossido di azoto (NO2);23;microgrammi / metro cubo;85.0;V;
29/11/2015;04:00;13;001272;805;Torino - Rebaudengo;04;Biossido di azoto (NO2);23;microgrammi / metro cubo;81.0;V;
29/11/2015;05:00;13;001272;805;Torino - Rebaudengo;04;Biossido di azoto (NO2);23;microgrammi / metro cubo;70.0;V;
29/11/2015;06:00;13;001272;805;Torino - Rebaudengo;04;Biossido di azoto (NO2);23;microgrammi / metro cubo;67.0;V;
29/11/2015;07:00;13;001272;805;Torino - Rebaudengo;04;Biossido di azoto (NO2);23;microgrammi / metro cubo;67.0;V;
29/11/2015;08:00;13;001272;805;Torino - Rebaudengo;04;Biossido di azoto (NO2);23;microgrammi / metro cubo;64.0;V;
29/11/2015;09:00;13;001272;805;Torino - Rebaudengo;04;Biossido di azoto (NO2);23;microgrammi / metro cubo;64.0;V;
29/11/2015;10:00;13;001272;805;Torino - Rebaudengo;04;Biossido di azoto (NO2);23;microgrammi / metro cubo;68.0;V;
29/11/2015;11:00;13;001272;805;Torino - Rebaudengo;04;Biossido di azoto (NO2);23;microgrammi / metro cubo;90.0;V;
29/11/2015;12:00;13;001272;805;Torino - Rebaudengo;04;Biossido di azoto (NO2);23;microgrammi / metro cubo;104.0;V;
29/11/2015;13:00;13;001272;805;Torino - Rebaudengo;04;Biossido di azoto (NO2);23;microgrammi / metro cubo;134.0;V;
29/11/2015;14:00;13;001272;805;Torino - Rebaudengo;04;Biossido di azoto (NO2);23;microgrammi / metro cubo;121.0;V;
29/11/2015;15:00;13;001272;805;Torino - Rebaudengo;04;Biossido di azoto (NO2);23;microgrammi / metro cubo;115.0;V;
29/11/2015;16:00;13;001272;805;Torino - Rebaudengo;04;Biossido di azoto (NO2);23;microgrammi / metro cubo;99.0;V;
29/11/2015;17:00;13;001272;805;Torino - Rebaudengo;04;Biossido di azoto (NO2);23;microgrammi / metro cubo;107.0;V;
29/11/2015;18:00;13;001272;805;Torino - Rebaudengo;04;Biossido di azoto (NO2);23;microgrammi / metro cubo;129.0;V;
29/11/2015;19:00;13;001272;805;Torino - Rebaudengo;04;Biossido di azoto (NO2);23;microgrammi / metro cubo;140.0;V;
29/11/2015;20:00;13;001272;805;Torino - Rebaudengo;04;Biossido di azoto (NO2);23;microgrammi / metro cubo;156.0;V;
29/11/2015;21:00;13;001272;805;Torino - Rebaudengo;04;Biossido di azoto (NO2);23;microgrammi / metro cubo;151.0;V;
29/11/2015;22:00;13;001272;805;Torino - Rebaudengo;04;Biossido di azoto (NO2);23;microgrammi / metro cubo;134.0;V;
29/11/2015;23:00;13;001272;805;Torino - Rebaudengo;04;Biossido di azoto (NO2);23;microgrammi / metro cubo;112.0;V;
29/11/2015;23:59;13;001272;805;Torino - Rebaudengo;04;Biossido di azoto (NO2);23;microgrammi / metro cubo;103.0;V;
30/11/2015;01:00;13;001272;805;Torino - Rebaudengo;04;Biossido di azoto (NO2);23;microgrammi / metro cubo;84.0;V;
30/11/2015;02:00;13;001272;805;Torino - Rebaudengo;04;Biossido di azoto (NO2);23;microgrammi / metro cubo;77.0;V;
30/11/2015;03:00;13;001272;805;Torino - Rebaudengo;04;Biossido di azoto (NO2);23;microgrammi / metro cubo;73.0;V;
30/11/2015;04:00;13;001272;805;Torino - Rebaudengo;04;Biossido di azoto (NO2);23;microgrammi / metro cubo;63.0;V;
30/11/2015;05:00;13;001272;805;Torino - Rebaudengo;04;Biossido di azoto (NO2);23;microgrammi / metro cubo;72.0;V;
30/11/2015;06:00;13;001272;805;Torino - Rebaudengo;04;Biossido di azoto (NO2);23;microgrammi / metro cubo;73.0;V;
30/11/2015;07:00;13;001272;805;Torino - Rebaudengo;04;Biossido di azoto (NO2);23;microgrammi / metro cubo;97.0;V;
30/11/2015;08:00;13;001272;805;Torino - Rebaudengo;04;Biossido di azoto (NO2);23;microgrammi / metro cubo;119.0;V;
30/11/2015;09:00;13;001272;805;Torino - Rebaudengo;04;Biossido di azoto (NO2);23;microgrammi / metro cubo;156.0;V;
30/11/2015;10:00;13;001272;805;Torino - Rebaudengo;04;Biossido di azoto (NO2);23;microgrammi / metro cubo;205.0;V;
30/11/2015;11:00;13;001272;805;Torino - Rebaudengo;04;Biossido di azoto (NO2);23;microgrammi / metro cubo;203.0;V;
30/11/2015;12:00;13;001272;805;Torino - Rebaudengo;04;Biossido di azoto (NO2);23;microgrammi / metro cubo;224.0;V;
30/11/2015;13:00;13;001272;805;Torino - Rebaudengo;04;Biossido di azoto (NO2);23;microgrammi / metro cubo;162.0;V;
30/11/2015;14:00;13;001272;805;Torino - Rebaudengo;04;Biossido di azoto (NO2);23;microgrammi / metro cubo;110.0;V;
30/11/2015;15:00;13;001272;805;Torino - Rebaudengo;04;Biossido di azoto (NO2);23;microgrammi / metro cubo;113.0;V;
30/11/2015;16:00;13;001272;805;Torino - Rebaudengo;04;Biossido di azoto (NO2);23;microgrammi / metro cubo;113.0;V;
30/11/2015;17:00;13;001272;805;Torino - Rebaudengo;04;Biossido di azoto (NO2);23;microgrammi / metro cubo;169.0;V;
30/11/2015;18:00;13;001272;805;Torino - Rebaudengo;04;Biossido di azoto (NO2);23;microgrammi / metro cubo;239.0;V;
30/11/2015;19:00;13;001272;805;Torino - Rebaudengo;04;Biossido di azoto (NO2);23;microgrammi / metro cubo;220.0;V;
30/11/2015;20:00;13;001272;805;Torino - Rebaudengo;04;Biossido di azoto (NO2);23;microgrammi / metro cubo;245.0;V;
30/11/2015;21:00;13;001272;805;Torino - Rebaudengo;04;Biossido di azoto (NO2);23;microgrammi / metro cubo;185.0;V;
30/11/2015;22:00;13;001272;805;Torino - Rebaudengo;04;Biossido di azoto (NO2);23;microgrammi / metro cubo;131.0;V;
30/11/2015;23:00;13;001272;805;Torino - Rebaudengo;04;Biossido di azoto (NO2);23;microgrammi / metro cubo;122.0;V;
30/11/2015;23:59;13;001272;805;Torino - Rebaudengo;04;Biossido di azoto (NO2);23;microgrammi / metro cubo;98.0;V;
01/12/2015;01:00;13;001272;805;Torino - Rebaudengo;04;Biossido di azoto (NO2);23;microgrammi / metro cubo;99.0;V;
01/12/2015;02:00;13;001272;805;Torino - Rebaudengo;04;Biossido di azoto (NO2);23;microgrammi / metro cubo;98.0;V;
01/12/2015;03:00;13;001272;805;Torino - Rebaudengo;04;Biossido di azoto (NO2);23;microgrammi / metro cubo;78.0;V;
01/12/2015;04:00;13;001272;805;Torino - Rebaudengo;04;Biossido di azoto (NO2);23;microgrammi / metro cubo;78.0;V;
01/12/2015;05:00;13;001272;805;Torino - Rebaudengo;04;Biossido di azoto (NO2);23;microgrammi / metro cubo;73.0;V;
01/12/2015;06:00;13;001272;805;Torino - Rebaudengo;04;Biossido di azoto (NO2);23;microgrammi / metro cubo;90.0;V;
01/12/2015;07:00;13;001272;805;Torino - Rebaudengo;04;Biossido di azoto (NO2);23;microgrammi / metro cubo;106.0;V;
01/12/2015;08:00;13;001272;805;Torino - Rebaudengo;04;Biossido di azoto (NO2);23;microgrammi / metro cubo;148.0;V;
01/12/2015;09:00;13;001272;805;Torino - Rebaudengo;04;Biossido di azoto (NO2);23;microgrammi / metro cubo;173.0;V;
01/12/2015;10:00;13;001272;805;Torino - Rebaudengo;04;Biossido di azoto (NO2);23;microgrammi / metro cubo;178.0;V;
01/12/2015;11:00;13;001272;805;Torino - Rebaudengo;04;Biossido di azoto (NO2);23;microgrammi / metro cubo;195.0;V;
01/12/2015;12:00;13;001272;805;Torino - Rebaudengo;04;Biossido di azoto (NO2);23;microgrammi / metro cubo;161.0;V;
01/12/2015;13:00;13;001272;805;Torino - Rebaudengo;04;Biossido di azoto (NO2);23;microgrammi / metro cubo;108.0;V;
01/12/2015;14:00;13;001272;805;Torino - Rebaudengo;04;Biossido di azoto (NO2);23;microgrammi / metro cubo;101.0;V;
01/12/2015;15:00;13;001272;805;Torino - Rebaudengo;04;Biossido di azoto (NO2);23;microgrammi / metro cubo;102.0;V;
01/12/2015;16:00;13;001272;805;Torino - Rebaudengo;04;Biossido di azoto (NO2);23;microgrammi / metro cubo;117.0;V;
01/12/2015;17:00;13;001272;805;Torino - Rebaudengo;04;Biossido di azoto (NO2);23;microgrammi / metro cubo;158.0;V;
01/12/2015;18:00;13;001272;805;Torino - Rebaudengo;04;Biossido di azoto (NO2);23;microgrammi / metro cubo;232.0;V;
01/12/2015;19:00;13;001272;805;Torino - Rebaudengo;04;Biossido di azoto (NO2);23;microgrammi / metro cubo;234.0;V;
01/12/2015;20:00;13;001272;805;Torino - Rebaudengo;04;Biossido di azoto (NO2);23;microgrammi / metro cubo;247.0;V;
01/12/2015;21:00;13;001272;805;Torino - Rebaudengo;04;Biossido di azoto (NO2);23;microgrammi / metro cubo;184.0;V;
01/12/2015;22:00;13;001272;805;Torino - Rebaudengo;04;Biossido di azoto (NO2);23;microgrammi / metro cubo;140.0;V;
01/12/2015;23:00;13;001272;805;Torino - Rebaudengo;04;Biossido di azoto (NO2);23;microgrammi / metro cubo;104.0;V;
01/12/2015;23:59;13;001272;805;Torino - Rebaudengo;04;Biossido di azoto (NO2);23;microgrammi / metro cubo;109.0;V;
02/12/2015;01:00;13;001272;805;Torino - Rebaudengo;04;Biossido di azoto (NO2);23;microgrammi / metro cubo;90.0;V;
02/12/2015;02:00;13;001272;805;Torino - Rebaudengo;04;Biossido di azoto (NO2);23;microgrammi / metro cubo;65.0;V;
02/12/2015;03:00;13;001272;805;Torino - Rebaudengo;04;Biossido di azoto (NO2);23;microgrammi / metro cubo;71.0;V;
02/12/2015;04:00;13;001272;805;Torino - Rebaudengo;04;Biossido di azoto (NO2);23;microgrammi / metro cubo;73.0;V;
02/12/2015;05:00;13;001272;805;Torino - Rebaudengo;04;Biossido di azoto (NO2);23;microgrammi / metro cubo;71.0;V;
02/12/2015;06:00;13;001272;805;Torino - Rebaudengo;04;Biossido di azoto (NO2);23;microgrammi / metro cubo;81.0;V;
02/12/2015;07:00;13;001272;805;Torino - Rebaudengo;04;Biossido di azoto (NO2);23;microgrammi / metro cubo;86.0;V;
02/12/2015;08:00;13;001272;805;Torino - Rebaudengo;04;Biossido di azoto (NO2);23;microgrammi / metro cubo;89.0;V;
02/12/2015;09:00;13;001272;805;Torino - Rebaudengo;04;Biossido di azoto (NO2);23;microgrammi / metro cubo;116.0;V;
02/12/2015;10:00;13;001272;805;Torino - Rebaudengo;04;Biossido di azoto (NO2);23;microgrammi / metro cubo;131.0;V;
02/12/2015;11:00;13;001272;805;Torino - Rebaudengo;04;Biossido di azoto (NO2);23;microgrammi / metro cubo;131.0;V;
02/12/2015;12:00;13;001272;805;Torino - Rebaudengo;04;Biossido di azoto (NO2);23;microgrammi / metro cubo;122.0;V;
02/12/2015;13:00;13;001272;805;Torino - Rebaudengo;04;Biossido di azoto (NO2);23;microgrammi / metro cubo;110.0;V;
02/12/2015;14:00;13;001272;805;Torino - Rebaudengo;04;Biossido di azoto (NO2);23;microgrammi / metro cubo;110.0;V;
02/12/2015;15:00;13;001272;805;Torino - Rebaudengo;04;Biossido di azoto (NO2);23;microgrammi / metro cubo;111.0;V;
02/12/2015;16:00;13;001272;805;Torino - Rebaudengo;04;Biossido di azoto (NO2);23;microgrammi / metro cubo;116.0;V;
02/12/2015;17:00;13;001272;805;Torino - Rebaudengo;04;Biossido di azoto (NO2);23;microgrammi / metro cubo;130.0;V;
02/12/2015;18:00;13;001272;805;Torino - Rebaudengo;04;Biossido di azoto (NO2);23;microgrammi / metro cubo;142.0;V;
02/12/2015;19:00;13;001272;805;Torino - Rebaudengo;04;Biossido di azoto (NO2);23;microgrammi / metro cubo;197.0;V;
02/12/2015;20:00;13;001272;805;Torino - Rebaudengo;04;Biossido di azoto (NO2);23;microgrammi / metro cubo;156.0;V;
02/12/2015;21:00;13;001272;805;Torino - Rebaudengo;04;Biossido di azoto (NO2);23;microgrammi / metro cubo;111.0;V;
02/12/2015;22:00;13;001272;805;Torino - Rebaudengo;04;Biossido di azoto (NO2);23;microgrammi / metro cubo;100.0;V;
02/12/2015;23:00;13;001272;805;Torino - Rebaudengo;04;Biossido di azoto (NO2);23;microgrammi / metro cubo;87.0;V;
02/12/2015;23:59;13;001272;805;Torino - Rebaudengo;04;Biossido di azoto (NO2);23;microgrammi / metro cubo;78.0;V;
03/12/2015;01:00;13;001272;805;Torino - Rebaudengo;04;Biossido di azoto (NO2);23;microgrammi / metro cubo;71.0;V;
03/12/2015;02:00;13;001272;805;Torino - Rebaudengo;04;Biossido di azoto (NO2);23;microgrammi / metro cubo;68.0;V;
03/12/2015;03:00;13;001272;805;Torino - Rebaudengo;04;Biossido di azoto (NO2);23;microgrammi / metro cubo;60.0;V;
03/12/2015;04:00;13;001272;805;Torino - Rebaudengo;04;Biossido di azoto (NO2);23;microgrammi / metro cubo;58.0;V;
03/12/2015;05:00;13;001272;805;Torino - Rebaudengo;04;Biossido di azoto (NO2);23;microgrammi / metro cubo;61.0;V;
03/12/2015;06:00;13;001272;805;Torino - Rebaudengo;04;Biossido di azoto (NO2);23;microgrammi / metro cubo;74.0;V;
03/12/2015;07:00;13;001272;805;Torino - Rebaudengo;04;Biossido di azoto (NO2);23;microgrammi / metro cubo;85.0;V;
03/12/2015;08:00;13;001272;805;Torino - Rebaudengo;04;Biossido di azoto (NO2);23;microgrammi / metro cubo;113.0;V;
03/12/2015;09:00;13;001272;805;Torino - Rebaudengo;04;Biossido di azoto (NO2);23;microgrammi / metro cubo;162.0;V;
03/12/2015;10:00;13;001272;805;Torino - Rebaudengo;04;Biossido di azoto (NO2);23;microgrammi / metro cubo;190.0;V;
03/12/2015;11:00;13;001272;805;Torino - Rebaudengo;04;Biossido di azoto (NO2);23;microgrammi / metro cubo;178.0;V;
03/12/2015;12:00;13;001272;805;Torino - Rebaudengo;04;Biossido di azoto (NO2);23;microgrammi / metro cubo;160.0;V;
03/12/2015;13:00;13;001272;805;Torino - Rebaudengo;04;Biossido di azoto (NO2);23;microgrammi / metro cubo;158.0;V;
03/12/2015;14:00;13;001272;805;Torino - Rebaudengo;04;Biossido di azoto (NO2);23;microgrammi / metro cubo;154.0;V;
03/12/2015;15:00;13;001272;805;Torino - Rebaudengo;04;Biossido di azoto (NO2);23;microgrammi / metro cubo;149.0;V;
03/12/2015;16:00;13;001272;805;Torino - Rebaudengo;04;Biossido di azoto (NO2);23;microgrammi / metro cubo;142.0;V;
03/12/2015;17:00;13;001272;805;Torino - Rebaudengo;04;Biossido di azoto (NO2);23;microgrammi / metro cubo;136.0;V;
03/12/2015;18:00;13;001272;805;Torino - Rebaudengo;04;Biossido di azoto (NO2);23;microgrammi / metro cubo;149.0;V;
03/12/2015;19:00;13;001272;805;Torino - Rebaudengo;04;Biossido di azoto (NO2);23;microgrammi / metro cubo;167.0;V;
03/12/2015;20:00;13;001272;805;Torino - Rebaudengo;04;Biossido di azoto (NO2);23;microgrammi / metro cubo;136.0;V;
03/12/2015;21:00;13;001272;805;Torino - Rebaudengo;04;Biossido di azoto (NO2);23;microgrammi / metro cubo;110.0;V;
03/12/2015;22:00;13;001272;805;Torino - Rebaudengo;04;Biossido di azoto (NO2);23;microgrammi / metro cubo;107.0;V;
03/12/2015;23:00;13;001272;805;Torino - Rebaudengo;04;Biossido di azoto (NO2);23;microgrammi / metro cubo;96.0;V;
03/12/2015;23:59;13;001272;805;Torino - Rebaudengo;04;Biossido di azoto (NO2);23;microgrammi / metro cubo;79.0;V;
04/12/2015;01:00;13;001272;805;Torino - Rebaudengo;04;Biossido di azoto (NO2);23;microgrammi / metro cubo;70.0;V;
04/12/2015;02:00;13;001272;805;Torino - Rebaudengo;04;Biossido di azoto (NO2);23;microgrammi / metro cubo;64.0;V;
04/12/2015;03:00;13;001272;805;Torino - Rebaudengo;04;Biossido di azoto (NO2);23;microgrammi / metro cubo;68.0;V;
04/12/2015;04:00;13;001272;805;Torino - Rebaudengo;04;Biossido di azoto (NO2);23;microgrammi / metro cubo;68.0;V;
04/12/2015;05:00;13;001272;805;Torino - Rebaudengo;04;Biossido di azoto (NO2);23;microgrammi / metro cubo;68.0;V;
04/12/2015;06:00;13;001272;805;Torino - Rebaudengo;04;Biossido di azoto (NO2);23;microgrammi / metro cubo;67.0;V;
04/12/2015;07:00;13;001272;805;Torino - Rebaudengo;04;Biossido di azoto (NO2);23;microgrammi / metro cubo;87.0;V;
04/12/2015;08:00;13;001272;805;Torino - Rebaudengo;04;Biossido di azoto (NO2);23;microgrammi / metro cubo;103.0;V;
04/12/2015;09:00;13;001272;805;Torino - Rebaudengo;04;Biossido di azoto (NO2);23;microgrammi / metro cubo;147.0;V;
04/12/2015;10:00;13;001272;805;Torino - Rebaudengo;04;Biossido di azoto (NO2);23;microgrammi / metro cubo;146.0;V;
04/12/2015;11:00;13;001272;805;Torino - Rebaudengo;04;Biossido di azoto (NO2);23;microgrammi / metro cubo;150.0;V;
04/12/2015;12:00;13;001272;805;Torino - Rebaudengo;04;Biossido di azoto (NO2);23;microgrammi / metro cubo;146.0;V;
04/12/2015;13:00;13;001272;805;Torino - Rebaudengo;04;Biossido di azoto (NO2);23;microgrammi / metro cubo;138.0;V;
04/12/2015;14:00;13;001272;805;Torino - Rebaudengo;04;Biossido di azoto (NO2);23;microgrammi / metro cubo;130.0;V;
04/12/2015;15:00;13;001272;805;Torino - Rebaudengo;04;Biossido di azoto (NO2);23;microgrammi / metro cubo;146.0;V;
04/12/2015;16:00;13;001272;805;Torino - Rebaudengo;04;Biossido di azoto (NO2);23;microgrammi / metro cubo;142.0;V;
04/12/2015;17:00;13;001272;805;Torino - Rebaudengo;04;Biossido di azoto (NO2);23;microgrammi / metro cubo;126.0;V;
04/12/2015;18:00;13;001272;805;Torino - Rebaudengo;04;Biossido di azoto (NO2);23;microgrammi / metro cubo;125.0;V;
04/12/2015;19:00;13;001272;805;Torino - Rebaudengo;04;Biossido di azoto (NO2);23;microgrammi / metro cubo;120.0;V;
04/12/2015;20:00;13;001272;805;Torino - Rebaudengo;04;Biossido di azoto (NO2);23;microgrammi / metro cubo;105.0;V;
04/12/2015;21:00;13;001272;805;Torino - Rebaudengo;04;Biossido di azoto (NO2);23;microgrammi / metro cubo;83.0;V;
04/12/2015;22:00;13;001272;805;Torino - Rebaudengo;04;Biossido di azoto (NO2);23;microgrammi / metro cubo;73.0;V;
04/12/2015;23:00;13;001272;805;Torino - Rebaudengo;04;Biossido di azoto (NO2);23;microgrammi / metro cubo;65.0;V;
04/12/2015;23:59;13;001272;805;Torino - Rebaudengo;04;Biossido di azoto (NO2);23;microgrammi / metro cubo;55.0;V;
05/12/2015;01:00;13;001272;805;Torino - Rebaudengo;04;Biossido di azoto (NO2);23;microgrammi / metro cubo;56.0;V;
05/12/2015;02:00;13;001272;805;Torino - Rebaudengo;04;Biossido di azoto (NO2);23;microgrammi / metro cubo;54.0;V;
05/12/2015;03:00;13;001272;805;Torino - Rebaudengo;04;Biossido di azoto (NO2);23;microgrammi / metro cubo;53.0;V;
05/12/2015;04:00;13;001272;805;Torino - Rebaudengo;04;Biossido di azoto (NO2);23;microgrammi / metro cubo;50.0;V;
05/12/2015;05:00;13;001272;805;Torino - Rebaudengo;04;Biossido di azoto (NO2);23;microgrammi / metro cubo;51.0;V;
05/12/2015;06:00;13;001272;805;Torino - Rebaudengo;04;Biossido di azoto (NO2);23;microgrammi / metro cubo;54.0;V;
05/12/2015;07:00;13;001272;805;Torino - Rebaudengo;04;Biossido di azoto (NO2);23;microgrammi / metro cubo;55.0;V;
05/12/2015;08:00;13;001272;805;Torino - Rebaudengo;04;Biossido di azoto (NO2);23;microgrammi / metro cubo;61.0;V;
05/12/2015;09:00;13;001272;805;Torino - Rebaudengo;04;Biossido di azoto (NO2);23;microgrammi / metro cubo;73.0;V;
05/12/2015;10:00;13;001272;805;Torino - Rebaudengo;04;Biossido di azoto (NO2);23;microgrammi / metro cubo;85.0;V;
05/12/2015;11:00;13;001272;805;Torino - Rebaudengo;04;Biossido di azoto (NO2);23;microgrammi / metro cubo;88.0;V;
05/12/2015;12:00;13;001272;805;Torino - Rebaudengo;04;Biossido di azoto (NO2);23;microgrammi / metro cubo;104.0;V;
05/12/2015;13:00;13;001272;805;Torino - Rebaudengo;04;Biossido di azoto (NO2);23;microgrammi / metro cubo;105.0;V;
05/12/2015;14:00;13;001272;805;Torino - Rebaudengo;04;Biossido di azoto (NO2);23;microgrammi / metro cubo;94.0;V;
05/12/2015;15:00;13;001272;805;Torino - Rebaudengo;04;Biossido di azoto (NO2);23;microgrammi / metro cubo;91.0;V;
05/12/2015;16:00;13;001272;805;Torino - Rebaudengo;04;Biossido di azoto (NO2);23;microgrammi / metro cubo;108.0;V;
05/12/2015;17:00;13;001272;805;Torino - Rebaudengo;04;Biossido di azoto (NO2);23;microgrammi / metro cubo;98.0;V;
05/12/2015;18:00;13;001272;805;Torino - Rebaudengo;04;Biossido di azoto (NO2);23;microgrammi / metro cubo;105.0;V;
05/12/2015;19:00;13;001272;805;Torino - Rebaudengo;04;Biossido di azoto (NO2);23;microgrammi / metro cubo;108.0;V;
05/12/2015;20:00;13;001272;805;Torino - Rebaudengo;04;Biossido di azoto (NO2);23;microgrammi / metro cubo;120.0;V;
05/12/2015;21:00;13;001272;805;Torino - Rebaudengo;04;Biossido di azoto (NO2);23;microgrammi / metro cubo;109.0;V;
05/12/2015;22:00;13;001272;805;Torino - Rebaudengo;04;Biossido di azoto (NO2);23;microgrammi / metro cubo;79.0;V;
05/12/2015;23:00;13;001272;805;Torino - Rebaudengo;04;Biossido di azoto (NO2);23;microgrammi / metro cubo;74.0;V;
05/12/2015;23:59;13;001272;805;Torino - Rebaudengo;04;Biossido di azoto (NO2);23;microgrammi / metro cubo;79.0;V;
06/12/2015;01:00;13;001272;805;Torino - Rebaudengo;04;Biossido di azoto (NO2);23;microgrammi / metro cubo;71.0;V;
06/12/2015;02:00;13;001272;805;Torino - Rebaudengo;04;Biossido di azoto (NO2);23;microgrammi / metro cubo;71.0;V;
06/12/2015;03:00;13;001272;805;Torino - Rebaudengo;04;Biossido di azoto (NO2);23;microgrammi / metro cubo;66.0;V;
06/12/2015;04:00;13;001272;805;Torino - Rebaudengo;04;Biossido di azoto (NO2);23;microgrammi / metro cubo;67.0;V;
06/12/2015;05:00;13;001272;805;Torino - Rebaudengo;04;Biossido di azoto (NO2);23;microgrammi / metro cubo;61.0;V;
06/12/2015;06:00;13;001272;805;Torino - Rebaudengo;04;Biossido di azoto (NO2);23;microgrammi / metro cubo;58.0;V;
06/12/2015;07:00;13;001272;805;Torino - Rebaudengo;04;Biossido di azoto (NO2);23;microgrammi / metro cubo;58.0;V;
06/12/2015;08:00;13;001272;805;Torino - Rebaudengo;04;Biossido di azoto (NO2);23;microgrammi / metro cubo;56.0;V;
06/12/2015;09:00;13;001272;805;Torino - Rebaudengo;04;Biossido di azoto (NO2);23;microgrammi / metro cubo;55.0;V;
06/12/2015;10:00;13;001272;805;Torino - Rebaudengo;04;Biossido di azoto (NO2);23;microgrammi / metro cubo;59.0;V;
06/12/2015;11:00;13;001272;805;Torino - Rebaudengo;04;Biossido di azoto (NO2);23;microgrammi / metro cubo;75.0;V;
06/12/2015;12:00;13;001272;805;Torino - Rebaudengo;04;Biossido di azoto (NO2);23;microgrammi / metro cubo;83.0;V;
06/12/2015;13:00;13;001272;805;Torino - Rebaudengo;04;Biossido di azoto (NO2);23;microgrammi / metro cubo;83.0;V;
06/12/2015;14:00;13;001272;805;Torino - Rebaudengo;04;Biossido di azoto (NO2);23;microgrammi / metro cubo;87.0;V;
06/12/2015;15:00;13;001272;805;Torino - Rebaudengo;04;Biossido di azoto (NO2);23;microgrammi / metro cubo;90.0;V;
06/12/2015;16:00;13;001272;805;Torino - Rebaudengo;04;Biossido di azoto (NO2);23;microgrammi / metro cubo;87.0;V;
06/12/2015;17:00;13;001272;805;Torino - Rebaudengo;04;Biossido di azoto (NO2);23;microgrammi / metro cubo;84.0;V;
06/12/2015;18:00;13;001272;805;Torino - Rebaudengo;04;Biossido di azoto (NO2);23;microgrammi / metro cubo;80.0;V;
06/12/2015;19:00;13;001272;805;Torino - Rebaudengo;04;Biossido di azoto (NO2);23;microgrammi / metro cubo;83.0;V;
06/12/2015;20:00;13;001272;805;Torino - Rebaudengo;04;Biossido di azoto (NO2);23;microgrammi / metro cubo;93.0;V;
06/12/2015;21:00;13;001272;805;Torino - Rebaudengo;04;Biossido di azoto (NO2);23;microgrammi / metro cubo;88.0;V;
06/12/2015;22:00;13;001272;805;Torino - Rebaudengo;04;Biossido di azoto (NO2);23;microgrammi / metro cubo;72.0;V;
06/12/2015;23:00;13;001272;805;Torino - Rebaudengo;04;Biossido di azoto (NO2);23;microgrammi / metro cubo;75.0;V;
06/12/2015;23:59;13;001272;805;Torino - Rebaudengo;04;Biossido di azoto (NO2);23;microgrammi / metro cubo;79.0;V;
07/12/2015;01:00;13;001272;805;Torino - Rebaudengo;04;Biossido di azoto (NO2);23;microgrammi / metro cubo;69.0;V;
07/12/2015;02:00;13;001272;805;Torino - Rebaudengo;04;Biossido di azoto (NO2);23;microgrammi / metro cubo;64.0;V;
07/12/2015;03:00;13;001272;805;Torino - Rebaudengo;04;Biossido di azoto (NO2);23;microgrammi / metro cubo;63.0;V;
07/12/2015;04:00;13;001272;805;Torino - Rebaudengo;04;Biossido di azoto (NO2);23;microgrammi / metro cubo;60.0;V;
07/12/2015;05:00;13;001272;805;Torino - Rebaudengo;04;Biossido di azoto (NO2);23;microgrammi / metro cubo;61.0;V;
07/12/2015;06:00;13;001272;805;Torino - Rebaudengo;04;Biossido di azoto (NO2);23;microgrammi / metro cubo;73.0;V;
07/12/2015;07:00;13;001272;805;Torino - Rebaudengo;04;Biossido di azoto (NO2);23;microgrammi / metro cubo;63.0;V;
07/12/2015;08:00;13;001272;805;Torino - Rebaudengo;04;Biossido di azoto (NO2);23;microgrammi / metro cubo;79.0;V;
07/12/2015;09:00;13;001272;805;Torino - Rebaudengo;04;Biossido di azoto (NO2);23;microgrammi / metro cubo;93.0;V;
07/12/2015;10:00;13;001272;805;Torino - Rebaudengo;04;Biossido di azoto (NO2);23;microgrammi / metro cubo;95.0;V;
07/12/2015;11:00;13;001272;805;Torino - Rebaudengo;04;Biossido di azoto (NO2);23;microgrammi / metro cubo;97.0;V;
07/12/2015;12:00;13;001272;805;Torino - Rebaudengo;04;Biossido di azoto (NO2);23;microgrammi / metro cubo;100.0;V;
07/12/2015;13:00;13;001272;805;Torino - Rebaudengo;04;Biossido di azoto (NO2);23;microgrammi / metro cubo;113.0;V;
07/12/2015;14:00;13;001272;805;Torino - Rebaudengo;04;Biossido di azoto (NO2);23;microgrammi / metro cubo;114.0;V;
07/12/2015;15:00;13;001272;805;Torino - Rebaudengo;04;Biossido di azoto (NO2);23;microgrammi / metro cubo;106.0;V;
07/12/2015;16:00;13;001272;805;Torino - Rebaudengo;04;Biossido di azoto (NO2);23;microgrammi / metro cubo;105.0;V;
07/12/2015;17:00;13;001272;805;Torino - Rebaudengo;04;Biossido di azoto (NO2);23;microgrammi / metro cubo;96.0;V;
07/12/2015;18:00;13;001272;805;Torino - Rebaudengo;04;Biossido di azoto (NO2);23;microgrammi / metro cubo;86.0;V;
07/12/2015;19:00;13;001272;805;Torino - Rebaudengo;04;Biossido di azoto (NO2);23;microgrammi / metro cubo;88.0;V;
07/12/2015;20:00;13;001272;805;Torino - Rebaudengo;04;Biossido di azoto (NO2);23;microgrammi / metro cubo;93.0;V;
07/12/2015;21:00;13;001272;805;Torino - Rebaudengo;04;Biossido di azoto (NO2);23;microgrammi / metro cubo;86.0;V;
07/12/2015;22:00;13;001272;805;Torino - Rebaudengo;04;Biossido di azoto (NO2);23;microgrammi / metro cubo;78.0;V;
07/12/2015;23:00;13;001272;805;Torino - Rebaudengo;04;Biossido di azoto (NO2);23;microgrammi / metro cubo;72.0;V;
07/12/2015;23:59;13;001272;805;Torino - Rebaudengo;04;Biossido di azoto (NO2);23;microgrammi / metro cubo;68.0;V;
08/12/2015;01:00;13;001272;805;Torino - Rebaudengo;04;Biossido di azoto (NO2);23;microgrammi / metro cubo;65.0;V;
08/12/2015;02:00;13;001272;805;Torino - Rebaudengo;04;Biossido di azoto (NO2);23;microgrammi / metro cubo;62.0;V;
08/12/2015;03:00;13;001272;805;Torino - Rebaudengo;04;Biossido di azoto (NO2);23;microgrammi / metro cubo;57.0;V;
08/12/2015;04:00;13;001272;805;Torino - Rebaudengo;04;Biossido di azoto (NO2);23;microgrammi / metro cubo;54.0;V;
08/12/2015;05:00;13;001272;805;Torino - Rebaudengo;04;Biossido di azoto (NO2);23;microgrammi / metro cubo;58.0;V;
08/12/2015;06:00;13;001272;805;Torino - Rebaudengo;04;Biossido di azoto (NO2);23;microgrammi / metro cubo;52.0;V;
08/12/2015;07:00;13;001272;805;Torino - Rebaudengo;04;Biossido di azoto (NO2);23;microgrammi / metro cubo;61.0;V;
08/12/2015;08:00;13;001272;805;Torino - Rebaudengo;04;Biossido di azoto (NO2);23;microgrammi / metro cubo;57.0;V;
08/12/2015;09:00;13;001272;805;Torino - Rebaudengo;04;Biossido di azoto (NO2);23;microgrammi / metro cubo;57.0;V;
08/12/2015;10:00;13;001272;805;Torino - Rebaudengo;04;Biossido di azoto (NO2);23;microgrammi / metro cubo;67.0;V;
08/12/2015;11:00;13;001272;805;Torino - Rebaudengo;04;Biossido di azoto (NO2);23;microgrammi / metro cubo;77.0;V;
08/12/2015;12:00;13;001272;805;Torino - Rebaudengo;04;Biossido di azoto (NO2);23;microgrammi / metro cubo;87.0;V;
08/12/2015;13:00;13;001272;805;Torino - Rebaudengo;04;Biossido di azoto (NO2);23;microgrammi / metro cubo;91.0;V;
08/12/2015;14:00;13;001272;805;Torino - Rebaudengo;04;Biossido di azoto (NO2);23;microgrammi / metro cubo;86.0;V;
08/12/2015;15:00;13;001272;805;Torino - Rebaudengo;04;Biossido di azoto (NO2);23;microgrammi / metro cubo;91.0;V;
08/12/2015;16:00;13;001272;805;Torino - Rebaudengo;04;Biossido di azoto (NO2);23;microgrammi / metro cubo;90.0;V;
08/12/2015;17:00;13;001272;805;Torino - Rebaudengo;04;Biossido di azoto (NO2);23;microgrammi / metro cubo;87.0;V;
08/12/2015;18:00;13;001272;805;Torino - Rebaudengo;04;Biossido di azoto (NO2);23;microgrammi / metro cubo;95.0;V;
08/12/2015;19:00;13;001272;805;Torino - Rebaudengo;04;Biossido di azoto (NO2);23;microgrammi / metro cubo;93.0;V;
08/12/2015;20:00;13;001272;805;Torino - Rebaudengo;04;Biossido di azoto (NO2);23;microgrammi / metro cubo;83.0;V;
08/12/2015;21:00;13;001272;805;Torino - Rebaudengo;04;Biossido di azoto (NO2);23;microgrammi / metro cubo;78.0;V;
08/12/2015;22:00;13;001272;805;Torino - Rebaudengo;04;Biossido di azoto (NO2);23;microgrammi / metro cubo;70.0;V;
08/12/2015;23:00;13;001272;805;Torino - Rebaudengo;04;Biossido di azoto (NO2);23;microgrammi / metro cubo;65.0;V;
08/12/2015;23:59;13;001272;805;Torino - Rebaudengo;04;Biossido di azoto (NO2);23;microgrammi / metro cubo;58.0;V;
09/12/2015;01:00;13;001272;805;Torino - Rebaudengo;04;Biossido di azoto (NO2);23;microgrammi / metro cubo;54.0;V;
09/12/2015;02:00;13;001272;805;Torino - Rebaudengo;04;Biossido di azoto (NO2);23;microgrammi / metro cubo;52.0;V;
09/12/2015;03:00;13;001272;805;Torino - Rebaudengo;04;Biossido di azoto (NO2);23;microgrammi / metro cubo;49.0;V;
09/12/2015;04:00;13;001272;805;Torino - Rebaudengo;04;Biossido di azoto (NO2);23;microgrammi / metro cubo;48.0;V;
09/12/2015;05:00;13;001272;805;Torino - Rebaudengo;04;Biossido di azoto (NO2);23;microgrammi / metro cubo;47.0;V;
09/12/2015;06:00;13;001272;805;Torino - Rebaudengo;04;Biossido di azoto (NO2);23;microgrammi / metro cubo;49.0;V;
09/12/2015;07:00;13;001272;805;Torino - Rebaudengo;04;Biossido di azoto (NO2);23;microgrammi / metro cubo;49.0;V;
09/12/2015;08:00;13;001272;805;Torino - Rebaudengo;04;Biossido di azoto (NO2);23;microgrammi / metro cubo;69.0;V;
09/12/2015;09:00;13;001272;805;Torino - Rebaudengo;04;Biossido di azoto (NO2);23;microgrammi / metro cubo;83.0;V;
09/12/2015;10:00;13;001272;805;Torino - Rebaudengo;04;Biossido di azoto (NO2);23;microgrammi / metro cubo;91.0;V;
09/12/2015;11:00;13;001272;805;Torino - Rebaudengo;04;Biossido di azoto (NO2);23;microgrammi / metro cubo;94.0;V;
09/12/2015;12:00;13;001272;805;Torino - Rebaudengo;04;Biossido di azoto (NO2);23;microgrammi / metro cubo;87.0;V;
09/12/2015;13:00;13;001272;805;Torino - Rebaudengo;04;Biossido di azoto (NO2);23;microgrammi / metro cubo;81.0;V;
09/12/2015;14:00;13;001272;805;Torino - Rebaudengo;04;Biossido di azoto (NO2);23;microgrammi / metro cubo;83.0;V;
09/12/2015;15:00;13;001272;805;Torino - Rebaudengo;04;Biossido di azoto (NO2);23;microgrammi / metro cubo;99.0;V;
09/12/2015;16:00;13;001272;805;Torino - Rebaudengo;04;Biossido di azoto (NO2);23;microgrammi / metro cubo;101.0;V;
09/12/2015;17:00;13;001272;805;Torino - Rebaudengo;04;Biossido di azoto (NO2);23;microgrammi / metro cubo;94.0;V;
09/12/2015;18:00;13;001272;805;Torino - Rebaudengo;04;Biossido di azoto (NO2);23;microgrammi / metro cubo;113.0;V;
09/12/2015;19:00;13;001272;805;Torino - Rebaudengo;04;Biossido di azoto (NO2);23;microgrammi / metro cubo;113.0;V;
09/12/2015;20:00;13;001272;805;Torino - Rebaudengo;04;Biossido di azoto (NO2);23;microgrammi / metro cubo;90.0;V;
09/12/2015;21:00;13;001272;805;Torino - Rebaudengo;04;Biossido di azoto (NO2);23;microgrammi / metro cubo;85.0;V;
09/12/2015;22:00;13;001272;805;Torino - Rebaudengo;04;Biossido di azoto (NO2);23;microgrammi / metro cubo;98.0;V;
09/12/2015;23:00;13;001272;805;Torino - Rebaudengo;04;Biossido di azoto (NO2);23;microgrammi / metro cubo;88.0;V;
09/12/2015;23:59;13;001272;805;Torino - Rebaudengo;04;Biossido di azoto (NO2);23;microgrammi / metro cubo;91.0;V;
10/12/2015;01:00;13;001272;805;Torino - Rebaudengo;04;Biossido di azoto (NO2);23;microgrammi / metro cubo;76.0;V;
10/12/2015;02:00;13;001272;805;Torino - Rebaudengo;04;Biossido di azoto (NO2);23;microgrammi / metro cubo;71.0;V;
10/12/2015;03:00;13;001272;805;Torino - Rebaudengo;04;Biossido di azoto (NO2);23;microgrammi / metro cubo;60.0;V;
10/12/2015;04:00;13;001272;805;Torino - Rebaudengo;04;Biossido di azoto (NO2);23;microgrammi / metro cubo;55.0;V;
10/12/2015;05:00;13;001272;805;Torino - Rebaudengo;04;Biossido di azoto (NO2);23;microgrammi / metro cubo;51.0;V;
10/12/2015;06:00;13;001272;805;Torino - Rebaudengo;04;Biossido di azoto (NO2);23;microgrammi / metro cubo;62.0;V;
10/12/2015;07:00;13;001272;805;Torino - Rebaudengo;04;Biossido di azoto (NO2);23;microgrammi / metro cubo;87.0;V;
10/12/2015;08:00;13;001272;805;Torino - Rebaudengo;04;Biossido di azoto (NO2);23;microgrammi / metro cubo;93.0;V;
10/12/2015;09:00;13;001272;805;Torino - Rebaudengo;04;Biossido di azoto (NO2);23;microgrammi / metro cubo;137.0;V;
10/12/2015;10:00;13;001272;805;Torino - Rebaudengo;04;Biossido di azoto (NO2);23;microgrammi / metro cubo;159.0;V;
10/12/2015;11:00;13;001272;805;Torino - Rebaudengo;04;Biossido di azoto (NO2);23;microgrammi / metro cubo;163.0;V;
10/12/2015;12:00;13;001272;805;Torino - Rebaudengo;04;Biossido di azoto (NO2);23;microgrammi / metro cubo;138.0;V;
10/12/2015;13:00;13;001272;805;Torino - Rebaudengo;04;Biossido di azoto (NO2);23;microgrammi / metro cubo;143.0;V;
10/12/2015;14:00;13;001272;805;Torino - Rebaudengo;04;Biossido di azoto (NO2);23;microgrammi / metro cubo;158.0;V;
10/12/2015;15:00;13;001272;805;Torino - Rebaudengo;04;Biossido di azoto (NO2);23;microgrammi / metro cubo;98.0;V;
10/12/2015;16:00;13;001272;805;Torino - Rebaudengo;04;Biossido di azoto (NO2);23;microgrammi / metro cubo;69.0;V;
10/12/2015;17:00;13;001272;805;Torino - Rebaudengo;04;Biossido di azoto (NO2);23;microgrammi / metro cubo;82.0;V;
10/12/2015;18:00;13;001272;805;Torino - Rebaudengo;04;Biossido di azoto (NO2);23;microgrammi / metro cubo;114.0;V;
10/12/2015;19:00;13;001272;805;Torino - Rebaudengo;04;Biossido di azoto (NO2);23;microgrammi / metro cubo;128.0;V;
10/12/2015;20:00;13;001272;805;Torino - Rebaudengo;04;Biossido di azoto (NO2);23;microgrammi / metro cubo;132.0;V;
10/12/2015;21:00;13;001272;805;Torino - Rebaudengo;04;Biossido di azoto (NO2);23;microgrammi / metro cubo;144.0;V;
10/12/2015;22:00;13;001272;805;Torino - Rebaudengo;04;Biossido di azoto (NO2);23;microgrammi / metro cubo;119.0;V;
10/12/2015;23:00;13;001272;805;Torino - Rebaudengo;04;Biossido di azoto (NO2);23;microgrammi / metro cubo;112.0;V;
10/12/2015;23:59;13;001272;805;Torino - Rebaudengo;04;Biossido di azoto (NO2);23;microgrammi / metro cubo;98.0;V;
11/12/2015;01:00;13;001272;805;Torino - Rebaudengo;04;Biossido di azoto (NO2);23;microgrammi / metro cubo;74.0;V;
11/12/2015;02:00;13;001272;805;Torino - Rebaudengo;04;Biossido di azoto (NO2);23;microgrammi / metro cubo;63.0;V;
11/12/2015;03:00;13;001272;805;Torino - Rebaudengo;04;Biossido di azoto (NO2);23;microgrammi / metro cubo;57.0;V;
11/12/2015;04:00;13;001272;805;Torino - Rebaudengo;04;Biossido di azoto (NO2);23;microgrammi / metro cubo;54.0;V;
11/12/2015;05:00;13;001272;805;Torino - Rebaudengo;04;Biossido di azoto (NO2);23;microgrammi / metro cubo;57.0;V;
11/12/2015;06:00;13;001272;805;Torino - Rebaudengo;04;Biossido di azoto (NO2);23;microgrammi / metro cubo;51.0;V;
11/12/2015;07:00;13;001272;805;Torino - Rebaudengo;04;Biossido di azoto (NO2);23;microgrammi / metro cubo;73.0;V;
11/12/2015;08:00;13;001272;805;Torino - Rebaudengo;04;Biossido di azoto (NO2);23;microgrammi / metro cubo;99.0;V;
11/12/2015;09:00;13;001272;805;Torino - Rebaudengo;04;Biossido di azoto (NO2);23;microgrammi / metro cubo;144.0;V;
11/12/2015;10:00;13;001272;805;Torino - Rebaudengo;04;Biossido di azoto (NO2);23;microgrammi / metro cubo;134.0;V;
11/12/2015;11:00;13;001272;805;Torino - Rebaudengo;04;Biossido di azoto (NO2);23;microgrammi / metro cubo;173.0;V;
11/12/2015;12:00;13;001272;805;Torino - Rebaudengo;04;Biossido di azoto (NO2);23;microgrammi / metro cubo;170.0;V;
11/12/2015;13:00;13;001272;805;Torino - Rebaudengo;04;Biossido di azoto (NO2);23;microgrammi / metro cubo;118.0;V;
11/12/2015;14:00;13;001272;805;Torino - Rebaudengo;04;Biossido di azoto (NO2);23;microgrammi / metro cubo;91.0;V;
11/12/2015;15:00;13;001272;805;Torino - Rebaudengo;04;Biossido di azoto (NO2);23;microgrammi / metro cubo;110.0;V;
11/12/2015;16:00;13;001272;805;Torino - Rebaudengo;04;Biossido di azoto (NO2);23;microgrammi / metro cubo;118.0;V;
11/12/2015;17:00;13;001272;805;Torino - Rebaudengo;04;Biossido di azoto (NO2);23;microgrammi / metro cubo;121.0;V;
11/12/2015;18:00;13;001272;805;Torino - Rebaudengo;04;Biossido di azoto (NO2);23;microgrammi / metro cubo;124.0;V;
11/12/2015;19:00;13;001272;805;Torino - Rebaudengo;04;Biossido di azoto (NO2);23;microgrammi / metro cubo;162.0;V;
11/12/2015;20:00;13;001272;805;Torino - Rebaudengo;04;Biossido di azoto (NO2);23;microgrammi / metro cubo;171.0;V;
11/12/2015;21:00;13;001272;805;Torino - Rebaudengo;04;Biossido di azoto (NO2);23;microgrammi / metro cubo;126.0;V;
11/12/2015;22:00;13;001272;805;Torino - Rebaudengo;04;Biossido di azoto (NO2);23;microgrammi / metro cubo;96.0;V;
11/12/2015;23:00;13;001272;805;Torino - Rebaudengo;04;Biossido di azoto (NO2);23;microgrammi / metro cubo;91.0;V;
11/12/2015;23:59;13;001272;805;Torino - Rebaudengo;04;Biossido di azoto (NO2);23;microgrammi / metro cubo;87.0;V;
12/12/2015;01:00;13;001272;805;Torino - Rebaudengo;04;Biossido di azoto (NO2);23;microgrammi / metro cubo;81.0;V;
12/12/2015;02:00;13;001272;805;Torino - Rebaudengo;04;Biossido di azoto (NO2);23;microgrammi / metro cubo;72.0;V;
12/12/2015;03:00;13;001272;805;Torino - Rebaudengo;04;Biossido di azoto (NO2);23;microgrammi / metro cubo;70.0;V;
12/12/2015;04:00;13;001272;805;Torino - Rebaudengo;04;Biossido di azoto (NO2);23;microgrammi / metro cubo;64.0;V;
12/12/2015;05:00;13;001272;805;Torino - Rebaudengo;04;Biossido di azoto (NO2);23;microgrammi / metro cubo;64.0;V;
12/12/2015;06:00;13;001272;805;Torino - Rebaudengo;04;Biossido di azoto (NO2);23;microgrammi / metro cubo;64.0;V;
12/12/2015;07:00;13;001272;805;Torino - Rebaudengo;04;Biossido di azoto (NO2);23;microgrammi / metro cubo;64.0;V;
12/12/2015;08:00;13;001272;805;Torino - Rebaudengo;04;Biossido di azoto (NO2);23;microgrammi / metro cubo;79.0;V;
12/12/2015;09:00;13;001272;805;Torino - Rebaudengo;04;Biossido di azoto (NO2);23;microgrammi / metro cubo;86.0;V;
12/12/2015;10:00;13;001272;805;Torino - Rebaudengo;04;Biossido di azoto (NO2);23;microgrammi / metro cubo;115.0;V;
12/12/2015;11:00;13;001272;805;Torino - Rebaudengo;04;Biossido di azoto (NO2);23;microgrammi / metro cubo;121.0;V;
12/12/2015;12:00;13;001272;805;Torino - Rebaudengo;04;Biossido di azoto (NO2);23;microgrammi / metro cubo;132.0;V;
12/12/2015;13:00;13;001272;805;Torino - Rebaudengo;04;Biossido di azoto (NO2);23;microgrammi / metro cubo;158.0;V;
12/12/2015;14:00;13;001272;805;Torino - Rebaudengo;04;Biossido di azoto (NO2);23;microgrammi / metro cubo;106.0;V;
12/12/2015;15:00;13;001272;805;Torino - Rebaudengo;04;Biossido di azoto (NO2);23;microgrammi / metro cubo;98.0;V;
12/12/2015;16:00;13;001272;805;Torino - Rebaudengo;04;Biossido di azoto (NO2);23;microgrammi / metro cubo;108.0;V;
12/12/2015;17:00;13;001272;805;Torino - Rebaudengo;04;Biossido di azoto (NO2);23;microgrammi / metro cubo;127.0;V;
12/12/2015;18:00;13;001272;805;Torino - Rebaudengo;04;Biossido di azoto (NO2);23;microgrammi / metro cubo;121.0;V;
12/12/2015;19:00;13;001272;805;Torino - Rebaudengo;04;Biossido di azoto (NO2);23;microgrammi / metro cubo;112.0;V;
12/12/2015;20:00;13;001272;805;Torino - Rebaudengo;04;Biossido di azoto (NO2);23;microgrammi / metro cubo;142.0;V;
12/12/2015;21:00;13;001272;805;Torino - Rebaudengo;04;Biossido di azoto (NO2);23;microgrammi / metro cubo;112.0;V;
12/12/2015;22:00;13;001272;805;Torino - Rebaudengo;04;Biossido di azoto (NO2);23;microgrammi / metro cubo;101.0;V;
12/12/2015;23:00;13;001272;805;Torino - Rebaudengo;04;Biossido di azoto (NO2);23;microgrammi / metro cubo;88.0;V;
12/12/2015;23:59;13;001272;805;Torino - Rebaudengo;04;Biossido di azoto (NO2);23;microgrammi / metro cubo;78.0;V;
13/12/2015;01:00;13;001272;805;Torino - Rebaudengo;04;Biossido di azoto (NO2);23;microgrammi / metro cubo;80.0;V;
13/12/2015;02:00;13;001272;805;Torino - Rebaudengo;04;Biossido di azoto (NO2);23;microgrammi / metro cubo;71.0;V;
13/12/2015;03:00;13;001272;805;Torino - Rebaudengo;04;Biossido di azoto (NO2);23;microgrammi / metro cubo;69.0;V;
13/12/2015;04:00;13;001272;805;Torino - Rebaudengo;04;Biossido di azoto (NO2);23;microgrammi / metro cubo;67.0;V;
13/12/2015;05:00;13;001272;805;Torino - Rebaudengo;04;Biossido di azoto (NO2);23;microgrammi / metro cubo;75.0;V;
13/12/2015;06:00;13;001272;805;Torino - Rebaudengo;04;Biossido di azoto (NO2);23;microgrammi / metro cubo;61.0;V;
13/12/2015;07:00;13;001272;805;Torino - Rebaudengo;04;Biossido di azoto (NO2);23;microgrammi / metro cubo;61.0;V;
13/12/2015;08:00;13;001272;805;Torino - Rebaudengo;04;Biossido di azoto (NO2);23;microgrammi / metro cubo;64.0;V;
13/12/2015;09:00;13;001272;805;Torino - Rebaudengo;04;Biossido di azoto (NO2);23;microgrammi / metro cubo;71.0;V;
13/12/2015;10:00;13;001272;805;Torino - Rebaudengo;04;Biossido di azoto (NO2);23;microgrammi / metro cubo;76.0;V;
13/12/2015;11:00;13;001272;805;Torino - Rebaudengo;04;Biossido di azoto (NO2);23;microgrammi / metro cubo;85.0;V;
13/12/2015;12:00;13;001272;805;Torino - Rebaudengo;04;Biossido di azoto (NO2);23;microgrammi / metro cubo;97.0;V;
13/12/2015;13:00;13;001272;805;Torino - Rebaudengo;04;Biossido di azoto (NO2);23;microgrammi / metro cubo;104.0;V;
13/12/2015;14:00;13;001272;805;Torino - Rebaudengo;04;Biossido di azoto (NO2);23;microgrammi / metro cubo;102.0;V;
13/12/2015;15:00;13;001272;805;Torino - Rebaudengo;04;Biossido di azoto (NO2);23;microgrammi / metro cubo;85.0;V;
13/12/2015;16:00;13;001272;805;Torino - Rebaudengo;04;Biossido di azoto (NO2);23;microgrammi / metro cubo;81.0;V;
13/12/2015;17:00;13;001272;805;Torino - Rebaudengo;04;Biossido di azoto (NO2);23;microgrammi / metro cubo;84.0;V;
13/12/2015;18:00;13;001272;805;Torino - Rebaudengo;04;Biossido di azoto (NO2);23;microgrammi / metro cubo;79.0;V;
13/12/2015;19:00;13;001272;805;Torino - Rebaudengo;04;Biossido di azoto (NO2);23;microgrammi / metro cubo;101.0;V;
13/12/2015;20:00;13;001272;805;Torino - Rebaudengo;04;Biossido di azoto (NO2);23;microgrammi / metro cubo;107.0;V;
13/12/2015;21:00;13;001272;805;Torino - Rebaudengo;04;Biossido di azoto (NO2);23;microgrammi / metro cubo;105.0;V;
13/12/2015;22:00;13;001272;805;Torino - Rebaudengo;04;Biossido di azoto (NO2);23;microgrammi / metro cubo;92.0;V;
13/12/2015;23:00;13;001272;805;Torino - Rebaudengo;04;Biossido di azoto (NO2);23;microgrammi / metro cubo;81.0;V;
13/12/2015;23:59;13;001272;805;Torino - Rebaudengo;04;Biossido di azoto (NO2);23;microgrammi / metro cubo;79.0;V;
14/12/2015;01:00;13;001272;805;Torino - Rebaudengo;04;Biossido di azoto (NO2);23;microgrammi / metro cubo;67.0;V;
14/12/2015;02:00;13;001272;805;Torino - Rebaudengo;04;Biossido di azoto (NO2);23;microgrammi / metro cubo;58.0;V;
14/12/2015;03:00;13;001272;805;Torino - Rebaudengo;04;Biossido di azoto (NO2);23;microgrammi / metro cubo;59.0;V;
14/12/2015;04:00;13;001272;805;Torino - Rebaudengo;04;Biossido di azoto (NO2);23;microgrammi / metro cubo;50.0;V;
14/12/2015;05:00;13;001272;805;Torino - Rebaudengo;04;Biossido di azoto (NO2);23;microgrammi / metro cubo;50.0;V;
14/12/2015;06:00;13;001272;805;Torino - Rebaudengo;04;Biossido di azoto (NO2);23;microgrammi / metro cubo;54.0;V;
14/12/2015;07:00;13;001272;805;Torino - Rebaudengo;04;Biossido di azoto (NO2);23;microgrammi / metro cubo;59.0;V;
14/12/2015;08:00;13;001272;805;Torino - Rebaudengo;04;Biossido di azoto (NO2);23;microgrammi / metro cubo;71.0;V;
14/12/2015;09:00;13;001272;805;Torino - Rebaudengo;04;Biossido di azoto (NO2);23;microgrammi / metro cubo;83.0;V;
14/12/2015;10:00;13;001272;805;Torino - Rebaudengo;04;Biossido di azoto (NO2);23;microgrammi / metro cubo;94.0;V;
14/12/2015;11:00;13;001272;805;Torino - Rebaudengo;04;Biossido di azoto (NO2);23;microgrammi / metro cubo;97.0;V;
14/12/2015;12:00;13;001272;805;Torino - Rebaudengo;04;Biossido di azoto (NO2);23;microgrammi / metro cubo;103.0;V;
14/12/2015;13:00;13;001272;805;Torino - Rebaudengo;04;Biossido di azoto (NO2);23;microgrammi / metro cubo;96.0;V;
14/12/2015;14:00;13;001272;805;Torino - Rebaudengo;04;Biossido di azoto (NO2);23;microgrammi / metro cubo;92.0;V;
14/12/2015;15:00;13;001272;805;Torino - Rebaudengo;04;Biossido di azoto (NO2);23;microgrammi / metro cubo;92.0;V;
14/12/2015;16:00;13;001272;805;Torino - Rebaudengo;04;Biossido di azoto (NO2);23;microgrammi / metro cubo;84.0;V;
14/12/2015;17:00;13;001272;805;Torino - Rebaudengo;04;Biossido di azoto (NO2);23;microgrammi / metro cubo;83.0;V;
14/12/2015;18:00;13;001272;805;Torino - Rebaudengo;04;Biossido di azoto (NO2);23;microgrammi / metro cubo;104.0;V;
14/12/2015;19:00;13;001272;805;Torino - Rebaudengo;04;Biossido di azoto (NO2);23;microgrammi / metro cubo;118.0;V;
14/12/2015;20:00;13;001272;805;Torino - Rebaudengo;04;Biossido di azoto (NO2);23;microgrammi / metro cubo;133.0;V;
14/12/2015;21:00;13;001272;805;Torino - Rebaudengo;04;Biossido di azoto (NO2);23;microgrammi / metro cubo;117.0;V;
14/12/2015;22:00;13;001272;805;Torino - Rebaudengo;04;Biossido di azoto (NO2);23;microgrammi / metro cubo;88.0;V;
14/12/2015;23:00;13;001272;805;Torino - Rebaudengo;04;Biossido di azoto (NO2);23;microgrammi / metro cubo;73.0;V;
14/12/2015;23:59;13;001272;805;Torino - Rebaudengo;04;Biossido di azoto (NO2);23;microgrammi / metro cubo;68.0;V;
15/12/2015;01:00;13;001272;805;Torino - Rebaudengo;04;Biossido di azoto (NO2);23;microgrammi / metro cubo;60.0;V;
15/12/2015;02:00;13;001272;805;Torino - Rebaudengo;04;Biossido di azoto (NO2);23;microgrammi / metro cubo;56.0;V;
15/12/2015;03:00;13;001272;805;Torino - Rebaudengo;04;Biossido di azoto (NO2);23;microgrammi / metro cubo;47.0;V;
15/12/2015;04:00;13;001272;805;Torino - Rebaudengo;04;Biossido di azoto (NO2);23;microgrammi / metro cubo;49.0;V;
15/12/2015;05:00;13;001272;805;Torino - Rebaudengo;04;Biossido di azoto (NO2);23;microgrammi / metro cubo;46.0;V;
15/12/2015;06:00;13;001272;805;Torino - Rebaudengo;04;Biossido di azoto (NO2);23;microgrammi / metro cubo;54.0;V;
15/12/2015;07:00;13;001272;805;Torino - Rebaudengo;04;Biossido di azoto (NO2);23;microgrammi / metro cubo;58.0;V;
15/12/2015;08:00;13;001272;805;Torino - Rebaudengo;04;Biossido di azoto (NO2);23;microgrammi / metro cubo;97.0;V;
15/12/2015;09:00;13;001272;805;Torino - Rebaudengo;04;Biossido di azoto (NO2);23;microgrammi / metro cubo;141.0;V;
15/12/2015;10:00;13;001272;805;Torino - Rebaudengo;04;Biossido di azoto (NO2);23;microgrammi / metro cubo;147.0;V;
15/12/2015;11:00;13;001272;805;Torino - Rebaudengo;04;Biossido di azoto (NO2);23;microgrammi / metro cubo;146.0;V;
15/12/2015;12:00;13;001272;805;Torino - Rebaudengo;04;Biossido di azoto (NO2);23;microgrammi / metro cubo;161.0;V;
15/12/2015;13:00;13;001272;805;Torino - Rebaudengo;04;Biossido di azoto (NO2);23;microgrammi / metro cubo;155.0;V;
15/12/2015;14:00;13;001272;805;Torino - Rebaudengo;04;Biossido di azoto (NO2);23;microgrammi / metro cubo;117.0;V;
15/12/2015;15:00;13;001272;805;Torino - Rebaudengo;04;Biossido di azoto (NO2);23;microgrammi / metro cubo;118.0;V;
15/12/2015;16:00;13;001272;805;Torino - Rebaudengo;04;Biossido di azoto (NO2);23;microgrammi / metro cubo;120.0;V;
15/12/2015;17:00;13;001272;805;Torino - Rebaudengo;04;Biossido di azoto (NO2);23;microgrammi / metro cubo;118.0;V;
15/12/2015;18:00;13;001272;805;Torino - Rebaudengo;04;Biossido di azoto (NO2);23;microgrammi / metro cubo;122.0;V;
15/12/2015;19:00;13;001272;805;Torino - Rebaudengo;04;Biossido di azoto (NO2);23;microgrammi / metro cubo;160.0;V;
15/12/2015;20:00;13;001272;805;Torino - Rebaudengo;04;Biossido di azoto (NO2);23;microgrammi / metro cubo;171.0;V;
15/12/2015;21:00;13;001272;805;Torino - Rebaudengo;04;Biossido di azoto (NO2);23;microgrammi / metro cubo;136.0;V;
15/12/2015;22:00;13;001272;805;Torino - Rebaudengo;04;Biossido di azoto (NO2);23;microgrammi / metro cubo;130.0;V;
15/12/2015;23:00;13;001272;805;Torino - Rebaudengo;04;Biossido di azoto (NO2);23;microgrammi / metro cubo;86.0;V;
15/12/2015;23:59;13;001272;805;Torino - Rebaudengo;04;Biossido di azoto (NO2);23;microgrammi / metro cubo;79.0;V;
16/12/2015;01:00;13;001272;805;Torino - Rebaudengo;04;Biossido di azoto (NO2);23;microgrammi / metro cubo;68.0;V;
16/12/2015;02:00;13;001272;805;Torino - Rebaudengo;04;Biossido di azoto (NO2);23;microgrammi / metro cubo;68.0;V;
16/12/2015;03:00;13;001272;805;Torino - Rebaudengo;04;Biossido di azoto (NO2);23;microgrammi / metro cubo;75.0;V;
16/12/2015;04:00;13;001272;805;Torino - Rebaudengo;04;Biossido di azoto (NO2);23;microgrammi / metro cubo;69.0;V;
16/12/2015;05:00;13;001272;805;Torino - Rebaudengo;04;Biossido di azoto (NO2);23;microgrammi / metro cubo;59.0;V;
16/12/2015;06:00;13;001272;805;Torino - Rebaudengo;04;Biossido di azoto (NO2);23;microgrammi / metro cubo;74.0;V;
16/12/2015;07:00;13;001272;805;Torino - Rebaudengo;04;Biossido di azoto (NO2);23;microgrammi / metro cubo;82.0;V;
16/12/2015;08:00;13;001272;805;Torino - Rebaudengo;04;Biossido di azoto (NO2);23;microgrammi / metro cubo;94.0;V;
16/12/2015;09:00;13;001272;805;Torino - Rebaudengo;04;Biossido di azoto (NO2);23;microgrammi / metro cubo;89.0;V;
16/12/2015;10:00;13;001272;805;Torino - Rebaudengo;04;Biossido di azoto (NO2);23;microgrammi / metro cubo;130.0;V;
16/12/2015;11:00;13;001272;805;Torino - Rebaudengo;04;Biossido di azoto (NO2);23;microgrammi / metro cubo;132.0;V;
16/12/2015;12:00;13;001272;805;Torino - Rebaudengo;04;Biossido di azoto (NO2);23;microgrammi / metro cubo;151.0;V;
16/12/2015;13:00;13;001272;805;Torino - Rebaudengo;04;Biossido di azoto (NO2);23;microgrammi / metro cubo;128.0;V;
16/12/2015;14:00;13;001272;805;Torino - Rebaudengo;04;Biossido di azoto (NO2);23;microgrammi / metro cubo;114.0;V;
16/12/2015;15:00;13;001272;805;Torino - Rebaudengo;04;Biossido di azoto (NO2);23;microgrammi / metro cubo;116.0;V;
16/12/2015;16:00;13;001272;805;Torino - Rebaudengo;04;Biossido di azoto (NO2);23;microgrammi / metro cubo;111.0;V;
16/12/2015;17:00;13;001272;805;Torino - Rebaudengo;04;Biossido di azoto (NO2);23;microgrammi / metro cubo;112.0;V;
16/12/2015;18:00;13;001272;805;Torino - Rebaudengo;04;Biossido di azoto (NO2);23;microgrammi / metro cubo;111.0;V;
16/12/2015;19:00;13;001272;805;Torino - Rebaudengo;04;Biossido di azoto (NO2);23;microgrammi / metro cubo;144.0;V;
16/12/2015;20:00;13;001272;805;Torino - Rebaudengo;04;Biossido di azoto (NO2);23;microgrammi / metro cubo;162.0;V;
16/12/2015;21:00;13;001272;805;Torino - Rebaudengo;04;Biossido di azoto (NO2);23;microgrammi / metro cubo;125.0;V;
16/12/2015;22:00;13;001272;805;Torino - Rebaudengo;04;Biossido di azoto (NO2);23;microgrammi / metro cubo;110.0;V;
16/12/2015;23:00;13;001272;805;Torino - Rebaudengo;04;Biossido di azoto (NO2);23;microgrammi / metro cubo;105.0;V;
16/12/2015;23:59;13;001272;805;Torino - Rebaudengo;04;Biossido di azoto (NO2);23;microgrammi / metro cubo;95.0;V;
17/12/2015;01:00;13;001272;805;Torino - Rebaudengo;04;Biossido di azoto (NO2);23;microgrammi / metro cubo;85.0;V;
17/12/2015;02:00;13;001272;805;Torino - Rebaudengo;04;Biossido di azoto (NO2);23;microgrammi / metro cubo;69.0;V;
17/12/2015;03:00;13;001272;805;Torino - Rebaudengo;04;Biossido di azoto (NO2);23;microgrammi / metro cubo;57.0;V;
17/12/2015;04:00;13;001272;805;Torino - Rebaudengo;04;Biossido di azoto (NO2);23;microgrammi / metro cubo;50.0;V;
17/12/2015;05:00;13;001272;805;Torino - Rebaudengo;04;Biossido di azoto (NO2);23;microgrammi / metro cubo;50.0;V;
17/12/2015;06:00;13;001272;805;Torino - Rebaudengo;04;Biossido di azoto (NO2);23;microgrammi / metro cubo;57.0;V;
17/12/2015;07:00;13;001272;805;Torino - Rebaudengo;04;Biossido di azoto (NO2);23;microgrammi / metro cubo;93.0;V;
17/12/2015;08:00;13;001272;805;Torino - Rebaudengo;04;Biossido di azoto (NO2);23;microgrammi / metro cubo;102.0;V;
17/12/2015;09:00;13;001272;805;Torino - Rebaudengo;04;Biossido di azoto (NO2);23;microgrammi / metro cubo;120.0;V;
17/12/2015;10:00;13;001272;805;Torino - Rebaudengo;04;Biossido di azoto (NO2);23;microgrammi / metro cubo;125.0;V;
17/12/2015;11:00;13;001272;805;Torino - Rebaudengo;04;Biossido di azoto (NO2);23;microgrammi / metro cubo;153.0;V;
17/12/2015;12:00;13;001272;805;Torino - Rebaudengo;04;Biossido di azoto (NO2);23;microgrammi / metro cubo;138.0;V;
17/12/2015;13:00;13;001272;805;Torino - Rebaudengo;04;Biossido di azoto (NO2);23;microgrammi / metro cubo;106.0;V;
17/12/2015;14:00;13;001272;805;Torino - Rebaudengo;04;Biossido di azoto (NO2);23;microgrammi / metro cubo;117.0;V;
17/12/2015;15:00;13;001272;805;Torino - Rebaudengo;04;Biossido di azoto (NO2);23;microgrammi / metro cubo;119.0;V;
17/12/2015;16:00;13;001272;805;Torino - Rebaudengo;04;Biossido di azoto (NO2);23;microgrammi / metro cubo;129.0;V;
17/12/2015;17:00;13;001272;805;Torino - Rebaudengo;04;Biossido di azoto (NO2);23;microgrammi / metro cubo;129.0;V;
17/12/2015;18:00;13;001272;805;Torino - Rebaudengo;04;Biossido di azoto (NO2);23;microgrammi / metro cubo;131.0;V;
17/12/2015;19:00;13;001272;805;Torino - Rebaudengo;04;Biossido di azoto (NO2);23;microgrammi / metro cubo;158.0;V;
17/12/2015;20:00;13;001272;805;Torino - Rebaudengo;04;Biossido di azoto (NO2);23;microgrammi / metro cubo;157.0;V;
17/12/2015;21:00;13;001272;805;Torino - Rebaudengo;04;Biossido di azoto (NO2);23;microgrammi / metro cubo;113.0;V;
17/12/2015;22:00;13;001272;805;Torino - Rebaudengo;04;Biossido di azoto (NO2);23;microgrammi / metro cubo;110.0;V;
17/12/2015;23:00;13;001272;805;Torino - Rebaudengo;04;Biossido di azoto (NO2);23;microgrammi / metro cubo;99.0;V;
17/12/2015;23:59;13;001272;805;Torino - Rebaudengo;04;Biossido di azoto (NO2);23;microgrammi / metro cubo;92.0;V;
18/12/2015;01:00;13;001272;805;Torino - Rebaudengo;04;Biossido di azoto (NO2);23;microgrammi / metro cubo;74.0;V;
18/12/2015;02:00;13;001272;805;Torino - Rebaudengo;04;Biossido di azoto (NO2);23;microgrammi / metro cubo;77.0;V;
18/12/2015;03:00;13;001272;805;Torino - Rebaudengo;04;Biossido di azoto (NO2);23;microgrammi / metro cubo;59.0;V;
18/12/2015;04:00;13;001272;805;Torino - Rebaudengo;04;Biossido di azoto (NO2);23;microgrammi / metro cubo;53.0;V;
18/12/2015;05:00;13;001272;805;Torino - Rebaudengo;04;Biossido di azoto (NO2);23;microgrammi / metro cubo;48.0;V;
18/12/2015;06:00;13;001272;805;Torino - Rebaudengo;04;Biossido di azoto (NO2);23;microgrammi / metro cubo;65.0;V;
18/12/2015;07:00;13;001272;805;Torino - Rebaudengo;04;Biossido di azoto (NO2);23;microgrammi / metro cubo;72.0;V;
18/12/2015;08:00;13;001272;805;Torino - Rebaudengo;04;Biossido di azoto (NO2);23;microgrammi / metro cubo;88.0;V;
18/12/2015;09:00;13;001272;805;Torino - Rebaudengo;04;Biossido di azoto (NO2);23;microgrammi / metro cubo;158.0;V;
18/12/2015;10:00;13;001272;805;Torino - Rebaudengo;04;Biossido di azoto (NO2);23;microgrammi / metro cubo;164.0;V;
18/12/2015;11:00;13;001272;805;Torino - Rebaudengo;04;Biossido di azoto (NO2);23;microgrammi / metro cubo;160.0;V;
18/12/2015;12:00;13;001272;805;Torino - Rebaudengo;04;Biossido di azoto (NO2);23;microgrammi / metro cubo;;E;
18/12/2015;13:00;13;001272;805;Torino - Rebaudengo;04;Biossido di azoto (NO2);23;microgrammi / metro cubo;;E;
18/12/2015;14:00;13;001272;805;Torino - Rebaudengo;04;Biossido di azoto (NO2);23;microgrammi / metro cubo;;E;
18/12/2015;15:00;13;001272;805;Torino - Rebaudengo;04;Biossido di azoto (NO2);23;microgrammi / metro cubo;120.0;V;
18/12/2015;16:00;13;001272;805;Torino - Rebaudengo;04;Biossido di azoto (NO2);23;microgrammi / metro cubo;114.0;V;
18/12/2015;17:00;13;001272;805;Torino - Rebaudengo;04;Biossido di azoto (NO2);23;microgrammi / metro cubo;119.0;V;
18/12/2015;18:00;13;001272;805;Torino - Rebaudengo;04;Biossido di azoto (NO2);23;microgrammi / metro cubo;170.0;V;
18/12/2015;19:00;13;001272;805;Torino - Rebaudengo;04;Biossido di azoto (NO2);23;microgrammi / metro cubo;194.0;V;
18/12/2015;20:00;13;001272;805;Torino - Rebaudengo;04;Biossido di azoto (NO2);23;microgrammi / metro cubo;179.0;V;
18/12/2015;21:00;13;001272;805;Torino - Rebaudengo;04;Biossido di azoto (NO2);23;microgrammi / metro cubo;156.0;V;
18/12/2015;22:00;13;001272;805;Torino - Rebaudengo;04;Biossido di azoto (NO2);23;microgrammi / metro cubo;162.0;V;
18/12/2015;23:00;13;001272;805;Torino - Rebaudengo;04;Biossido di azoto (NO2);23;microgrammi / metro cubo;119.0;V;
18/12/2015;23:59;13;001272;805;Torino - Rebaudengo;04;Biossido di azoto (NO2);23;microgrammi / metro cubo;94.0;V;
19/12/2015;01:00;13;001272;805;Torino - Rebaudengo;04;Biossido di azoto (NO2);23;microgrammi / metro cubo;98.0;V;
19/12/2015;02:00;13;001272;805;Torino - Rebaudengo;04;Biossido di azoto (NO2);23;microgrammi / metro cubo;80.0;V;
19/12/2015;03:00;13;001272;805;Torino - Rebaudengo;04;Biossido di azoto (NO2);23;microgrammi / metro cubo;74.0;V;
19/12/2015;04:00;13;001272;805;Torino - Rebaudengo;04;Biossido di azoto (NO2);23;microgrammi / metro cubo;72.0;V;
19/12/2015;05:00;13;001272;805;Torino - Rebaudengo;04;Biossido di azoto (NO2);23;microgrammi / metro cubo;68.0;V;
19/12/2015;06:00;13;001272;805;Torino - Rebaudengo;04;Biossido di azoto (NO2);23;microgrammi / metro cubo;67.0;V;
19/12/2015;07:00;13;001272;805;Torino - Rebaudengo;04;Biossido di azoto (NO2);23;microgrammi / metro cubo;76.0;V;
19/12/2015;08:00;13;001272;805;Torino - Rebaudengo;04;Biossido di azoto (NO2);23;microgrammi / metro cubo;71.0;V;
19/12/2015;09:00;13;001272;805;Torino - Rebaudengo;04;Biossido di azoto (NO2);23;microgrammi / metro cubo;84.0;V;
19/12/2015;10:00;13;001272;805;Torino - Rebaudengo;04;Biossido di azoto (NO2);23;microgrammi / metro cubo;94.0;V;
19/12/2015;11:00;13;001272;805;Torino - Rebaudengo;04;Biossido di azoto (NO2);23;microgrammi / metro cubo;119.0;V;
19/12/2015;12:00;13;001272;805;Torino - Rebaudengo;04;Biossido di azoto (NO2);23;microgrammi / metro cubo;159.0;V;
19/12/2015;13:00;13;001272;805;Torino - Rebaudengo;04;Biossido di azoto (NO2);23;microgrammi / metro cubo;141.0;V;
19/12/2015;14:00;13;001272;805;Torino - Rebaudengo;04;Biossido di azoto (NO2);23;microgrammi / metro cubo;145.0;V;
19/12/2015;15:00;13;001272;805;Torino - Rebaudengo;04;Biossido di azoto (NO2);23;microgrammi / metro cubo;137.0;V;
19/12/2015;16:00;13;001272;805;Torino - Rebaudengo;04;Biossido di azoto (NO2);23;microgrammi / metro cubo;127.0;V;
19/12/2015;17:00;13;001272;805;Torino - Rebaudengo;04;Biossido di azoto (NO2);23;microgrammi / metro cubo;146.0;V;
19/12/2015;18:00;13;001272;805;Torino - Rebaudengo;04;Biossido di azoto (NO2);23;microgrammi / metro cubo;149.0;V;
19/12/2015;19:00;13;001272;805;Torino - Rebaudengo;04;Biossido di azoto (NO2);23;microgrammi / metro cubo;155.0;V;
19/12/2015;20:00;13;001272;805;Torino - Rebaudengo;04;Biossido di azoto (NO2);23;microgrammi / metro cubo;140.0;V;
19/12/2015;21:00;13;001272;805;Torino - Rebaudengo;04;Biossido di azoto (NO2);23;microgrammi / metro cubo;115.0;V;
19/12/2015;22:00;13;001272;805;Torino - Rebaudengo;04;Biossido di azoto (NO2);23;microgrammi / metro cubo;98.0;V;
19/12/2015;23:00;13;001272;805;Torino - Rebaudengo;04;Biossido di azoto (NO2);23;microgrammi / metro cubo;84.0;V;
19/12/2015;23:59;13;001272;805;Torino - Rebaudengo;04;Biossido di azoto (NO2);23;microgrammi / metro cubo;88.0;V;
20/12/2015;01:00;13;001272;805;Torino - Rebaudengo;04;Biossido di azoto (NO2);23;microgrammi / metro cubo;69.0;V;
20/12/2015;02:00;13;001272;805;Torino - Rebaudengo;04;Biossido di azoto (NO2);23;microgrammi / metro cubo;68.0;V;
20/12/2015;03:00;13;001272;805;Torino - Rebaudengo;04;Biossido di azoto (NO2);23;microgrammi / metro cubo;67.0;V;
20/12/2015;04:00;13;001272;805;Torino - Rebaudengo;04;Biossido di azoto (NO2);23;microgrammi / metro cubo;64.0;V;
20/12/2015;05:00;13;001272;805;Torino - Rebaudengo;04;Biossido di azoto (NO2);23;microgrammi / metro cubo;53.0;V;
20/12/2015;06:00;13;001272;805;Torino - Rebaudengo;04;Biossido di azoto (NO2);23;microgrammi / metro cubo;57.0;V;
20/12/2015;07:00;13;001272;805;Torino - Rebaudengo;04;Biossido di azoto (NO2);23;microgrammi / metro cubo;52.0;V;
20/12/2015;08:00;13;001272;805;Torino - Rebaudengo;04;Biossido di azoto (NO2);23;microgrammi / metro cubo;61.0;V;
20/12/2015;09:00;13;001272;805;Torino - Rebaudengo;04;Biossido di azoto (NO2);23;microgrammi / metro cubo;70.0;V;
20/12/2015;10:00;13;001272;805;Torino - Rebaudengo;04;Biossido di azoto (NO2);23;microgrammi / metro cubo;79.0;V;
20/12/2015;11:00;13;001272;805;Torino - Rebaudengo;04;Biossido di azoto (NO2);23;microgrammi / metro cubo;103.0;V;
20/12/2015;12:00;13;001272;805;Torino - Rebaudengo;04;Biossido di azoto (NO2);23;microgrammi / metro cubo;127.0;V;
20/12/2015;13:00;13;001272;805;Torino - Rebaudengo;04;Biossido di azoto (NO2);23;microgrammi / metro cubo;110.0;V;
20/12/2015;14:00;13;001272;805;Torino - Rebaudengo;04;Biossido di azoto (NO2);23;microgrammi / metro cubo;97.0;V;
20/12/2015;15:00;13;001272;805;Torino - Rebaudengo;04;Biossido di azoto (NO2);23;microgrammi / metro cubo;88.0;V;
20/12/2015;16:00;13;001272;805;Torino - Rebaudengo;04;Biossido di azoto (NO2);23;microgrammi / metro cubo;99.0;V;
20/12/2015;17:00;13;001272;805;Torino - Rebaudengo;04;Biossido di azoto (NO2);23;microgrammi / metro cubo;135.0;V;
20/12/2015;18:00;13;001272;805;Torino - Rebaudengo;04;Biossido di azoto (NO2);23;microgrammi / metro cubo;204.0;V;
20/12/2015;19:00;13;001272;805;Torino - Rebaudengo;04;Biossido di azoto (NO2);23;microgrammi / metro cubo;159.0;V;
20/12/2015;20:00;13;001272;805;Torino - Rebaudengo;04;Biossido di azoto (NO2);23;microgrammi / metro cubo;123.0;V;
20/12/2015;21:00;13;001272;805;Torino - Rebaudengo;04;Biossido di azoto (NO2);23;microgrammi / metro cubo;100.0;V;
20/12/2015;22:00;13;001272;805;Torino - Rebaudengo;04;Biossido di azoto (NO2);23;microgrammi / metro cubo;82.0;V;
20/12/2015;23:00;13;001272;805;Torino - Rebaudengo;04;Biossido di azoto (NO2);23;microgrammi / metro cubo;77.0;V;
20/12/2015;23:59;13;001272;805;Torino - Rebaudengo;04;Biossido di azoto (NO2);23;microgrammi / metro cubo;72.0;V;
21/12/2015;01:00;13;001272;805;Torino - Rebaudengo;04;Biossido di azoto (NO2);23;microgrammi / metro cubo;64.0;V;
21/12/2015;02:00;13;001272;805;Torino - Rebaudengo;04;Biossido di azoto (NO2);23;microgrammi / metro cubo;64.0;V;
21/12/2015;03:00;13;001272;805;Torino - Rebaudengo;04;Biossido di azoto (NO2);23;microgrammi / metro cubo;60.0;V;
21/12/2015;04:00;13;001272;805;Torino - Rebaudengo;04;Biossido di azoto (NO2);23;microgrammi / metro cubo;56.0;V;
21/12/2015;05:00;13;001272;805;Torino - Rebaudengo;04;Biossido di azoto (NO2);23;microgrammi / metro cubo;54.0;V;
21/12/2015;06:00;13;001272;805;Torino - Rebaudengo;04;Biossido di azoto (NO2);23;microgrammi / metro cubo;62.0;V;
21/12/2015;07:00;13;001272;805;Torino - Rebaudengo;04;Biossido di azoto (NO2);23;microgrammi / metro cubo;66.0;V;
21/12/2015;08:00;13;001272;805;Torino - Rebaudengo;04;Biossido di azoto (NO2);23;microgrammi / metro cubo;89.0;V;
21/12/2015;09:00;13;001272;805;Torino - Rebaudengo;04;Biossido di azoto (NO2);23;microgrammi / metro cubo;111.0;V;
21/12/2015;10:00;13;001272;805;Torino - Rebaudengo;04;Biossido di azoto (NO2);23;microgrammi / metro cubo;119.0;V;
21/12/2015;11:00;13;001272;805;Torino - Rebaudengo;04;Biossido di azoto (NO2);23;microgrammi / metro cubo;135.0;V;
21/12/2015;12:00;13;001272;805;Torino - Rebaudengo;04;Biossido di azoto (NO2);23;microgrammi / metro cubo;149.0;V;
21/12/2015;13:00;13;001272;805;Torino - Rebaudengo;04;Biossido di azoto (NO2);23;microgrammi / metro cubo;151.0;V;
21/12/2015;14:00;13;001272;805;Torino - Rebaudengo;04;Biossido di azoto (NO2);23;microgrammi / metro cubo;118.0;V;
21/12/2015;15:00;13;001272;805;Torino - Rebaudengo;04;Biossido di azoto (NO2);23;microgrammi / metro cubo;104.0;V;
21/12/2015;16:00;13;001272;805;Torino - Rebaudengo;04;Biossido di azoto (NO2);23;microgrammi / metro cubo;94.0;V;
21/12/2015;17:00;13;001272;805;Torino - Rebaudengo;04;Biossido di azoto (NO2);23;microgrammi / metro cubo;93.0;V;
21/12/2015;18:00;13;001272;805;Torino - Rebaudengo;04;Biossido di azoto (NO2);23;microgrammi / metro cubo;108.0;V;
21/12/2015;19:00;13;001272;805;Torino - Rebaudengo;04;Biossido di azoto (NO2);23;microgrammi / metro cubo;124.0;V;
21/12/2015;20:00;13;001272;805;Torino - Rebaudengo;04;Biossido di azoto (NO2);23;microgrammi / metro cubo;141.0;V;
21/12/2015;21:00;13;001272;805;Torino - Rebaudengo;04;Biossido di azoto (NO2);23;microgrammi / metro cubo;126.0;V;
21/12/2015;22:00;13;001272;805;Torino - Rebaudengo;04;Biossido di azoto (NO2);23;microgrammi / metro cubo;85.0;V;
21/12/2015;23:00;13;001272;805;Torino - Rebaudengo;04;Biossido di azoto (NO2);23;microgrammi / metro cubo;86.0;V;
21/12/2015;23:59;13;001272;805;Torino - Rebaudengo;04;Biossido di azoto (NO2);23;microgrammi / metro cubo;71.0;V;
22/12/2015;01:00;13;001272;805;Torino - Rebaudengo;04;Biossido di azoto (NO2);23;microgrammi / metro cubo;70.0;V;
22/12/2015;02:00;13;001272;805;Torino - Rebaudengo;04;Biossido di azoto (NO2);23;microgrammi / metro cubo;62.0;V;
22/12/2015;03:00;13;001272;805;Torino - Rebaudengo;04;Biossido di azoto (NO2);23;microgrammi / metro cubo;47.0;V;
22/12/2015;04:00;13;001272;805;Torino - Rebaudengo;04;Biossido di azoto (NO2);23;microgrammi / metro cubo;53.0;V;
22/12/2015;05:00;13;001272;805;Torino - Rebaudengo;04;Biossido di azoto (NO2);23;microgrammi / metro cubo;51.0;V;
22/12/2015;06:00;13;001272;805;Torino - Rebaudengo;04;Biossido di azoto (NO2);23;microgrammi / metro cubo;55.0;V;
22/12/2015;07:00;13;001272;805;Torino - Rebaudengo;04;Biossido di azoto (NO2);23;microgrammi / metro cubo;69.0;V;
22/12/2015;08:00;13;001272;805;Torino - Rebaudengo;04;Biossido di azoto (NO2);23;microgrammi / metro cubo;87.0;V;
22/12/2015;09:00;13;001272;805;Torino - Rebaudengo;04;Biossido di azoto (NO2);23;microgrammi / metro cubo;108.0;V;
22/12/2015;10:00;13;001272;805;Torino - Rebaudengo;04;Biossido di azoto (NO2);23;microgrammi / metro cubo;143.0;V;
22/12/2015;11:00;13;001272;805;Torino - Rebaudengo;04;Biossido di azoto (NO2);23;microgrammi / metro cubo;154.0;V;
22/12/2015;12:00;13;001272;805;Torino - Rebaudengo;04;Biossido di azoto (NO2);23;microgrammi / metro cubo;146.0;V;
22/12/2015;13:00;13;001272;805;Torino - Rebaudengo;04;Biossido di azoto (NO2);23;microgrammi / metro cubo;124.0;V;
22/12/2015;14:00;13;001272;805;Torino - Rebaudengo;04;Biossido di azoto (NO2);23;microgrammi / metro cubo;90.0;V;
22/12/2015;15:00;13;001272;805;Torino - Rebaudengo;04;Biossido di azoto (NO2);23;microgrammi / metro cubo;84.0;V;
22/12/2015;16:00;13;001272;805;Torino - Rebaudengo;04;Biossido di azoto (NO2);23;microgrammi / metro cubo;99.0;V;
22/12/2015;17:00;13;001272;805;Torino - Rebaudengo;04;Biossido di azoto (NO2);23;microgrammi / metro cubo;108.0;V;
22/12/2015;18:00;13;001272;805;Torino - Rebaudengo;04;Biossido di azoto (NO2);23;microgrammi / metro cubo;141.0;V;
22/12/2015;19:00;13;001272;805;Torino - Rebaudengo;04;Biossido di azoto (NO2);23;microgrammi / metro cubo;160.0;V;
22/12/2015;20:00;13;001272;805;Torino - Rebaudengo;04;Biossido di azoto (NO2);23;microgrammi / metro cubo;168.0;V;
22/12/2015;21:00;13;001272;805;Torino - Rebaudengo;04;Biossido di azoto (NO2);23;microgrammi / metro cubo;131.0;V;
22/12/2015;22:00;13;001272;805;Torino - Rebaudengo;04;Biossido di azoto (NO2);23;microgrammi / metro cubo;105.0;V;
22/12/2015;23:00;13;001272;805;Torino - Rebaudengo;04;Biossido di azoto (NO2);23;microgrammi / metro cubo;94.0;V;
22/12/2015;23:59;13;001272;805;Torino - Rebaudengo;04;Biossido di azoto (NO2);23;microgrammi / metro cubo;74.0;V;
23/12/2015;01:00;13;001272;805;Torino - Rebaudengo;04;Biossido di azoto (NO2);23;microgrammi / metro cubo;67.0;V;
23/12/2015;02:00;13;001272;805;Torino - Rebaudengo;04;Biossido di azoto (NO2);23;microgrammi / metro cubo;76.0;V;
23/12/2015;03:00;13;001272;805;Torino - Rebaudengo;04;Biossido di azoto (NO2);23;microgrammi / metro cubo;53.0;V;
23/12/2015;04:00;13;001272;805;Torino - Rebaudengo;04;Biossido di azoto (NO2);23;microgrammi / metro cubo;43.0;V;
23/12/2015;05:00;13;001272;805;Torino - Rebaudengo;04;Biossido di azoto (NO2);23;microgrammi / metro cubo;43.0;V;
23/12/2015;06:00;13;001272;805;Torino - Rebaudengo;04;Biossido di azoto (NO2);23;microgrammi / metro cubo;56.0;V;
23/12/2015;07:00;13;001272;805;Torino - Rebaudengo;04;Biossido di azoto (NO2);23;microgrammi / metro cubo;73.0;V;
23/12/2015;08:00;13;001272;805;Torino - Rebaudengo;04;Biossido di azoto (NO2);23;microgrammi / metro cubo;91.0;V;
23/12/2015;09:00;13;001272;805;Torino - Rebaudengo;04;Biossido di azoto (NO2);23;microgrammi / metro cubo;108.0;V;
23/12/2015;10:00;13;001272;805;Torino - Rebaudengo;04;Biossido di azoto (NO2);23;microgrammi / metro cubo;136.0;V;
23/12/2015;11:00;13;001272;805;Torino - Rebaudengo;04;Biossido di azoto (NO2);23;microgrammi / metro cubo;104.0;V;
23/12/2015;12:00;13;001272;805;Torino - Rebaudengo;04;Biossido di azoto (NO2);23;microgrammi / metro cubo;88.0;V;
23/12/2015;13:00;13;001272;805;Torino - Rebaudengo;04;Biossido di azoto (NO2);23;microgrammi / metro cubo;85.0;V;
23/12/2015;14:00;13;001272;805;Torino - Rebaudengo;04;Biossido di azoto (NO2);23;microgrammi / metro cubo;81.0;V;
23/12/2015;15:00;13;001272;805;Torino - Rebaudengo;04;Biossido di azoto (NO2);23;microgrammi / metro cubo;88.0;V;
23/12/2015;16:00;13;001272;805;Torino - Rebaudengo;04;Biossido di azoto (NO2);23;microgrammi / metro cubo;81.0;V;
23/12/2015;17:00;13;001272;805;Torino - Rebaudengo;04;Biossido di azoto (NO2);23;microgrammi / metro cubo;87.0;V;
23/12/2015;18:00;13;001272;805;Torino - Rebaudengo;04;Biossido di azoto (NO2);23;microgrammi / metro cubo;126.0;V;
23/12/2015;19:00;13;001272;805;Torino - Rebaudengo;04;Biossido di azoto (NO2);23;microgrammi / metro cubo;163.0;V;
23/12/2015;20:00;13;001272;805;Torino - Rebaudengo;04;Biossido di azoto (NO2);23;microgrammi / metro cubo;141.0;V;
23/12/2015;21:00;13;001272;805;Torino - Rebaudengo;04;Biossido di azoto (NO2);23;microgrammi / metro cubo;122.0;V;
23/12/2015;22:00;13;001272;805;Torino - Rebaudengo;04;Biossido di azoto (NO2);23;microgrammi / metro cubo;88.0;V;
23/12/2015;23:00;13;001272;805;Torino - Rebaudengo;04;Biossido di azoto (NO2);23;microgrammi / metro cubo;80.0;V;
23/12/2015;23:59;13;001272;805;Torino - Rebaudengo;04;Biossido di azoto (NO2);23;microgrammi / metro cubo;74.0;V;
24/12/2015;01:00;13;001272;805;Torino - Rebaudengo;04;Biossido di azoto (NO2);23;microgrammi / metro cubo;68.0;V;
24/12/2015;02:00;13;001272;805;Torino - Rebaudengo;04;Biossido di azoto (NO2);23;microgrammi / metro cubo;54.0;V;
24/12/2015;03:00;13;001272;805;Torino - Rebaudengo;04;Biossido di azoto (NO2);23;microgrammi / metro cubo;51.0;V;
24/12/2015;04:00;13;001272;805;Torino - Rebaudengo;04;Biossido di azoto (NO2);23;microgrammi / metro cubo;44.0;V;
24/12/2015;05:00;13;001272;805;Torino - Rebaudengo;04;Biossido di azoto (NO2);23;microgrammi / metro cubo;50.0;V;
24/12/2015;06:00;13;001272;805;Torino - Rebaudengo;04;Biossido di azoto (NO2);23;microgrammi / metro cubo;53.0;V;
24/12/2015;07:00;13;001272;805;Torino - Rebaudengo;04;Biossido di azoto (NO2);23;microgrammi / metro cubo;49.0;V;
24/12/2015;08:00;13;001272;805;Torino - Rebaudengo;04;Biossido di azoto (NO2);23;microgrammi / metro cubo;57.0;V;
24/12/2015;09:00;13;001272;805;Torino - Rebaudengo;04;Biossido di azoto (NO2);23;microgrammi / metro cubo;55.0;V;
24/12/2015;10:00;13;001272;805;Torino - Rebaudengo;04;Biossido di azoto (NO2);23;microgrammi / metro cubo;59.0;V;
24/12/2015;11:00;13;001272;805;Torino - Rebaudengo;04;Biossido di azoto (NO2);23;microgrammi / metro cubo;57.0;V;
24/12/2015;12:00;13;001272;805;Torino - Rebaudengo;04;Biossido di azoto (NO2);23;microgrammi / metro cubo;62.0;V;
24/12/2015;13:00;13;001272;805;Torino - Rebaudengo;04;Biossido di azoto (NO2);23;microgrammi / metro cubo;57.0;V;
24/12/2015;14:00;13;001272;805;Torino - Rebaudengo;04;Biossido di azoto (NO2);23;microgrammi / metro cubo;55.0;V;
24/12/2015;15:00;13;001272;805;Torino - Rebaudengo;04;Biossido di azoto (NO2);23;microgrammi / metro cubo;54.0;V;
24/12/2015;16:00;13;001272;805;Torino - Rebaudengo;04;Biossido di azoto (NO2);23;microgrammi / metro cubo;49.0;V;
24/12/2015;17:00;13;001272;805;Torino - Rebaudengo;04;Biossido di azoto (NO2);23;microgrammi / metro cubo;67.0;V;
24/12/2015;18:00;13;001272;805;Torino - Rebaudengo;04;Biossido di azoto (NO2);23;microgrammi / metro cubo;57.0;V;
24/12/2015;19:00;13;001272;805;Torino - Rebaudengo;04;Biossido di azoto (NO2);23;microgrammi / metro cubo;56.0;V;
24/12/2015;20:00;13;001272;805;Torino - Rebaudengo;04;Biossido di azoto (NO2);23;microgrammi / metro cubo;67.0;V;
24/12/2015;21:00;13;001272;805;Torino - Rebaudengo;04;Biossido di azoto (NO2);23;microgrammi / metro cubo;63.0;V;
24/12/2015;22:00;13;001272;805;Torino - Rebaudengo;04;Biossido di azoto (NO2);23;microgrammi / metro cubo;57.0;V;
24/12/2015;23:00;13;001272;805;Torino - Rebaudengo;04;Biossido di azoto (NO2);23;microgrammi / metro cubo;54.0;V;
24/12/2015;23:59;13;001272;805;Torino - Rebaudengo;04;Biossido di azoto (NO2);23;microgrammi / metro cubo;52.0;V;
25/12/2015;01:00;13;001272;805;Torino - Rebaudengo;04;Biossido di azoto (NO2);23;microgrammi / metro cubo;52.0;V;
25/12/2015;02:00;13;001272;805;Torino - Rebaudengo;04;Biossido di azoto (NO2);23;microgrammi / metro cubo;53.0;V;
25/12/2015;03:00;13;001272;805;Torino - Rebaudengo;04;Biossido di azoto (NO2);23;microgrammi / metro cubo;52.0;V;
25/12/2015;04:00;13;001272;805;Torino - Rebaudengo;04;Biossido di azoto (NO2);23;microgrammi / metro cubo;50.0;V;
25/12/2015;05:00;13;001272;805;Torino - Rebaudengo;04;Biossido di azoto (NO2);23;microgrammi / metro cubo;45.0;V;
25/12/2015;06:00;13;001272;805;Torino - Rebaudengo;04;Biossido di azoto (NO2);23;microgrammi / metro cubo;45.0;V;
25/12/2015;07:00;13;001272;805;Torino - Rebaudengo;04;Biossido di azoto (NO2);23;microgrammi / metro cubo;44.0;V;
25/12/2015;08:00;13;001272;805;Torino - Rebaudengo;04;Biossido di azoto (NO2);23;microgrammi / metro cubo;41.0;V;
25/12/2015;09:00;13;001272;805;Torino - Rebaudengo;04;Biossido di azoto (NO2);23;microgrammi / metro cubo;43.0;V;
25/12/2015;10:00;13;001272;805;Torino - Rebaudengo;04;Biossido di azoto (NO2);23;microgrammi / metro cubo;45.0;V;
25/12/2015;11:00;13;001272;805;Torino - Rebaudengo;04;Biossido di azoto (NO2);23;microgrammi / metro cubo;52.0;V;
25/12/2015;12:00;13;001272;805;Torino - Rebaudengo;04;Biossido di azoto (NO2);23;microgrammi / metro cubo;51.0;V;
25/12/2015;13:00;13;001272;805;Torino - Rebaudengo;04;Biossido di azoto (NO2);23;microgrammi / metro cubo;62.0;V;
25/12/2015;14:00;13;001272;805;Torino - Rebaudengo;04;Biossido di azoto (NO2);23;microgrammi / metro cubo;61.0;V;
25/12/2015;15:00;13;001272;805;Torino - Rebaudengo;04;Biossido di azoto (NO2);23;microgrammi / metro cubo;66.0;V;
25/12/2015;16:00;13;001272;805;Torino - Rebaudengo;04;Biossido di azoto (NO2);23;microgrammi / metro cubo;67.0;V;
25/12/2015;17:00;13;001272;805;Torino - Rebaudengo;04;Biossido di azoto (NO2);23;microgrammi / metro cubo;64.0;V;
25/12/2015;18:00;13;001272;805;Torino - Rebaudengo;04;Biossido di azoto (NO2);23;microgrammi / metro cubo;79.0;V;
25/12/2015;19:00;13;001272;805;Torino - Rebaudengo;04;Biossido di azoto (NO2);23;microgrammi / metro cubo;81.0;V;
25/12/2015;20:00;13;001272;805;Torino - Rebaudengo;04;Biossido di azoto (NO2);23;microgrammi / metro cubo;79.0;V;
25/12/2015;21:00;13;001272;805;Torino - Rebaudengo;04;Biossido di azoto (NO2);23;microgrammi / metro cubo;73.0;V;
25/12/2015;22:00;13;001272;805;Torino - Rebaudengo;04;Biossido di azoto (NO2);23;microgrammi / metro cubo;67.0;V;
25/12/2015;23:00;13;001272;805;Torino - Rebaudengo;04;Biossido di azoto (NO2);23;microgrammi / metro cubo;63.0;V;
25/12/2015;23:59;13;001272;805;Torino - Rebaudengo;04;Biossido di azoto (NO2);23;microgrammi / metro cubo;59.0;V;
26/12/2015;01:00;13;001272;805;Torino - Rebaudengo;04;Biossido di azoto (NO2);23;microgrammi / metro cubo;59.0;V;
26/12/2015;02:00;13;001272;805;Torino - Rebaudengo;04;Biossido di azoto (NO2);23;microgrammi / metro cubo;50.0;V;
26/12/2015;03:00;13;001272;805;Torino - Rebaudengo;04;Biossido di azoto (NO2);23;microgrammi / metro cubo;47.0;V;
26/12/2015;04:00;13;001272;805;Torino - Rebaudengo;04;Biossido di azoto (NO2);23;microgrammi / metro cubo;45.0;V;
26/12/2015;05:00;13;001272;805;Torino - Rebaudengo;04;Biossido di azoto (NO2);23;microgrammi / metro cubo;46.0;V;
26/12/2015;06:00;13;001272;805;Torino - Rebaudengo;04;Biossido di azoto (NO2);23;microgrammi / metro cubo;46.0;V;
26/12/2015;07:00;13;001272;805;Torino - Rebaudengo;04;Biossido di azoto (NO2);23;microgrammi / metro cubo;47.0;V;
26/12/2015;08:00;13;001272;805;Torino - Rebaudengo;04;Biossido di azoto (NO2);23;microgrammi / metro cubo;42.0;V;
26/12/2015;09:00;13;001272;805;Torino - Rebaudengo;04;Biossido di azoto (NO2);23;microgrammi / metro cubo;45.0;V;
26/12/2015;10:00;13;001272;805;Torino - Rebaudengo;04;Biossido di azoto (NO2);23;microgrammi / metro cubo;52.0;V;
26/12/2015;11:00;13;001272;805;Torino - Rebaudengo;04;Biossido di azoto (NO2);23;microgrammi / metro cubo;68.0;V;
26/12/2015;12:00;13;001272;805;Torino - Rebaudengo;04;Biossido di azoto (NO2);23;microgrammi / metro cubo;77.0;V;
26/12/2015;13:00;13;001272;805;Torino - Rebaudengo;04;Biossido di azoto (NO2);23;microgrammi / metro cubo;70.0;V;
26/12/2015;14:00;13;001272;805;Torino - Rebaudengo;04;Biossido di azoto (NO2);23;microgrammi / metro cubo;63.0;V;
26/12/2015;15:00;13;001272;805;Torino - Rebaudengo;04;Biossido di azoto (NO2);23;microgrammi / metro cubo;72.0;V;
26/12/2015;16:00;13;001272;805;Torino - Rebaudengo;04;Biossido di azoto (NO2);23;microgrammi / metro cubo;78.0;V;
26/12/2015;17:00;13;001272;805;Torino - Rebaudengo;04;Biossido di azoto (NO2);23;microgrammi / metro cubo;98.0;V;
26/12/2015;18:00;13;001272;805;Torino - Rebaudengo;04;Biossido di azoto (NO2);23;microgrammi / metro cubo;115.0;V;
26/12/2015;19:00;13;001272;805;Torino - Rebaudengo;04;Biossido di azoto (NO2);23;microgrammi / metro cubo;151.0;V;
26/12/2015;20:00;13;001272;805;Torino - Rebaudengo;04;Biossido di azoto (NO2);23;microgrammi / metro cubo;103.0;V;
26/12/2015;21:00;13;001272;805;Torino - Rebaudengo;04;Biossido di azoto (NO2);23;microgrammi / metro cubo;66.0;V;
26/12/2015;22:00;13;001272;805;Torino - Rebaudengo;04;Biossido di azoto (NO2);23;microgrammi / metro cubo;62.0;V;
26/12/2015;23:00;13;001272;805;Torino - Rebaudengo;04;Biossido di azoto (NO2);23;microgrammi / metro cubo;63.0;V;
26/12/2015;23:59;13;001272;805;Torino - Rebaudengo;04;Biossido di azoto (NO2);23;microgrammi / metro cubo;55.0;V;
27/12/2015;01:00;13;001272;805;Torino - Rebaudengo;04;Biossido di azoto (NO2);23;microgrammi / metro cubo;52.0;V;
27/12/2015;02:00;13;001272;805;Torino - Rebaudengo;04;Biossido di azoto (NO2);23;microgrammi / metro cubo;51.0;V;
27/12/2015;03:00;13;001272;805;Torino - Rebaudengo;04;Biossido di azoto (NO2);23;microgrammi / metro cubo;46.0;V;
27/12/2015;04:00;13;001272;805;Torino - Rebaudengo;04;Biossido di azoto (NO2);23;microgrammi / metro cubo;54.0;V;
27/12/2015;05:00;13;001272;805;Torino - Rebaudengo;04;Biossido di azoto (NO2);23;microgrammi / metro cubo;46.0;V;
27/12/2015;06:00;13;001272;805;Torino - Rebaudengo;04;Biossido di azoto (NO2);23;microgrammi / metro cubo;49.0;V;
27/12/2015;07:00;13;001272;805;Torino - Rebaudengo;04;Biossido di azoto (NO2);23;microgrammi / metro cubo;47.0;V;
27/12/2015;08:00;13;001272;805;Torino - Rebaudengo;04;Biossido di azoto (NO2);23;microgrammi / metro cubo;42.0;V;
27/12/2015;09:00;13;001272;805;Torino - Rebaudengo;04;Biossido di azoto (NO2);23;microgrammi / metro cubo;43.0;V;
27/12/2015;10:00;13;001272;805;Torino - Rebaudengo;04;Biossido di azoto (NO2);23;microgrammi / metro cubo;62.0;V;
27/12/2015;11:00;13;001272;805;Torino - Rebaudengo;04;Biossido di azoto (NO2);23;microgrammi / metro cubo;80.0;V;
27/12/2015;12:00;13;001272;805;Torino - Rebaudengo;04;Biossido di azoto (NO2);23;microgrammi / metro cubo;87.0;V;
27/12/2015;13:00;13;001272;805;Torino - Rebaudengo;04;Biossido di azoto (NO2);23;microgrammi / metro cubo;85.0;V;
27/12/2015;14:00;13;001272;805;Torino - Rebaudengo;04;Biossido di azoto (NO2);23;microgrammi / metro cubo;74.0;V;
27/12/2015;15:00;13;001272;805;Torino - Rebaudengo;04;Biossido di azoto (NO2);23;microgrammi / metro cubo;78.0;V;
27/12/2015;16:00;13;001272;805;Torino - Rebaudengo;04;Biossido di azoto (NO2);23;microgrammi / metro cubo;79.0;V;
27/12/2015;17:00;13;001272;805;Torino - Rebaudengo;04;Biossido di azoto (NO2);23;microgrammi / metro cubo;101.0;V;
27/12/2015;18:00;13;001272;805;Torino - Rebaudengo;04;Biossido di azoto (NO2);23;microgrammi / metro cubo;126.0;V;
27/12/2015;19:00;13;001272;805;Torino - Rebaudengo;04;Biossido di azoto (NO2);23;microgrammi / metro cubo;121.0;V;
27/12/2015;20:00;13;001272;805;Torino - Rebaudengo;04;Biossido di azoto (NO2);23;microgrammi / metro cubo;108.0;V;
27/12/2015;21:00;13;001272;805;Torino - Rebaudengo;04;Biossido di azoto (NO2);23;microgrammi / metro cubo;88.0;V;
27/12/2015;22:00;13;001272;805;Torino - Rebaudengo;04;Biossido di azoto (NO2);23;microgrammi / metro cubo;87.0;V;
27/12/2015;23:00;13;001272;805;Torino - Rebaudengo;04;Biossido di azoto (NO2);23;microgrammi / metro cubo;79.0;V;
27/12/2015;23:59;13;001272;805;Torino - Rebaudengo;04;Biossido di azoto (NO2);23;microgrammi / metro cubo;63.0;V;
28/12/2015;01:00;13;001272;805;Torino - Rebaudengo;04;Biossido di azoto (NO2);23;microgrammi / metro cubo;53.0;V;
28/12/2015;02:00;13;001272;805;Torino - Rebaudengo;04;Biossido di azoto (NO2);23;microgrammi / metro cubo;57.0;V;
28/12/2015;03:00;13;001272;805;Torino - Rebaudengo;04;Biossido di azoto (NO2);23;microgrammi / metro cubo;54.0;V;
28/12/2015;04:00;13;001272;805;Torino - Rebaudengo;04;Biossido di azoto (NO2);23;microgrammi / metro cubo;50.0;V;
28/12/2015;05:00;13;001272;805;Torino - Rebaudengo;04;Biossido di azoto (NO2);23;microgrammi / metro cubo;50.0;V;
28/12/2015;06:00;13;001272;805;Torino - Rebaudengo;04;Biossido di azoto (NO2);23;microgrammi / metro cubo;67.0;V;
28/12/2015;07:00;13;001272;805;Torino - Rebaudengo;04;Biossido di azoto (NO2);23;microgrammi / metro cubo;57.0;V;
28/12/2015;08:00;13;001272;805;Torino - Rebaudengo;04;Biossido di azoto (NO2);23;microgrammi / metro cubo;89.0;V;
28/12/2015;09:00;13;001272;805;Torino - Rebaudengo;04;Biossido di azoto (NO2);23;microgrammi / metro cubo;108.0;V;
28/12/2015;10:00;13;001272;805;Torino - Rebaudengo;04;Biossido di azoto (NO2);23;microgrammi / metro cubo;116.0;V;
28/12/2015;11:00;13;001272;805;Torino - Rebaudengo;04;Biossido di azoto (NO2);23;microgrammi / metro cubo;135.0;V;
28/12/2015;12:00;13;001272;805;Torino - Rebaudengo;04;Biossido di azoto (NO2);23;microgrammi / metro cubo;139.0;V;
28/12/2015;13:00;13;001272;805;Torino - Rebaudengo;04;Biossido di azoto (NO2);23;microgrammi / metro cubo;121.0;V;
28/12/2015;14:00;13;001272;805;Torino - Rebaudengo;04;Biossido di azoto (NO2);23;microgrammi / metro cubo;98.0;V;
28/12/2015;15:00;13;001272;805;Torino - Rebaudengo;04;Biossido di azoto (NO2);23;microgrammi / metro cubo;98.0;V;
28/12/2015;16:00;13;001272;805;Torino - Rebaudengo;04;Biossido di azoto (NO2);23;microgrammi / metro cubo;97.0;V;
28/12/2015;17:00;13;001272;805;Torino - Rebaudengo;04;Biossido di azoto (NO2);23;microgrammi / metro cubo;107.0;V;
28/12/2015;18:00;13;001272;805;Torino - Rebaudengo;04;Biossido di azoto (NO2);23;microgrammi / metro cubo;119.0;V;
28/12/2015;19:00;13;001272;805;Torino - Rebaudengo;04;Biossido di azoto (NO2);23;microgrammi / metro cubo;153.0;V;
28/12/2015;20:00;13;001272;805;Torino - Rebaudengo;04;Biossido di azoto (NO2);23;microgrammi / metro cubo;147.0;V;
28/12/2015;21:00;13;001272;805;Torino - Rebaudengo;04;Biossido di azoto (NO2);23;microgrammi / metro cubo;123.0;V;
28/12/2015;22:00;13;001272;805;Torino - Rebaudengo;04;Biossido di azoto (NO2);23;microgrammi / metro cubo;120.0;V;
28/12/2015;23:00;13;001272;805;Torino - Rebaudengo;04;Biossido di azoto (NO2);23;microgrammi / metro cubo;89.0;V;
28/12/2015;23:59;13;001272;805;Torino - Rebaudengo;04;Biossido di azoto (NO2);23;microgrammi / metro cubo;70.0;V;
29/12/2015;01:00;13;001272;805;Torino - Rebaudengo;04;Biossido di azoto (NO2);23;microgrammi / metro cubo;72.0;V;
29/12/2015;02:00;13;001272;805;Torino - Rebaudengo;04;Biossido di azoto (NO2);23;microgrammi / metro cubo;61.0;V;
29/12/2015;03:00;13;001272;805;Torino - Rebaudengo;04;Biossido di azoto (NO2);23;microgrammi / metro cubo;62.0;V;
29/12/2015;04:00;13;001272;805;Torino - Rebaudengo;04;Biossido di azoto (NO2);23;microgrammi / metro cubo;57.0;V;
29/12/2015;05:00;13;001272;805;Torino - Rebaudengo;04;Biossido di azoto (NO2);23;microgrammi / metro cubo;50.0;V;
29/12/2015;06:00;13;001272;805;Torino - Rebaudengo;04;Biossido di azoto (NO2);23;microgrammi / metro cubo;61.0;V;
29/12/2015;07:00;13;001272;805;Torino - Rebaudengo;04;Biossido di azoto (NO2);23;microgrammi / metro cubo;73.0;V;
29/12/2015;08:00;13;001272;805;Torino - Rebaudengo;04;Biossido di azoto (NO2);23;microgrammi / metro cubo;79.0;V;
29/12/2015;09:00;13;001272;805;Torino - Rebaudengo;04;Biossido di azoto (NO2);23;microgrammi / metro cubo;117.0;V;
29/12/2015;10:00;13;001272;805;Torino - Rebaudengo;04;Biossido di azoto (NO2);23;microgrammi / metro cubo;104.0;V;
29/12/2015;11:00;13;001272;805;Torino - Rebaudengo;04;Biossido di azoto (NO2);23;microgrammi / metro cubo;146.0;V;
29/12/2015;12:00;13;001272;805;Torino - Rebaudengo;04;Biossido di azoto (NO2);23;microgrammi / metro cubo;143.0;V;
29/12/2015;13:00;13;001272;805;Torino - Rebaudengo;04;Biossido di azoto (NO2);23;microgrammi / metro cubo;118.0;V;
29/12/2015;14:00;13;001272;805;Torino - Rebaudengo;04;Biossido di azoto (NO2);23;microgrammi / metro cubo;81.0;V;
29/12/2015;15:00;13;001272;805;Torino - Rebaudengo;04;Biossido di azoto (NO2);23;microgrammi / metro cubo;88.0;V;
29/12/2015;16:00;13;001272;805;Torino - Rebaudengo;04;Biossido di azoto (NO2);23;microgrammi / metro cubo;97.0;V;
29/12/2015;17:00;13;001272;805;Torino - Rebaudengo;04;Biossido di azoto (NO2);23;microgrammi / metro cubo;106.0;V;
29/12/2015;18:00;13;001272;805;Torino - Rebaudengo;04;Biossido di azoto (NO2);23;microgrammi / metro cubo;136.0;V;
29/12/2015;19:00;13;001272;805;Torino - Rebaudengo;04;Biossido di azoto (NO2);23;microgrammi / metro cubo;142.0;V;
29/12/2015;20:00;13;001272;805;Torino - Rebaudengo;04;Biossido di azoto (NO2);23;microgrammi / metro cubo;132.0;V;
29/12/2015;21:00;13;001272;805;Torino - Rebaudengo;04;Biossido di azoto (NO2);23;microgrammi / metro cubo;122.0;V;
29/12/2015;22:00;13;001272;805;Torino - Rebaudengo;04;Biossido di azoto (NO2);23;microgrammi / metro cubo;105.0;V;
29/12/2015;23:00;13;001272;805;Torino - Rebaudengo;04;Biossido di azoto (NO2);23;microgrammi / metro cubo;90.0;V;
29/12/2015;23:59;13;001272;805;Torino - Rebaudengo;04;Biossido di azoto (NO2);23;microgrammi / metro cubo;84.0;V;
30/12/2015;01:00;13;001272;805;Torino - Rebaudengo;04;Biossido di azoto (NO2);23;microgrammi / metro cubo;83.0;V;
30/12/2015;02:00;13;001272;805;Torino - Rebaudengo;04;Biossido di azoto (NO2);23;microgrammi / metro cubo;81.0;V;
30/12/2015;03:00;13;001272;805;Torino - Rebaudengo;04;Biossido di azoto (NO2);23;microgrammi / metro cubo;72.0;V;
30/12/2015;04:00;13;001272;805;Torino - Rebaudengo;04;Biossido di azoto (NO2);23;microgrammi / metro cubo;60.0;V;
30/12/2015;05:00;13;001272;805;Torino - Rebaudengo;04;Biossido di azoto (NO2);23;microgrammi / metro cubo;62.0;V;
30/12/2015;06:00;13;001272;805;Torino - Rebaudengo;04;Biossido di azoto (NO2);23;microgrammi / metro cubo;65.0;V;
30/12/2015;07:00;13;001272;805;Torino - Rebaudengo;04;Biossido di azoto (NO2);23;microgrammi / metro cubo;75.0;V;
30/12/2015;08:00;13;001272;805;Torino - Rebaudengo;04;Biossido di azoto (NO2);23;microgrammi / metro cubo;65.0;V;
30/12/2015;09:00;13;001272;805;Torino - Rebaudengo;04;Biossido di azoto (NO2);23;microgrammi / metro cubo;81.0;V;
30/12/2015;10:00;13;001272;805;Torino - Rebaudengo;04;Biossido di azoto (NO2);23;microgrammi / metro cubo;87.0;V;
30/12/2015;11:00;13;001272;805;Torino - Rebaudengo;04;Biossido di azoto (NO2);23;microgrammi / metro cubo;90.0;V;
30/12/2015;12:00;13;001272;805;Torino - Rebaudengo;04;Biossido di azoto (NO2);23;microgrammi / metro cubo;107.0;V;
30/12/2015;13:00;13;001272;805;Torino - Rebaudengo;04;Biossido di azoto (NO2);23;microgrammi / metro cubo;104.0;V;
30/12/2015;14:00;13;001272;805;Torino - Rebaudengo;04;Biossido di azoto (NO2);23;microgrammi / metro cubo;101.0;V;
30/12/2015;15:00;13;001272;805;Torino - Rebaudengo;04;Biossido di azoto (NO2);23;microgrammi / metro cubo;91.0;V;
30/12/2015;16:00;13;001272;805;Torino - Rebaudengo;04;Biossido di azoto (NO2);23;microgrammi / metro cubo;74.0;V;
30/12/2015;17:00;13;001272;805;Torino - Rebaudengo;04;Biossido di azoto (NO2);23;microgrammi / metro cubo;77.0;V;
30/12/2015;18:00;13;001272;805;Torino - Rebaudengo;04;Biossido di azoto (NO2);23;microgrammi / metro cubo;98.0;V;
30/12/2015;19:00;13;001272;805;Torino - Rebaudengo;04;Biossido di azoto (NO2);23;microgrammi / metro cubo;134.0;V;
30/12/2015;20:00;13;001272;805;Torino - Rebaudengo;04;Biossido di azoto (NO2);23;microgrammi / metro cubo;130.0;V;
30/12/2015;21:00;13;001272;805;Torino - Rebaudengo;04;Biossido di azoto (NO2);23;microgrammi / metro cubo;95.0;V;
30/12/2015;22:00;13;001272;805;Torino - Rebaudengo;04;Biossido di azoto (NO2);23;microgrammi / metro cubo;91.0;V;
30/12/2015;23:00;13;001272;805;Torino - Rebaudengo;04;Biossido di azoto (NO2);23;microgrammi / metro cubo;95.0;V;
30/12/2015;23:59;13;001272;805;Torino - Rebaudengo;04;Biossido di azoto (NO2);23;microgrammi / metro cubo;81.0;V;
31/12/2015;01:00;13;001272;805;Torino - Rebaudengo;04;Biossido di azoto (NO2);23;microgrammi / metro cubo;68.0;V;
31/12/2015;02:00;13;001272;805;Torino - Rebaudengo;04;Biossido di azoto (NO2);23;microgrammi / metro cubo;64.0;V;
31/12/2015;03:00;13;001272;805;Torino - Rebaudengo;04;Biossido di azoto (NO2);23;microgrammi / metro cubo;65.0;V;
31/12/2015;04:00;13;001272;805;Torino - Rebaudengo;04;Biossido di azoto (NO2);23;microgrammi / metro cubo;57.0;V;
31/12/2015;05:00;13;001272;805;Torino - Rebaudengo;04;Biossido di azoto (NO2);23;microgrammi / metro cubo;55.0;V;
31/12/2015;06:00;13;001272;805;Torino - Rebaudengo;04;Biossido di azoto (NO2);23;microgrammi / metro cubo;51.0;V;
31/12/2015;07:00;13;001272;805;Torino - Rebaudengo;04;Biossido di azoto (NO2);23;microgrammi / metro cubo;61.0;V;
31/12/2015;08:00;13;001272;805;Torino - Rebaudengo;04;Biossido di azoto (NO2);23;microgrammi / metro cubo;64.0;V;
31/12/2015;09:00;13;001272;805;Torino - Rebaudengo;04;Biossido di azoto (NO2);23;microgrammi / metro cubo;68.0;V;
31/12/2015;10:00;13;001272;805;Torino - Rebaudengo;04;Biossido di azoto (NO2);23;microgrammi / metro cubo;64.0;V;
31/12/2015;11:00;13;001272;805;Torino - Rebaudengo;04;Biossido di azoto (NO2);23;microgrammi / metro cubo;58.0;V;
31/12/2015;12:00;13;001272;805;Torino - Rebaudengo;04;Biossido di azoto (NO2);23;microgrammi / metro cubo;64.0;V;
31/12/2015;13:00;13;001272;805;Torino - Rebaudengo;04;Biossido di azoto (NO2);23;microgrammi / metro cubo;59.0;V;
31/12/2015;14:00;13;001272;805;Torino - Rebaudengo;04;Biossido di azoto (NO2);23;microgrammi / metro cubo;50.0;V;
31/12/2015;15:00;13;001272;805;Torino - Rebaudengo;04;Biossido di azoto (NO2);23;microgrammi / metro cubo;50.0;V;
31/12/2015;16:00;13;001272;805;Torino - Rebaudengo;04;Biossido di azoto (NO2);23;microgrammi / metro cubo;54.0;V;
31/12/2015;17:00;13;001272;805;Torino - Rebaudengo;04;Biossido di azoto (NO2);23;microgrammi / metro cubo;53.0;V;
31/12/2015;18:00;13;001272;805;Torino - Rebaudengo;04;Biossido di azoto (NO2);23;microgrammi / metro cubo;56.0;V;
31/12/2015;19:00;13;001272;805;Torino - Rebaudengo;04;Biossido di azoto (NO2);23;microgrammi / metro cubo;57.0;V;
31/12/2015;20:00;13;001272;805;Torino - Rebaudengo;04;Biossido di azoto (NO2);23;microgrammi / metro cubo;49.0;V;
31/12/2015;21:00;13;001272;805;Torino - Rebaudengo;04;Biossido di azoto (NO2);23;microgrammi / metro cubo;50.0;V;
31/12/2015;22:00;13;001272;805;Torino - Rebaudengo;04;Biossido di azoto (NO2);23;microgrammi / metro cubo;48.0;V;
31/12/2015;23:00;13;001272;805;Torino - Rebaudengo;04;Biossido di azoto (NO2);23;microgrammi / metro cubo;45.0;V;
31/12/2015;23:59;13;001272;805;Torino - Rebaudengo;04;Biossido di azoto (NO2);23;microgrammi / metro cubo;45.0;V;
